 # Higgs mass and width values (CPGH) as computed by HTO v1.1
 #  MASS [GeV]    WIDTH [GeV]
      50.0       0.001993048784
      50.5       0.001987425714
      51.0       0.001982006158
      51.5       0.001976790523
      52.0       0.001971779188
      52.5       0.001966972503
      53.0       0.001962370796
      53.5       0.001957974371
      54.0       0.001953783510
      54.5       0.001949798477
      55.0       0.001946019518
      55.5       0.001942446861
      56.0       0.001939080720
      56.5       0.001935921296
      57.0       0.001932968774
      57.5       0.001930223328
      58.0       0.001927685122
      58.5       0.001925354307
      59.0       0.001923231027
      59.5       0.001921315416
      60.0       0.001919607598
      60.5       0.001918107691
      61.0       0.001916815805
      61.5       0.001915732044
      62.0       0.001914856504
      62.5       0.001914189277
      63.0       0.001913730449
      63.5       0.001913480099
      64.0       0.001913438305
      64.5       0.001913605137
      65.0       0.001913980662
      65.5       0.001914564944
      66.0       0.001915358042
      66.5       0.001916360013
      67.0       0.001917570909
      67.5       0.001918990780
      68.0       0.001920619675
      68.5       0.001922457636
      69.0       0.001924504708
      69.5       0.001926760928
      70.0       0.001929226335
      70.5       0.001931900964
      71.0       0.001934784849
      71.5       0.001937878022
      72.0       0.001941180513
      72.5       0.001944692351
      73.0       0.001948413562
      73.5       0.001952344173
      74.0       0.001956484207
      74.5       0.001960833688
      75.0       0.001965392637
      75.5       0.001970161076
      76.0       0.001975139024
      76.5       0.001980326499
      77.0       0.001985723520
      77.5       0.001991330103
      78.0       0.001997146265
      78.5       0.002003172021
      79.0       0.002009407385
      79.5       0.002015852371
      80.0       0.002022506992
      80.5       0.002029371262
      81.0       0.002036445191
      81.5       0.002043728792
      82.0       0.002051222074
      82.5       0.002058925049
      83.0       0.002066837727
      83.5       0.002074960116
      84.0       0.002083292225
      84.5       0.002091834064
      85.0       0.002100585641
      85.5       0.002109546962
      86.0       0.002118718037
      86.5       0.002128098871
      87.0       0.002137689471
      87.5       0.002147489845
      88.0       0.002157499999
      88.5       0.002167719937
      89.0       0.002178149667
      89.5       0.002188789193
      90.0       0.002199638521
      90.5       0.002210697655
      91.0       0.002221966601
      91.5       0.002233445364
      92.0       0.002245133946
      92.5       0.002257032354
      93.0       0.002269140590
      93.5       0.002281458659
      94.0       0.002293986564
      94.5       0.002306724310
      95.0       0.002319671898
      95.5       0.002332828339
      96.0       0.002346188665
      96.5       0.002359746913
      97.0       0.002373497122
      97.5       0.002387433329
      98.0       0.002401549570
      98.5       0.002415839884
      99.0       0.002430298307
      99.5       0.002444918876
     100.0       0.002459695628
     100.5       0.002474627570
     101.0       0.002489733593
     101.5       0.002505037562
     102.0       0.002520563339
     102.5       0.002536334786
     103.0       0.002552375769
     103.5       0.002568710151
     104.0       0.002585361794
     104.5       0.002602354565
     105.0       0.002619712326
     105.5       0.002637460047
     106.0       0.002655627118
     106.5       0.002674244036
     107.0       0.002693341296
     107.5       0.002712949393
     108.0       0.002733098825
     108.5       0.002753820087
     109.0       0.002775143676
     109.5       0.002797100088
     110.0       0.002819719819
     110.5       0.002843033972
     111.0       0.002867076073
     111.5       0.002891880254
     112.0       0.002917480648
     112.5       0.002943911386
     113.0       0.002971206600
     113.5       0.002999400423
     114.0       0.003028526988
     114.5       0.003058620425
     115.0       0.003089714868
     115.5       0.003121850918
     116.0       0.003155095052
     116.5       0.003189520220
     117.0       0.003225199369
     117.5       0.003262205446
     118.0       0.003300611399
     118.5       0.003340490177
     119.0       0.003381914727
     119.5       0.003424957997
     120.0       0.003469692933
     120.5       0.003516195996
     121.0       0.003564557690
     121.5       0.003614872031
     122.0       0.003667233036
     122.5       0.003721734720
     123.0       0.003778471098
     123.5       0.003837536186
     124.0       0.003899023998
     124.5       0.003963028549
     125.0       0.004029643852
     125.5       0.004098973400
     126.0       0.004171158600
     126.5       0.004246350340
     127.0       0.004324699505
     127.5       0.004406356980
     128.0       0.004491473649
     128.5       0.004580200396
     129.0       0.004672688101
     129.5       0.004769087645
     130.0       0.004869549907
     130.5       0.004974234329
     131.0       0.005083334600
     131.5       0.005197052973
     132.0       0.005315591698
     132.5       0.005439153023
     133.0       0.005567939193
     133.5       0.005702152451
     134.0       0.005841995039
     134.5       0.005987669193
     135.0       0.006139377151
     135.5       0.006297407387
     136.0       0.006462393347
     136.5       0.006635054710
     137.0       0.006816111147
     137.5       0.007006282316
     138.0       0.007206287869
     138.5       0.007416847439
     139.0       0.007638680650
     139.5       0.007872507110
     140.0       0.008119046412
     140.5       0.008378974532
     141.0       0.008652793037
     141.5       0.008940959880
     142.0       0.009243933001
     142.5       0.009562170323
     143.0       0.009896129754
     143.5       0.010246269184
     144.0       0.010613046488
     144.5       0.010996919521
     145.0       0.011398346123
     145.5       0.011818602045
     146.0       0.012262234696
     146.5       0.012734609258
     147.0       0.013241090722
     147.5       0.013787043861
     148.0       0.014377833202
     148.5       0.015018822986
     149.0       0.015715377134
     149.5       0.016472859200
     150.0       0.017296632331
     150.5       0.018191890196
     151.0       0.019163149903
     151.5       0.020214759047
     152.0       0.021351064700
     152.5       0.022576413365
     153.0       0.023895150942
     153.5       0.025311622680
     154.0       0.026830173145
     154.5       0.028455146169
     155.0       0.030190884819
     155.5       0.032069991612
     156.0       0.034238101761
     156.5       0.036869085530
     157.0       0.040136775465
     157.5       0.044214950619
     158.0       0.049277316232
     158.5       0.055497479288
     159.0       0.063048920290
     159.5       0.072104961611
     160.0       0.082838732728
     160.5       0.095348115502
     161.0       0.109592691830
     161.5       0.124787962775
     162.0       0.141182127317
     162.5       0.158324105634
     163.0       0.175932115739
     163.5       0.193729479147
     164.0       0.211440292473
     164.5       0.228788980872
     165.0       0.245500214672
     165.5       0.261360815002
     166.0       0.276405452195
     166.5       0.290730623777
     167.0       0.304432702772
     167.5       0.317607955922
     168.0       0.330352558745
     168.5       0.342762607971
     169.0       0.354934131684
     169.5       0.366963097426
     170.0       0.378945418450
     170.5       0.390958021564
     171.0       0.403002057767
     171.5       0.415059744427
     172.0       0.427113306096
     172.5       0.439144974042
     173.0       0.451136985802
     173.5       0.463071584651
     174.0       0.474931019147
     174.5       0.486697542606
     175.0       0.498353412574
     175.5       0.509904604584
     176.0       0.521451938534
     176.5       0.533119908834
     177.0       0.545032967633
     177.5       0.557315524590
     178.0       0.570091944817
     178.5       0.583486545105
     179.0       0.597623588565
     179.5       0.612627277769
     180.0       0.628621746538
     180.5       0.645688930644
     181.0       0.663742245061
     181.5       0.682653025170
     182.0       0.702292667706
     182.5       0.748953081286
     183.0       0.745289612059
     183.5       0.765043267017
     184.0       0.785939855924
     184.5       0.807133739142
     185.0       0.828361778688
     185.5       0.849478245704
     186.0       0.870457186059
     186.5       0.891305043980
     187.0       0.912031881201
     187.5       0.932649456836
     188.0       0.953170400234
     188.5       0.973607817990
     189.0       0.993975092415
     189.5       1.014285771648
     190.0       1.034553506660
     190.5       1.054786962298
     191.0       1.074974644929
     191.5       1.095100049526
     192.0       1.115146701395
     192.5       1.135098148680
     193.0       1.154937957060
     193.5       1.174649705882
     194.0       1.194216985274
     194.5       1.213623393925
     195.0       1.232852537331
     195.5       1.251897446550
     196.0       1.270788831448
     196.5       1.289566809373
     197.0       1.308271484305
     197.5       1.326942947674
     198.0       1.345621279058
     198.5       1.364346546728
     199.0       1.383158808078
     199.5       1.402098109906
     200.0       1.421204488579
     200.5       1.440259546266
     201.0       1.459338278623
     201.5       1.478439039188
     202.0       1.497564670076
     202.5       1.516718013404
     203.0       1.535901911287
     203.5       1.555119205842
     204.0       1.574372739184
     204.5       1.593665353430
     205.0       1.612999890694
     205.5       1.632379193095
     206.0       1.651806102746
     206.5       1.671283461765
     207.0       1.690814112268
     207.5       1.710400896369
     208.0       1.730046656186
     208.5       1.749754233835
     209.0       1.769526471430
     209.5       1.789366211089
     210.0       1.809276294927
     210.5       1.829259565061
     211.0       1.849318863606
     211.5       1.869457032678
     212.0       1.889676914393
     212.5       1.909981350867
     213.0       1.930373184217
     213.5       1.950855256558
     214.0       1.971430410006
     214.5       1.992101486677
     215.0       2.012871328688
     215.5       2.033742778153
     216.0       2.054718677190
     216.5       2.075801867914
     217.0       2.096995192441
     217.5       2.118301492887
     218.0       2.139723611368
     218.5       2.161264390000
     219.0       2.182926670900
     219.5       2.204713296182
     220.0       2.226627107964
     220.5       2.248670948360
     221.0       2.270847659488
     221.5       2.293160083462
     222.0       2.315611062400
     222.5       2.338203438417
     223.0       2.360940053628
     223.5       2.383823750151
     224.0       2.406857370100
     224.5       2.430043755593
     225.0       2.453385748744
     225.5       2.476886191671
     226.0       2.500547926488
     226.5       2.524373795312
     227.0       2.548366640259
     227.5       2.572529303445
     228.0       2.596864626986
     228.5       2.621375452998
     229.0       2.646064623596
     229.5       2.670934980898
     230.0       2.695989367018
     230.5       2.721230624073
     231.0       2.746661594179
     231.5       2.772285119452
     232.0       2.798104042007
     232.5       2.824121203961
     233.0       2.850339447430
     233.5       2.876761614530
     234.0       2.903390547377
     234.5       2.930229088086
     235.0       2.957280078774
     235.5       2.984546361556
     236.0       3.012030778550
     236.5       3.039736171870
     237.0       3.067665383632
     237.5       3.095821255954
     238.0       3.124206630950
     238.5       3.152824350736
     239.0       3.181677257430
     239.5       3.210768193146
     240.0       3.241480082635
     240.5       3.271046392520
     241.0       3.300781414095
     241.5       3.330685759818
     242.0       3.360760036475
     242.5       3.391004747426
     243.0       3.421420551511
     243.5       3.452007991899
     244.0       3.482767619556
     244.5       3.513700041028
     245.0       3.544805786487
     245.5       3.576085395472
     246.0       3.607539483073
     246.5       3.639168582178
     247.0       3.670973207130
     247.5       3.702953955111
     248.0       3.735111303247
     248.5       3.767445851960
     249.0       3.799958050859
     249.5       3.832648550050
     250.0       3.865517778412
     250.5       3.898566282652
     251.0       3.931794619550
     251.5       3.965203261796
     252.0       3.998792761495
     252.5       4.032563618185
     253.0       4.066516346117
     253.5       4.100651463152
     254.0       4.134969452001
     254.5       4.169470827719
     255.0       4.204156091272
     255.5       4.239025728715
     256.0       4.274080261568
     256.5       4.309320181310
     257.0       4.344745957960
     257.5       4.380358090709
     258.0       4.416157054951
     258.5       4.452143374716
     259.0       4.488317479444
     259.5       4.524679891090
     260.0       4.561231111802
     260.5       4.597971545236
     261.0       4.634901667648
     261.5       4.672022036362
     262.0       4.709333071426
     262.5       4.746835235290
     263.0       4.784529020340
     263.5       4.822414825913
     264.0       4.860493232086
     264.5       4.898764589724
     265.0       4.937229433990
     265.5       4.975888197724
     266.0       5.014741367323
     266.5       5.053789347509
     267.0       5.093032632674
     267.5       5.132471634104
     268.0       5.172106847109
     268.5       5.211938706522
     269.0       5.251967676919
     269.5       5.292194163769
     270.0       5.332618655163
     270.5       5.373241582710
     271.0       5.414063391339
     271.5       5.455084536663
     272.0       5.496305431378
     272.5       5.537726531328
     273.0       5.579348273552
     273.5       5.621171082520
     274.0       5.663195437521
     274.5       5.705421732187
     275.0       5.747850414040
     275.5       5.790481915367
     276.0       5.833316653523
     276.5       5.876355091585
     277.0       5.919597683843
     277.5       5.963044760953
     278.0       6.006696797634
     278.5       6.050554299819
     279.0       6.094617567391
     279.5       6.138887071944
     280.0       6.183363300458
     280.5       6.228046596755
     281.0       6.272937399826
     281.5       6.318036133531
     282.0       6.363343268947
     282.5       6.408859126505
     283.0       6.454584207890
     283.5       6.500518946202
     284.0       6.546663670475
     284.5       6.593018811202
     285.0       6.639584823159
     285.5       6.686362128014
     286.0       6.733351166084
     286.5       6.780552258946
     287.0       6.827965846728
     287.5       6.875592394284
     288.0       6.923432257028
     288.5       6.971485863044
     289.0       7.019753622197
     289.5       7.068235940414
     290.0       7.116933226079
     290.5       7.165845886800
     291.0       7.214974326479
     291.5       7.264318952282
     292.0       7.313880166690
     292.5       7.363658375682
     293.0       7.413653979196
     293.5       7.463867383994
     294.0       7.514298989823
     294.5       7.564949195698
     295.0       7.615818406499
     295.5       7.666907049815
     296.0       7.718215434594
     296.5       7.769744079828
     297.0       7.821493265045
     297.5       7.873463475496
     298.0       7.925655109650
     298.5       7.978068504076
     299.0       8.030704082686
     299.5       8.083562241789
     300.0       8.136643375900
     300.5       8.189947880098
     301.0       8.243476145599
     301.5       8.297228536139
     302.0       8.351205504854
     302.5       8.405407413032
     303.0       8.459834652156
     303.5       8.514487646307
     304.0       8.569366686755
     304.5       8.624472261034
     305.0       8.679804760013
     305.5       8.735364504929
     306.0       8.791151917567
     306.5       8.847167385570
     307.0       8.903411297366
     307.5       8.959884037451
     308.0       9.016585993054
     308.5       9.073517549904
     309.0       9.130679094592
     309.5       9.188071009430
     310.0       9.245693680020
     310.5       9.303547491262
     311.0       9.361632824271
     311.5       9.419950063206
     312.0       9.478499590518
     312.5       9.537281788095
     313.0       9.596297037760
     313.5       9.655545720481
     314.0       9.715028218217
     314.5       9.774744908726
     315.0       9.834696208513
     315.5       9.894882425298
     316.0       9.955303942043
     316.5      10.015961202830
     317.0      10.076854552405
     317.5      10.137984368549
     318.0      10.199351028553
     318.5      10.260954910489
     319.0      10.322796423868
     319.5      10.384875875064
     320.0      10.447193639260
     320.5      10.509750163216
     321.0      10.572545823410
     321.5      10.635580919571
     322.0      10.698855861946
     322.5      10.762371027689
     323.0      10.826126749533
     323.5      10.890123512097
     324.0      10.954361540033
     324.5      11.018841316526
     325.0      11.083563213827
     325.5      11.148527529501
     326.0      11.213734669355
     326.5      11.279185005155
     327.0      11.344878907022
     327.5      11.410816743462
     328.0      11.476998886518
     328.5      11.543425705147
     329.0      11.610097565423
     329.5      11.677014836981
     330.0      11.744177887732
     330.5      11.811587085138
     331.0      11.879242796279
     331.5      11.947145388274
     332.0      12.015295227226
     332.5      12.083692679511
     333.0      12.152338110688
     333.5      12.221231886065
     334.0      12.290374370856
     334.5      12.359765929406
     335.0      12.429406926293
     335.5      12.499297763260
     336.0      12.569438688566
     336.5      12.639830223207
     337.0      12.710472568906
     337.5      12.781366248618
     338.0      12.852511464682
     338.5      12.923908697594
     339.0      12.995558271588
     339.5      13.067460546345
     340.0      13.139615882793
     340.5      13.212024682176
     341.0      13.284687181315
     341.5      13.357603904849
     342.0      13.430775046349
     342.5      13.504201089501
     343.0      13.577882392172
     343.5      13.651819231284
     344.0      13.726011963148
     344.5      13.800461072527
     345.0      13.875166745130
     345.5      13.950129511727
     346.0      14.025349599117
     346.5      14.122374766272
     347.0      14.230291600159
     347.5      14.338818481375
     348.0      14.447781869239
     348.5      14.557041720197
     349.0      14.666489317025
     349.5      14.776043337429
     350.0      14.885645290820
     350.5      14.995255098185
     351.0      15.104846933062
     351.5      15.214406046896
     352.0      15.323926015279
     352.5      15.433406409406
     353.0      15.542851088256
     353.5      15.652267077184
     354.0      15.761663635624
     354.5      15.871051137359
     355.0      15.980440951533
     355.5      16.089844830377
     356.0      16.199274661531
     356.5      16.308742258128
     357.0      16.418259217826
     357.5      16.527836811430
     358.0      16.637485973961
     358.5      16.747217082849
     359.0      16.857040146686
     359.5      16.966964802836
     360.0      17.077000150081
     360.5      17.187154744742
     361.0      17.297436839076
     361.5      17.407854212614
     362.0      17.518414249890
     362.5      17.629123938536
     363.0      17.739989904717
     363.5      17.851018424222
     364.0      17.962215442123
     364.5      18.073586596257
     365.0      18.185137226597
     365.5      18.296872397969
     366.0      18.408796927548
     366.5      18.520915331995
     367.0      18.633232041249
     367.5      18.745750993492
     368.0      18.858476222348
     368.5      18.971411487366
     369.0      19.084560148216
     369.5      19.197925699884
     370.0      19.311511370871
     370.5      19.425320128477
     371.0      19.539354892966
     371.5      19.653618412345
     372.0      19.768113467105
     372.5      19.882842454101
     373.0      19.997807831634
     373.5      20.113011912398
     374.0      20.228456902873
     374.5      20.344144918489
     375.0      20.460077985371
     375.5      20.576258022521
     376.0      20.692686924520
     376.5      20.809366458556
     377.0      20.926298346045
     377.5      21.043484247592
     378.0      21.160925647321
     378.5      21.278624107929
     379.0      21.396581174981
     379.5      21.514798114550
     380.0      21.633276320361
     380.5      21.752017168501
     381.0      21.871021832431
     381.5      21.990291499851
     382.0      22.109827353293
     382.5      22.229630538885
     383.0      22.349702190576
     383.5      22.470043258046
     384.0      22.590654748947
     384.5      22.711537685816
     385.0      22.832693011323
     385.5      22.954121607098
     386.0      23.075824353606
     386.5      23.197802139313
     387.0      23.320055790216
     387.5      23.442586076792
     388.0      23.565393791795
     388.5      23.688479688780
     389.0      23.811844545484
     389.5      23.935488978687
     390.0      24.059413704316
     390.5      24.183619397616
     391.0      24.308106804175
     391.5      24.432876424179
     392.0      24.557928923102
     392.5      24.683264851461
     393.0      24.808884935632
     393.5      24.934789582240
     394.0      25.060979424613
     394.5      25.187454952962
     395.0      25.314216755936
     395.5      25.441265344413
     396.0      25.568601158223
     396.5      25.696224728966
     397.0      25.824136500602
     397.5      25.952336936479
     398.0      26.080826544995
     398.5      26.209605699014
     399.0      26.338674906243
     399.5      26.468034533423
     400.0      26.597684999400
     400.5      26.727626765198
     401.0      26.857860154704
     401.5      26.988385635061
     402.0      27.119203533023
     402.5      27.250314272243
     403.0      27.381718126689
     403.5      27.513415584085
     404.0      27.645406920415
     404.5      27.777692482287
     405.0      27.910272605713
     405.5      28.043147634606
     406.0      28.176317943212
     406.5      28.309783807899
     407.0      28.443545580650
     407.5      28.577603634221
     408.0      28.711958071988
     408.5      28.846609438609
     409.0      28.981557843861
     409.5      29.116803680465
     410.0      29.252347165161
     410.5      29.388188744680
     411.0      29.524328561022
     411.5      29.660766903871
     412.0      29.797504066252
     412.5      29.934540320519
     413.0      30.071875935344
     413.5      30.209511168972
     414.0      30.347446288954
     414.5      30.485681546913
     415.0      30.624217198707
     415.5      30.763053474046
     416.0      30.902190663517
     416.5      31.041628991390
     417.0      31.181368700311
     417.5      31.321410051768
     418.0      31.461753240243
     418.5      31.602398520395
     419.0      31.743346106976
     419.5      31.884596271797
     420.0      32.026149243711
     420.5      32.168005202706
     421.0      32.310164433733
     421.5      32.452627026906
     422.0      32.595393378747
     422.5      32.738463661461
     423.0      32.881837912810
     423.5      33.025516596792
     424.0      33.169499855837
     424.5      33.313787722381
     425.0      33.458380711761
     425.5      33.603278763602
     426.0      33.748482235023
     426.5      33.893991179424
     427.0      34.039805988660
     427.5      34.185926865745
     428.0      34.332353821602
     428.5      34.479087210896
     429.0      34.626127132607
     429.5      34.773473883270
     430.0      34.921127562813
     430.5      35.069088434605
     431.0      35.217356696523
     431.5      35.365932467473
     432.0      35.514816034689
     432.5      35.664007490207
     433.0      35.813507099901
     433.5      35.963315050300
     434.0      36.113431454207
     434.5      36.263856599244
     435.0      36.414590594080
     435.5      36.565633627732
     436.0      36.716985926510
     436.5      36.868647682458
     437.0      37.020618997389
     437.5      37.172900131315
     438.0      37.325491321889
     438.5      37.478392518754
     439.0      37.631604108893
     439.5      37.785126210273
     440.0      37.938959000632
     440.5      38.093102657282
     441.0      38.247557421319
     441.5      38.402323273736
     442.0      38.557400653702
     442.5      38.712789471541
     443.0      38.868490095588
     443.5      39.024502638886
     444.0      39.180827272354
     444.5      39.337464232431
     445.0      39.494413563695
     445.5      39.651675435079
     446.0      39.809250214224
     446.5      39.967137876811
     447.0      40.125338588036
     447.5      40.283852653350
     448.0      40.442680176778
     448.5      40.601821390534
     449.0      40.761276331929
     449.5      40.921045231653
     450.0      41.081128259219
     450.5      41.241525583543
     451.0      41.402237364227
     451.5      41.563263776561
     452.0      41.724604978891
     452.5      41.886261139067
     453.0      42.048232421576
     453.5      42.210518990891
     454.0      42.373121010986
     454.5      42.536038645581
     455.0      42.699272057944
     455.5      42.862821408696
     456.0      43.026686864797
     456.5      43.190868586255
     457.0      43.355366735171
     457.5      43.520181472651
     458.0      43.685312957712
     458.5      43.850761355871
     459.0      44.016526825287
     459.5      44.182609523860
     460.0      44.349009613701
     460.5      44.515727256619
     461.0      44.682762607264
     461.5      44.850115829106
     462.0      45.017787075997
     462.5      45.185776511254
     463.0      45.354084287738
     463.5      45.522710638293
     464.0      45.691655504948
     464.5      45.860919330562
     465.0      46.030502056020
     465.5      46.200403837309
     466.0      46.370624976999
     466.5      46.541165631823
     467.0      46.712025809696
     467.5      46.883205739656
     468.0      47.054705502263
     468.5      47.226525401151
     469.0      47.398665590932
     469.5      47.571126001450
     470.0      47.743907084175
     470.5      47.917008696453
     471.0      48.090431291168
     471.5      48.264174794574
     472.0      48.438239435041
     472.5      48.612625364778
     473.0      48.787332734135
     473.5      48.962361696665
     474.0      49.137712406838
     474.5      49.313384933481
     475.0      49.489379665366
     475.5      49.665696517997
     476.0      49.842335717027
     476.5      50.019297338843
     477.0      50.196581764365
     477.5      50.374188910037
     478.0      50.552118926885
     478.5      50.730372117407
     479.0      50.908948553648
     479.5      51.087848384280
     480.0      51.267071840445
     480.5      51.446618904520
     481.0      51.626489806920
     481.5      51.806684695019
     482.0      51.987203715695
     482.5      52.168047015678
     483.0      52.349214739355
     483.5      52.530707040337
     484.0      52.712524054252
     484.5      52.894665937282
     485.0      53.077132824192
     485.5      53.259924867702
     486.0      53.443042210303
     486.5      53.626484996133
     487.0      53.810253366948
     487.5      53.994347471872
     488.0      54.178767451864
     488.5      54.363513449661
     489.0      54.548585606373
     489.5      54.733984069452
     490.0      54.919708975901
     490.5      55.105760473341
     491.0      55.292138698067
     491.5      55.478843794031
     492.0      55.665875905004
     492.5      55.853235169290
     493.0      56.040921724618
     493.5      56.228935716680
     494.0      56.417277279548
     494.5      56.605946555826
     495.0      56.794943684246
     495.5      56.984268806939
     496.0      57.173922056676
     496.5      57.363903574682
     497.0      57.554213498572
     497.5      57.744851966206
     498.0      57.935819114537
     498.5      58.127115080833
     499.0      58.318740001125
     499.5      58.510694012309
     500.0      58.702977249811
     500.5      58.895589849190
     501.0      59.088531946149
     501.5      59.281803675083
     502.0      59.475405170709
     502.5      59.669336567328
     503.0      59.863597998665
     503.5      60.058189595196
     504.0      60.253111496002
     504.5      60.448363831114
     505.0      60.643946729746
     505.5      60.839860329950
     506.0      61.036104760295
     506.5      61.232680149753
     507.0      61.429586726311
     507.5      61.626824431954
     508.0      61.824393398904
     508.5      62.022293944038
     509.0      62.220526099516
     509.5      62.419089999846
     510.0      62.617985768034
     510.5      62.817213538562
     511.0      63.016773527318
     511.5      63.216665680356
     512.0      63.416890118269
     512.5      63.617447159540
     513.0      63.818336930938
     513.5      64.019559277489
     514.0      64.221114698460
     514.5      64.423002941503
     515.0      64.625224513347
     515.5      64.827779158590
     516.0      65.030667279919
     516.5      65.233889013983
     517.0      65.437444282017
     517.5      65.641333208871
     518.0      65.845556108549
     518.5      66.050113012357
     519.0      66.255004041701
     519.5      66.460229311796
     520.0      66.665788943830
     520.5      66.871683063855
     521.0      67.077911888628
     521.5      67.284475339486
     522.0      67.491373534831
     522.5      67.698606789546
     523.0      67.906175228802
     523.5      68.114078667080
     524.0      68.322317623062
     524.5      68.530891808328
     525.0      68.739801749597
     525.5      68.949047151510
     526.0      69.158628542976
     526.5      69.368545625244
     527.0      69.578798825478
     527.5      69.789388252456
     528.0      70.000313821944
     528.5      70.211575745919
     529.0      70.423174031809
     529.5      70.635109001624
     530.0      70.847380664688
     530.5      71.059989135884
     531.0      71.272934519919
     531.5      71.486217036182
     532.0      71.699836588820
     532.5      71.913793385495
     533.0      72.128087433678
     533.5      72.342719053420
     534.0      72.557688357506
     534.5      72.772995128614
     535.0      72.988639796798
     535.5      73.204622469448
     536.0      73.420942932606
     536.5      73.637601724569
     537.0      73.854598510737
     537.5      74.071933733394
     538.0      74.289607487693
     538.5      74.507619555869
     539.0      74.725970367334
     539.5      74.944660026552
     540.0      75.163688414461
     540.5      75.383055639107
     541.0      75.602762018925
     541.5      75.822807545384
     542.0      76.043192316534
     542.5      76.263916442782
     543.0      76.484980013753
     543.5      76.706383128655
     544.0      76.928125893867
     544.5      77.150208401007
     545.0      77.372630866728
     545.5      77.595393161090
     546.0      77.818495492666
     546.5      78.041937841483
     547.0      78.265720650193
     547.5      78.489843671153
     548.0      78.714306994309
     548.5      78.939111060542
     549.0      79.164255509633
     549.5      79.389740890788
     550.0      79.615566832567
     550.5      79.841733892488
     551.0      80.068241703276
     551.5      80.295090812983
     552.0      80.522280854657
     552.5      80.749812260213
     553.0      80.977685124325
     553.5      81.205899301508
     554.0      81.434454883400
     554.5      81.663352186413
     555.0      81.892591187449
     555.5      82.122172082194
     556.0      82.352094733903
     556.5      82.582359336295
     557.0      82.812965978549
     557.5      83.043914749245
     558.0      83.275205725402
     558.5      83.506838990849
     559.0      83.738814639730
     559.5      83.971132623213
     560.0      84.203793268651
     560.5      84.436796537346
     561.0      84.670142632089
     561.5      84.903831389594
     562.0      85.137862889311
     562.5      85.372237455509
     563.0      85.606955168208
     563.5      85.842015735630
     564.0      86.077419726105
     564.5      86.313166728795
     565.0      86.549257188690
     565.5      86.785691182743
     566.0      87.022468412158
     566.5      87.259589326046
     567.0      87.497054000364
     567.5      87.734862127353
     568.0      87.973014292108
     568.5      88.211510185006
     569.0      88.450349873509
     569.5      88.689533817840
     570.0      88.929061700742
     570.5      89.168933598775
     571.0      89.409149833949
     571.5      89.649710347666
     572.0      89.890615334167
     572.5      90.131864611533
     573.0      90.373458368571
     573.5      90.615396675380
     574.0      90.857679602499
     574.5      91.100307208497
     575.0      91.343279566127
     575.5      91.586596735886
     576.0      91.830258778386
     576.5      92.074265760729
     577.0      92.318617749798
     577.5      92.563314667758
     578.0      92.808356848712
     578.5      93.053744213483
     579.0      93.299476960279
     579.5      93.545554886408
     580.0      93.791978042600
     580.5      94.038746759087
     581.0      94.285861094716
     581.5      94.533320703428
     582.0      94.781126050424
     582.5      95.029277180366
     583.0      95.277773758914
     583.5      95.526616371741
     584.0      95.775804533020
     584.5      96.025338842731
     585.0      96.275218807380
     585.5      96.525445031533
     586.0      96.776017005971
     586.5      97.026935349483
     587.0      97.278199548138
     587.5      97.529810071109
     588.0      97.781766969355
     588.5      98.034069874370
     589.0      98.286719251972
     589.5      98.539715150829
     590.0      98.793057334450
     590.5      99.046745857226
     591.0      99.300781041534
     591.5      99.555162934117
     592.0      99.809891292686
     592.5     100.064966315720
     593.0     100.320387887387
     593.5     100.576156347576
     594.0     100.832271592204
     594.5     101.088733659040
     595.0     101.345542597511
     595.5     101.602698444045
     596.0     101.860201237935
     596.5     102.118051018952
     597.0     102.376247821265
     597.5     102.634791691893
     598.0     102.893682658528
     598.5     103.152920913078
     599.0     103.412506195721
     599.5     103.672438687770
     600.0     103.932718418878
     600.5     104.193345281497
     601.0     104.454319607117
     601.5     104.715641420528
     602.0     104.977310468203
     602.5     105.239326775997
     603.0     105.501690667027
     603.5     105.764402177818
     604.0     106.027460894374
     604.5     106.290867284463
     605.0     106.554621387543
     605.5     106.818722770637
     606.0     107.083172072021
     606.5     107.347968857576
     607.0     107.613113157579
     607.5     107.878605455172
     608.0     108.144445159788
     608.5     108.410632912572
     609.0     108.677168118662
     609.5     108.944051415970
     610.0     109.211282368108
     610.5     109.478860995150
     611.0     109.746787780174
     611.5     110.015062126671
     612.0     110.283684676568
     612.5     110.552654976066
     613.0     110.821973051701
     613.5     111.091639373091
     614.0     111.361653510283
     614.5     111.632015458797
     615.0     111.902725566759
     615.5     112.173783835440
     616.0     112.445189970080
     616.5     112.716943983594
     617.0     112.989046204480
     617.5     113.261496487826
     618.0     113.534295003425
     618.5     113.807441446222
     619.0     114.080935984284
     619.5     114.354778467799
     620.0     114.628969225660
     620.5     114.903508106694
     621.0     115.178395119209
     621.5     115.453630269831
     622.0     115.729213560613
     622.5     116.005145011709
     623.0     116.281424609661
     623.5     116.558052373438
     624.0     116.835028301849
     624.5     117.112352398347
     625.0     117.390024665602
     625.5     117.668045105851
     626.0     117.946413715425
     626.5     118.225130505102
     627.0     118.504195469033
     627.5     118.783608603105
     628.0     119.063369915187
     628.5     119.343479398657
     629.0     119.623937050607
     629.5     119.904742862958
     630.0     120.185896842020
     630.5     120.467398978277
     631.0     120.749249261528
     631.5     121.031447695527
     632.0     121.313994264246
     632.5     121.596888970287
     633.0     121.880131801023
     633.5     122.163722743038
     634.0     122.447661796868
     634.5     122.731948942909
     635.0     123.016584180326
     635.5     123.301567488956
     636.0     123.586898866456
     636.5     123.872578295535
     637.0     124.158605757743
     637.5     124.444981244562
     638.0     124.731704746795
     638.5     125.018776239027
     639.0     125.306195716020
     639.5     125.593963151385
     640.0     125.882078537683
     640.5     126.170541847356
     641.0     126.459353067284
     641.5     126.748512177534
     642.0     127.038019164926
     642.5     127.327873998342
     643.0     127.618076661665
     643.5     127.908627138625
     644.0     128.199525396637
     644.5     128.490771417509
     645.0     128.782365183654
     645.5     129.074306659579
     646.0     129.366595826112
     646.5     129.659232657180
     647.0     129.952217126396
     647.5     130.245549213297
     648.0     130.539228878257
     648.5     130.833256098985
     649.0     131.127630846957
     649.5     131.422353091878
     650.0     131.717422804034
     650.5     132.012839952285
     651.0     132.308604511180
     651.5     132.604716430718
     652.0     132.901175701791
     652.5     133.197982273189
     653.0     133.495136116325
     653.5     133.792637196987
     654.0     134.090485479085
     654.5     134.388680926575
     655.0     134.687223503540
     655.5     134.986113170929
     656.0     135.285349892095
     656.5     135.584933627269
     657.0     135.884864337537
     657.5     136.185141982926
     658.0     136.485766522580
     658.5     136.786737908987
     659.0     137.088056117414
     659.5     137.389721088448
     660.0     137.691732783837
     660.5     137.994091160183
     661.0     138.296796166766
     661.5     138.599847769312
     662.0     138.903245721325
     662.5     139.206990360443
     663.0     139.511081462077
     663.5     139.815518954481
     664.0     140.120303004148
     664.5     140.425433161511
     665.0     140.730909569046
     665.5     141.036732191515
     666.0     141.342900757471
     666.5     141.649415628786
     667.0     141.956276548949
     667.5     142.263483657922
     668.0     142.571036515682
     668.5     142.878935060830
     669.0     143.187179632076
     669.5     143.495769984805
     670.0     143.804706253704
     670.5     144.113987990259
     671.0     144.423615129754
     671.5     144.733588220303
     672.0     145.043906590322
     672.5     145.354570191509
     673.0     145.665579357123
     673.5     145.976934039210
     674.0     146.288633553037
     674.5     146.600678458916
     675.0     146.913068684622
     675.5     147.225803562572
     676.0     147.538883631480
     676.5     147.852308839607
     677.0     148.166078498009
     677.5     148.480193358593
     678.0     148.794652741715
     678.5     149.109456584714
     679.0     149.424605430397
     679.5     149.740098390650
     680.0     150.055936223635
     680.5     150.372118017615
     681.0     150.688644545183
     681.5     151.005514902775
     682.0     151.322729846158
     682.5     151.640288473309
     683.0     151.958191536099
     683.5     152.276438140273
     684.0     152.595029039154
     684.5     152.913963316243
     685.0     153.233241751074
     685.5     153.552863403973
     686.0     153.872829056786
     686.5     154.193137784320
     687.0     154.513790356515
     687.5     154.834785826071
     688.0     155.156124781231
     688.5     155.477807123584
     689.0     155.799832133765
     689.5     156.122200590573
     690.0     156.444911773279
     690.5     156.767965583678
     691.0     157.091362378490
     691.5     157.415101863697
     692.0     157.739183942251
     692.5     158.063608528718
     693.0     158.388375556262
     693.5     158.713484919061
     694.0     159.038936536546
     694.5     159.364730327960
     695.0     159.690866184900
     695.5     160.017344037828
     696.0     160.344163797435
     696.5     160.671325360107
     697.0     160.998828641875
     697.5     161.326673550512
     698.0     161.654859995373
     698.5     161.983387882251
     699.0     162.312257118073
     699.5     162.641467609320
     700.0     162.971019261404
     700.5     163.300911978655
     701.0     163.631145665861
     701.5     163.961720225804
     702.0     164.292635562646
     702.5     164.623891577199
     703.0     164.955488172074
     703.5     165.287425247920
     704.0     165.619702706123
     704.5     165.952320445357
     705.0     166.285278365630
     705.5     166.618576365885
     706.0     166.952214336404
     706.5     167.286192188787
     707.0     167.620509819584
     707.5     167.955167105245
     708.0     168.290163961319
     708.5     168.625500275576
     709.0     168.961175943671
     709.5     169.297190857539
     710.0     169.633544911899
     710.5     169.970237992681
     711.0     170.307270011404
     711.5     170.644640831836
     712.0     170.982350366807
     712.5     171.320398498122
     713.0     171.658785109256
     713.5     171.997510109847
     714.0     172.336573360727
     714.5     172.675974769905
     715.0     173.015714218329
     715.5     173.355791592261
     716.0     173.696206770145
     716.5     174.036959408454
     717.0     174.378049865599
     717.5     174.719478040460
     718.0     175.061243320325
     718.5     175.403345826526
     719.0     175.745785454119
     719.5     176.088562078802
     720.0     176.431675582629
     720.5     176.775125597252
     721.0     177.118912491878
     721.5     177.463035911981
     722.0     177.807495723006
     722.5     178.152291817188
     723.0     178.497424315050
     723.5     178.842892586958
     724.0     179.188696774366
     724.5     179.534836487679
     725.0     179.881312118022
     725.5     180.228123282195
     726.0     180.575270100379
     726.5     180.922751948777
     727.0     181.270568959650
     727.5     181.618720738690
     728.0     181.967207677899
     728.5     182.316029635292
     729.0     182.665185988864
     729.5     183.014676855358
     730.0     183.364501841933
     730.5     183.714661334926
     731.0     184.065155211332
     731.5     184.415982821448
     732.0     184.767144023369
     732.5     185.118639204452
     733.0     185.470468239485
     733.5     185.822630472596
     734.0     186.175125760378
     734.5     186.527954491255
     735.0     186.881116531065
     735.5     187.234610971690
     736.0     187.588438441436
     736.5     187.942598816194
     737.0     188.297091424151
     737.5     188.651916034486
     738.0     189.007073487736
     738.5     189.362562769575
     739.0     189.718383723607
     739.5     190.074537110454
     740.0     190.431021526227
     740.5     190.787837730845
     741.0     191.144985196993
     741.5     191.502464009311
     742.0     191.860273903839
     742.5     192.218414850464
     743.0     192.576886490888
     743.5     192.935688794882
     744.0     193.294821492921
     744.5     193.654284661284
     745.0     194.014078053964
     745.5     194.374201617054
     746.0     194.734654992935
     746.5     195.095438149606
     747.0     195.456550915995
     747.5     195.817993062892
     748.0     196.179764635690
     748.5     196.541865382670
     749.0     196.904295261896
     749.5     197.267053903767
     750.0     197.630141273152
     750.5     197.993557091449
     751.0     198.357301432935
     751.5     198.721374042916
     752.0     199.085774751303
     752.5     199.450503520832
     753.0     199.815559975902
     753.5     200.180944071596
     754.0     200.546655540528
     754.5     200.912694447887
     755.0     201.279060524324
     755.5     201.645753621854
     756.0     202.012773676419
     756.5     202.380120314791
     757.0     202.747793489498
     757.5     203.115792927651
     758.0     203.484118693217
     758.5     203.852770514126
     759.0     204.221748236557
     759.5     204.591051795728
     760.0     204.960680810786
     760.5     205.330635225067
     761.0     205.700914897732
     761.5     206.071519529152
     762.0     206.442448889939
     762.5     206.813703298655
     763.0     207.185282705617
     763.5     207.557185827199
     764.0     207.929413785296
     764.5     208.301965244446
     765.0     208.674840792350
     765.5     209.048040507128
     766.0     209.421563225006
     766.5     209.795409936810
     767.0     210.169579713800
     767.5     210.544072155846
     768.0     210.918888085088
     768.5     211.294026172663
     769.0     211.669486987505
     769.5     212.045270621733
     770.0     212.421375873220
     770.5     212.797803575562
     771.0     213.174553342965
     771.5     213.551624212915
     772.0     213.929016907187
     772.5     214.306731135753
     773.0     214.684766057543
     773.5     215.063122280621
     774.0     215.441799620504
     774.5     215.820797142807
     775.0     216.200115311053
     775.5     216.579754068435
     776.0     216.959712649358
     776.5     217.339990747577
     777.0     217.720589329809
     777.5     218.101507190034
     778.0     218.482744147659
     778.5     218.864300740836
     779.0     219.246176569333
     779.5     219.628370953744
     780.0     220.010883710442
     780.5     220.393715269314
     781.0     220.776865320645
     781.5     221.160333325688
     782.0     221.544118972304
     782.5     221.928222689920
     783.0     222.312644109221
     783.5     222.697382805304
     784.0     223.082438702365
     784.5     223.467811635535
     785.0     223.853501287458
     785.5     224.239507704197
     786.0     224.625830598272
     786.5     225.012469772149
     787.0     225.399425159035
     787.5     225.786696321870
     788.0     226.174283208110
     788.5     226.562185621071
     789.0     226.950403373071
     789.5     227.338936150562
     790.0     227.727783998734
     790.5     228.116946623634
     791.0     228.506423824731
     791.5     228.896215525575
     792.0     229.286321305202
     792.5     229.676741085539
     793.0     230.067474666165
     793.5     230.458521869719
     794.0     230.849882371660
     794.5     231.241556216059
     795.0     231.633543102964
     795.5     232.025842819707
     796.0     232.418455313270
     796.5     232.811380131710
     797.0     233.204617200977
     797.5     233.598166317660
     798.0     233.992027292875
     798.5     234.386199822584
     799.0     234.780683924282
     799.5     235.175479301214
     800.0     235.570585736634
     800.5     235.966003041598
     801.0     236.361731152007
     801.5     236.757769607037
     802.0     237.154118322671
     802.5     237.550777118606
     803.0     237.947745783790
     803.5     238.345023980773
     804.0     238.742611781223
     804.5     239.140508846651
     805.0     239.538714627209
     805.5     239.937229733741
     806.0     240.336053379133
     806.5     240.735185478160
     807.0     241.134625817399
     807.5     241.534374203133
     808.0     241.934430310050
     808.5     242.334794172721
     809.0     242.735465476197
     809.5     243.136444346300
     810.0     243.537729885416
     810.5     243.939322376137
     811.0     244.341221344002
     811.5     244.743426701017
     812.0     245.145938249871
     812.5     245.548755791598
     813.0     245.951879098418
     813.5     246.355307852600
     814.0     246.759042085076
     814.5     247.163081474987
     815.0     247.567425794980
     815.5     247.972074843535
     816.0     248.377028551513
     816.5     248.782286437627
     817.0     249.187848408667
     817.5     249.593714266709
     818.0     249.999883807011
     818.5     250.406356677438
     819.0     250.813132918958
     819.5     251.220212196286
     820.0     251.627594297405
     820.5     252.035278665607
     821.0     252.443265914526
     821.5     252.851555200908
     822.0     253.260146455547
     822.5     253.669039472131
     823.0     254.078234016182
     823.5     254.487729890832
     824.0     254.897526727934
     824.5     255.307624598739
     825.0     255.718023131829
     825.5     256.128722121864
     826.0     256.539721360540
     826.5     256.951020610673
     827.0     257.362619809501
     827.5     257.774518440295
     828.0     258.186716457950
     828.5     258.599213623230
     829.0     259.012009708174
     829.5     259.425104368240
     830.0     259.838497653906
     830.5     260.252189220027
     831.0     260.666178826289
     831.5     261.080466260980
     832.0     261.495051314466
     832.5     261.909933882273
     833.0     262.325113478303
     833.5     262.740590028482
     834.0     263.156363290275
     834.5     263.572433062083
     835.0     263.988799099034
     835.5     264.405461051915
     836.0     264.822418972271
     836.5     265.239672509112
     837.0     265.657221417200
     837.5     266.075065494301
     838.0     266.493204494035
     838.5     266.911638341079
     839.0     267.330366533504
     839.5     267.749388994344
     840.0     268.168705477188
     840.5     268.588315766860
     841.0     269.008219645594
     841.5     269.428416719064
     842.0     269.848907078882
     842.5     270.269690328091
     843.0     270.690766259494
     843.5     271.112134625931
     844.0     271.533795207988
     844.5     271.955747543552
     845.0     272.377991873845
     845.5     272.800527735759
     846.0     273.223355286751
     846.5     273.646473534804
     847.0     274.069882226702
     847.5     274.493581920156
     848.0     274.917571855992
     848.5     275.341852475613
     849.0     275.766422628173
     849.5     276.191282471678
     850.0     276.616431395856
     850.5     277.041869928707
     851.0     277.467598004558
     851.5     277.893614290143
     852.0     278.319918727420
     852.5     278.746511868134
     853.0     279.173393066975
     853.5     279.600562505375
     854.0     280.028019130682
     854.5     280.455762608593
     855.0     280.883793748648
     855.5     281.312112184518
     856.0     281.740716904055
     856.5     282.169608034001
     857.0     282.598784977516
     857.5     283.028248290636
     858.0     283.457997863401
     858.5     283.888032388132
     859.0     284.318351770571
     859.5     284.748956572874
     860.0     285.179846560761
     860.5     285.611020709697
     861.0     286.042478760478
     861.5     286.474221141588
     862.0     286.906247919234
     862.5     287.338557876664
     863.0     287.771150807746
     863.5     288.204027278628
     864.0     288.637186627905
     864.5     289.070628628636
     865.0     289.504353200275
     865.5     289.938359788895
     866.0     290.372648301877
     866.5     290.807218534449
     867.0     291.242070213931
     867.5     291.677203112211
     868.0     292.112616988981
     868.5     292.548311458536
     869.0     292.984286586159
     869.5     293.420541962262
     870.0     293.857077345419
     870.5     294.293892517713
     871.0     294.730987240008
     871.5     295.168361247912
     872.0     295.606014460198
     872.5     296.043946338529
     873.0     296.482156788994
     873.5     296.920645571481
     874.0     297.359412442475
     874.5     297.798457161190
     875.0     298.237779495760
     875.5     298.677379181280
     876.0     299.117255836009
     876.5     299.557409517501
     877.0     299.997839833916
     877.5     300.438546539898
     878.0     300.879529393356
     878.5     301.320788149905
     879.0     301.762322567156
     879.5     302.204132411123
     880.0     302.646217566209
     880.5     303.088577498051
     881.0     303.531212101281
     881.5     303.974121166814
     882.0     304.417304413730
     882.5     304.860761172262
     883.0     305.304492070595
     883.5     305.748496864644
     884.0     306.192773844232
     884.5     306.637324817849
     885.0     307.082148076363
     885.5     307.527243369815
     886.0     307.972611782905
     886.5     308.418251715433
     887.0     308.864162967847
     887.5     309.310346579084
     888.0     309.756800693707
     888.5     310.203526114412
     889.0     310.650522715194
     889.5     311.097788921722
     890.0     311.545326279016
     890.5     311.993133201045
     891.0     312.441209450938
     891.5     312.889556087722
     892.0     313.338170945610
     892.5     313.787055416818
     893.0     314.236209100222
     893.5     314.685630413262
     894.0     315.135320885702
     894.5     315.585278488984
     895.0     316.035504311486
     895.5     316.485998104353
     896.0     316.936758277719
     896.5     317.387786527273
     897.0     317.839080950417
     897.5     318.290641451805
     898.0     318.742469128234
     898.5     319.194561933638
     899.0     319.646921415500
     899.5     320.099545525538
     900.0     320.552435363562
     900.5     321.005590679382
     901.0     321.459009714298
     901.5     321.912694334451
     902.0     322.366642339487
     902.5     322.820854796960
     903.0     323.275331054224
     903.5     323.730070810636
     904.0     324.185073851115
     904.5     324.640339925985
     905.0     325.095868758010
     905.5     325.551660267201
     906.0     326.007713885369
     906.5     326.464029519803
     907.0     326.920606919095
     907.5     327.377445829088
     908.0     327.834545987685
     908.5     328.291907166760
     909.0     328.749529115382
     909.5     329.207411541334
     910.0     329.665554073938
     910.5     330.123956764582
     911.0     330.582619201303
     911.5     331.041541131790
     912.0     331.500722303947
     912.5     331.960162465254
     913.0     332.419861363165
     913.5     332.879818742296
     914.0     333.340034351661
     914.5     333.800508097647
     915.0     334.261239406894
     915.5     334.722228186966
     916.0     335.183474182054
     916.5     335.644977141371
     917.0     336.106736809825
     917.5     336.568752934677
     918.0     337.031025261572
     918.5     337.493553536703
     919.0     337.956337506183
     919.5     338.419376754672
     920.0     338.882671350716
     920.5     339.346220879878
     921.0     339.810025086140
     921.5     340.274083717075
     922.0     340.738396025338
     922.5     341.202963232477
     923.0     341.667783115800
     923.5     342.132857388732
     924.0     342.598183816858
     924.5     343.063764302173
     925.0     343.529596294797
     925.5     343.995681647681
     926.0     344.462018146017
     926.5     344.928607510078
     927.0     345.395447494394
     927.5     345.862539849423
     928.0     346.329882339700
     928.5     346.797476665051
     929.0     347.265320587380
     929.5     347.733415863187
     930.0     348.201760071678
     930.5     348.670355276324
     931.0     349.139199065526
     931.5     349.608293176892
     932.0     350.077635360980
     932.5     350.547227356429
     933.0     351.017066912600
     933.5     351.487155771061
     934.0     351.957491677070
     934.5     352.428076376137
     935.0     352.898907609476
     935.5     353.369987290292
     936.0     353.841312827558
     936.5     354.312886122241
     937.0     354.784704940155
     937.5     355.256771033331
     938.0     355.729082107501
     938.5     356.201639932284
     939.0     356.674442238667
     939.5     357.147490268562
     940.0     357.620783805755
     940.5     358.094321027864
     941.0     358.568103570952
     941.5     359.042129476945
     942.0     359.516399840087
     942.5     359.990913898606
     943.0     360.465671397178
     943.5     360.940672077627
     944.0     361.415915687186
     944.5     361.891401965334
     945.0     362.367130658319
     945.5     362.843101508500
     946.0     363.319314259175
     946.5     363.795768823774
     947.0     364.272464609619
     947.5     364.749401526095
     948.0     365.226579319381
     948.5     365.703997717873
     949.0     366.181656339327
     949.5     366.659555207128
     950.0     367.137693952423
     950.5     367.616072277371
     951.0     368.094689925780
     951.5     368.573546668373
     952.0     369.052642234738
     952.5     369.531976367714
     953.0     370.011548812137
     953.5     370.491359311848
     954.0     370.971407609355
     954.5     371.451693448160
     955.0     371.932216572763
     955.5     372.412976724690
     956.0     372.893973649466
     956.5     373.375207089598
     957.0     373.856676774451
     957.5     374.338382477552
     958.0     374.820323925933
     958.5     375.302500863820
     959.0     375.784913034776
     959.5     376.267560198319
     960.0     376.750442066193
     960.5     377.233558399592
     961.0     377.716908939731
     961.5     378.200493417355
     962.0     378.684311055189
     962.5     379.168363230285
     963.0     379.652648037651
     963.5     380.137165220591
     964.0     380.621916175762
     964.5     381.106898440668
     965.0     381.592113967070
     965.5     382.077560843326
     966.0     382.563238810141
     966.5     383.049149272368
     967.0     383.535289760126
     967.5     384.021662231789
     968.0     384.508264769451
     968.5     384.995097117364
     969.0     385.482160683477
     969.5     385.969452990635
     970.0     386.456975449925
     970.5     386.944727805457
     971.0     387.432708118167
     971.5     387.920918388584
     972.0     388.409356117008
     972.5     388.898022733635
     973.0     389.386917955145
     973.5     389.876039851653
     974.0     390.365390428518
     974.5     390.854967742361
     975.0     391.344771534868
     975.5     391.834803228944
     976.0     392.325060331695
     976.5     392.815544265773
     977.0     393.306254777091
     977.5     393.797189927711
     978.0     394.288351707918
     978.5     394.779738176382
     979.0     395.271349077873
     979.5     395.763185845243
     980.0     396.255245971651
     980.5     396.747530889935
     981.0     397.240040347115
     981.5     397.732772382285
     982.0     398.225728476371
     982.5     398.718907764881
     983.0     399.212310009712
     983.5     399.705934938522
     984.0     400.199782327795
     984.5     400.693851925770
     985.0     401.188143428669
     985.5     401.682656627516
     986.0     402.177391254567
     986.5     402.672347055072
     987.0     403.167523773938
     987.5     403.662921158265
     988.0     404.158538967287
     988.5     404.654376916763
     989.0     405.150434753641
     989.5     405.646712267796
     990.0     406.143209162812
     990.5     406.639925179606
     991.0     407.136860099326
     991.5     407.634013651074
     992.0     408.131385583006
     992.5     408.628975638936
     993.0     409.126783567130
     993.5     409.624809111933
     994.0     410.123052022876
     994.5     410.621512045101
     995.0     411.120188923958
     995.5     411.619082424625
     996.0     412.118192261283
     996.5     412.617518181184
     997.0     413.117059978253
     997.5     413.616817351675
     998.0     414.116790050055
     998.5     414.616977867737
     999.0     415.117380505403
     999.5     415.617997724980
    1000.0     416.118829256518
    1000.5     416.619874883678
    1001.0     417.121134336363
    1001.5     417.622607375744
    1002.0     418.124293720686
    1002.5     418.626193134768
    1003.0     419.128305351036
    1003.5     419.630629547545
    1004.0     420.133167272354
    1004.5     420.635916427087
    1005.0     421.138876807262
    1005.5     421.642049962849
    1006.0     422.145433792842
    1006.5     422.649028094312
    1007.0     423.152834401030
    1007.5     423.656850678066
    1008.0     424.161076607778
    1008.5     424.665513854173
    1009.0     425.170160268768
    1009.5     425.675015599119
    1010.0     426.180080862331
    1010.5     426.685355808829
    1011.0     427.190838300056
    1011.5     427.696529957813
    1012.0     428.202430533877
    1012.5     428.708538537226
    1013.0     429.214853717741
    1013.5     429.721377686888
    1014.0     430.228108331457
    1014.5     430.735045404244
    1015.0     431.242190517576
    1015.5     431.749541559972
    1016.0     432.257098276905
    1016.5     432.764861667514
    1017.0     433.272831480708
    1017.5     433.781005601104
    1018.0     434.289385663087
    1018.5     434.797971369116
    1019.0     435.306761275186
    1019.5     435.815755128705
    1020.0     436.324954521950
    1020.5     436.834357350967
    1021.0     437.343963365413
    1021.5     437.853773553014
    1022.0     438.363787712873
    1022.5     438.874004297227
    1023.0     439.384423074955
    1023.5     439.895045678391
    1024.0     440.405869976702
    1024.5     440.916895725436
    1025.0     441.428123929922
    1025.5     441.939553716316
    1026.0     442.451184835859
    1026.5     442.963017043131
    1027.0     443.475050108160
    1027.5     443.987283734516
    1028.0     444.499717723975
    1028.5     445.012351813465
    1029.0     445.525185774402
    1029.5     446.038219324862
    1030.0     446.551452238847
    1030.5     447.064884267956
    1031.0     447.578515166253
    1031.5     448.092344689995
    1032.0     448.606372607374
    1032.5     449.120598623506
    1033.0     449.635022561961
    1033.5     450.149644107587
    1034.0     450.664463068377
    1034.5     451.179479197373
    1035.0     451.694692216387
    1035.5     452.210101897957
    1036.0     452.725707995801
    1036.5     453.241510269095
    1037.0     453.757508485524
    1037.5     454.273702370678
    1038.0     454.790091696568
    1038.5     455.306676202690
    1039.0     455.823455693686
    1039.5     456.340429879438
    1040.0     456.857598528073
    1040.5     457.374961400657
    1041.0     457.892518250237
    1041.5     458.410268854078
    1042.0     458.928212932113
    1042.5     459.446350261484
    1043.0     459.964680597373
    1043.5     460.483203697606
    1044.0     461.001919320187
    1044.5     461.520827222043
    1045.0     462.039927162165
    1045.5     462.559218897754
    1046.0     463.078702186150
    1046.5     463.598376102710
    1047.0     464.118241791571
    1047.5     464.638298978376
    1048.0     465.158546067515
    1048.5     465.678982815848
    1049.0     466.199610373141
    1049.5     466.720428449463
    1050.0     467.241435478620
    1050.5     467.762631204887
    1051.0     468.284016777890
    1051.5     468.805591925107
    1052.0     469.327355047535
    1052.5     469.849305921063
    1053.0     470.371445649123
    1053.5     470.893773992790
    1054.0     471.416289384975
    1054.5     471.938991534462
    1055.0     472.461881599608
    1055.5     472.984959340865
    1056.0     473.508223156213
    1056.5     474.031672772323
    1057.0     474.555309350717
    1057.5     475.079132650670
    1058.0     475.603141053016
    1058.5     476.127334317157
    1059.0     476.651713591778
    1059.5     477.176277963277
    1060.0     477.701027851804
    1060.5     478.225961652001
    1061.0     478.751079144086
    1061.5     479.276381422720
    1062.0     479.801868306108
    1062.5     480.327538169288
    1063.0     480.853390740501
    1063.5     481.379427188882
    1064.0     481.905647276165
    1064.5     482.432049397820
    1065.0     482.958633282320
    1065.5     483.485400098149
    1066.0     484.012349629094
    1066.5     484.539480197468
    1067.0     485.066792332971
    1067.5     485.594285049764
    1068.0     486.121959525424
    1068.5     486.649815522286
    1069.0     487.177850736107
    1069.5     487.706066985944
    1070.0     488.234463357698
    1070.5     488.763039617099
    1071.0     489.291795531408
    1071.5     489.820730884783
    1072.0     490.349845406000
    1072.5     490.879138899060
    1073.0     491.408611093809
    1073.5     491.938261755186
    1074.0     492.468090706917
    1074.5     492.998097661125
    1075.0     493.528282402743
    1075.5     494.058644718029
    1076.0     494.589184338456
    1076.5     495.119901047856
    1077.0     495.650794617310
    1077.5     496.181864812743
    1078.0     496.713111422098
    1078.5     497.244534175890
    1079.0     497.776132880754
    1079.5     498.307907267486
    1080.0     498.839857123415
    1080.5     499.371982237504
    1081.0     499.904282342213
    1081.5     500.436757225116
    1082.0     500.969406654989
    1082.5     501.502230402067
    1083.0     502.035228236943
    1083.5     502.568399947878
    1084.0     503.101745270034
    1084.5     503.635263990296
    1085.0     504.168955895722
    1085.5     504.702820725953
    1086.0     505.236858285726
    1086.5     505.771068291747
    1087.0     506.305450588718
    1087.5     506.840004912410
    1088.0     507.374731015500
    1088.5     507.909628688143
    1089.0     508.444697702147
    1089.5     508.979937832181
    1090.0     509.515348866314
    1090.5     510.050930540707
    1091.0     510.586682649327
    1091.5     511.122604981829
    1092.0     511.658697276521
    1092.5     512.194959322044
    1093.0     512.731390128004
    1093.5     513.267991017885
    1094.0     513.804760981090
    1094.5     514.341700523230
    1095.0     514.878807958752
    1095.5     515.416083023763
    1096.0     515.953527009132
    1096.5     516.491138942983
    1097.0     517.028919382337
    1097.5     517.566866515575
    1098.0     518.104980192012
    1098.5     518.643261664895
    1099.0     519.181709981860
    1099.5     519.720325646922
    1100.0     520.259106921979
    1100.5     520.798053599709
    1101.0     521.337166957333
    1101.5     521.876446038922
    1102.0     522.415891356823
    1102.5     522.955501164957
    1103.0     523.495276029281
    1103.5     524.035214921782
    1104.0     524.575319197316
    1104.5     525.115588592462
    1105.0     525.656021369661
    1105.5     526.196618093274
    1106.0     526.737377732896
    1106.5     527.278301646706
    1107.0     527.819388806728
    1107.5     528.360639780247
    1108.0     528.902052804317
    1108.5     529.443627680195
    1109.0     529.985365687326
    1109.5     530.527265856381
    1110.0     531.069328758893
    1110.5     531.611552591069
    1111.0     532.153937946451
    1111.5     532.696483790946
    1112.0     533.239191491377
    1112.5     533.782060017081
    1113.0     534.325089959142
    1113.5     534.868279519254
    1114.0     535.411628491938
    1114.5     535.955138228387
    1115.0     536.498807700482
    1115.5     537.042637477982
    1116.0     537.586625820704
    1116.5     538.130772469059
    1117.0     538.675078792456
    1117.5     539.219543782025
    1118.0     539.764167201207
    1118.5     540.308948851638
    1119.0     540.853888519373
    1119.5     541.398986004514
    1120.0     541.944241074652
    1120.5     542.489653490710
    1121.0     543.035223080164
    1121.5     543.580949585401
    1122.0     544.126832811429
    1122.5     544.672872563732
    1123.0     545.219068605537
    1123.5     545.765420705707
    1124.0     546.311928669699
    1124.5     546.858592278781
    1125.0     547.405411343425
    1125.5     547.952385628357
    1126.0     548.499514899254
    1126.5     549.046798962288
    1127.0     549.594237626727
    1127.5     550.141830635876
    1128.0     550.689577820602
    1128.5     551.237478924516
    1129.0     551.785533777879
    1129.5     552.333742128792
    1130.0     552.882103802845
    1130.5     553.430618548039
    1131.0     553.979286197904
    1131.5     554.528106514962
    1132.0     555.077079269224
    1132.5     555.626204293056
    1133.0     556.175481332137
    1133.5     556.724910197171
    1134.0     557.274490697433
    1134.5     557.824222601985
    1135.0     558.374105682916
    1135.5     558.924139769083
    1136.0     559.474324608201
    1136.5     560.024660037080
    1137.0     560.575145800284
    1137.5     561.125781733006
    1138.0     561.676567606234
    1138.5     562.227503187722
    1139.0     562.778588311531
    1139.5     563.329822731632
    1140.0     563.881206253349
    1140.5     564.432738698163
    1141.0     564.984419811218
    1141.5     565.536249427372
    1142.0     566.088226463497
    1142.5     566.640352427333
    1143.0     567.192627087876
    1143.5     567.745048548389
    1144.0     568.297617479389
    1144.5     568.850332775337
    1145.0     569.403195987084
    1145.5     569.956206029866
    1146.0     570.509363536614
    1146.5     571.062666628129
    1147.0     571.616115934718
    1147.5     572.169710374147
    1148.0     572.723451497832
    1148.5     573.277338202753
    1149.0     573.831370327184
    1149.5     574.385548480313
    1150.0     574.939870788907
    1150.5     575.494337880096
    1151.0     576.048948675988
    1151.5     576.603704730304
    1152.0     577.158604961154
    1152.5     577.713650004070
    1153.0     578.268837979182
    1153.5     578.824169502404
    1154.0     579.379644412058
    1154.5     579.935261606402
    1155.0     580.491022642591
    1155.5     581.046926440396
    1156.0     581.602973657414
    1156.5     582.159162351965
    1157.0     582.715493204629
    1157.5     583.271966034331
    1158.0     583.828579760851
    1158.5     584.385335903528
    1159.0     584.942233379927
    1159.5     585.499272893889
    1160.0     586.056452503896
    1160.5     586.613772849580
    1161.0     587.171233773133
    1161.5     587.728834195754
    1162.0     588.286575615692
    1162.5     588.844456997159
    1163.0     589.402479045668
    1163.5     589.960639752556
    1164.0     590.518939849925
    1164.5     591.077379113769
    1165.0     591.635956467003
    1165.5     592.194673477549
    1166.0     592.753529062406
    1166.5     593.312523003799
    1167.0     593.871656011830
    1167.5     594.430926123583
    1168.0     594.990334045257
    1168.5     595.549878700742
    1169.0     596.109561615010
    1169.5     596.669381730354
    1170.0     597.229338832404
    1170.5     597.789432743640
    1171.0     598.349663314926
    1171.5     598.910030264494
    1172.0     599.470533461896
    1172.5     600.031172691746
    1173.0     600.591947759138
    1173.5     601.152858449048
    1174.0     601.713904610399
    1174.5     602.275086008370
    1175.0     602.836402490447
    1175.5     603.397853841673
    1176.0     603.959439870690
    1176.5     604.521160381993
    1177.0     605.083015166254
    1177.5     605.645004071392
    1178.0     606.207126861140
    1178.5     606.769383410406
    1179.0     607.331773439186
    1179.5     607.894296822904
    1180.0     608.456953347932
    1180.5     609.019742823665
    1181.0     609.582665032952
    1181.5     610.145719836168
    1182.0     610.708906996194
    1182.5     611.272226362498
    1183.0     611.835677728591
    1183.5     612.399260904680
    1184.0     612.962975696122
    1184.5     613.526821896523
    1185.0     614.090799381494
    1185.5     614.654907872876
    1186.0     615.219147247908
    1186.5     615.783517297540
    1187.0     616.348017833035
    1187.5     616.912648643385
    1188.0     617.477409585831
    1188.5     618.042300450974
    1189.0     618.607321027902
    1189.5     619.172471174241
    1190.0     619.737750679181
    1190.5     620.303159359469
    1191.0     620.868697027296
    1191.5     621.434363494687
    1192.0     622.000157782575
    1192.5     622.566081291919
    1193.0     623.132133045698
    1193.5     623.698312852804
    1194.0     624.264620533926
    1194.5     624.831055901879
    1195.0     625.397618772213
    1195.5     625.964308955811
    1196.0     626.531126251703
    1196.5     627.098069555698
    1197.0     627.665140587451
    1197.5     628.232338196992
    1198.0     628.799662182956
    1198.5     629.367113389300
    1199.0     629.934689618324
    1199.5     630.502391716084
    1200.0     631.070219478817
    1200.5     631.638171759513
    1201.0     632.206250281563
    1201.5     632.774453964082
    1202.0     633.342782559835
    1202.5     633.911235885014
    1203.0     634.479814769929
    1203.5     635.048517082363
    1204.0     635.617343603003
    1204.5     636.186294153085
    1205.0     636.755367566531
    1205.5     637.324565630838
    1206.0     637.893887184439
    1206.5     638.463332044434
    1207.0     639.032901019146
    1207.5     639.602591932984
    1208.0     640.172405637285
    1208.5     640.742341928282
    1209.0     641.312400634856
    1209.5     641.882580606992
    1210.0     642.452883596302
    1210.5     643.023308458122
    1211.0     643.593854995367
    1211.5     644.164524035252
    1212.0     644.735313478294
    1212.5     645.306224060289
    1213.0     645.877255629137
    1213.5     646.448407984203
    1214.0     647.019680034079
    1214.5     647.591073498592
    1215.0     648.162588032714
    1215.5     648.734221879356
    1216.0     649.305975654805
    1216.5     649.877850142039
    1217.0     650.449843242433
    1217.5     651.021955741937
    1218.0     651.594187468275
    1218.5     652.166537284342
    1219.0     652.739006911045
    1219.5     653.311595286553
    1220.0     653.884302163268
    1220.5     654.457127394102
    1221.0     655.030071762676
    1221.5     655.603133175975
    1222.0     656.176312395967
    1222.5     656.749609296152
    1223.0     657.323023705246
    1223.5     657.896554421305
    1224.0     658.470203281326
    1224.5     659.043969063098
    1225.0     659.617851658974
    1225.5     660.191850879755
    1226.0     660.765967510883
    1226.5     661.340198503114
    1227.0     661.914546563132
    1227.5     662.489010555725
    1228.0     663.063590340758
    1228.5     663.638285672742
    1229.0     664.213096475302
    1229.5     664.788022482154
    1230.0     665.363063623831
    1230.5     665.938219654218
    1231.0     666.513490406140
    1231.5     667.088875753697
    1232.0     667.664375508549
    1232.5     668.239989500331
    1233.0     668.815717580986
    1233.5     669.391559538530
    1234.0     669.967515223982
    1234.5     670.543584473403
    1235.0     671.119767114428
    1235.5     671.696062983524
    1236.0     672.272471910057
    1236.5     672.848993727877
    1237.0     673.425628270659
    1237.5     674.002375367951
    1238.0     674.579234856805
    1238.5     675.156206566786
    1239.0     675.733290336222
    1239.5     676.310486020845
    1240.0     676.887793380007
    1240.5     677.465212345372
    1241.0     678.042741872267
    1241.5     678.620383439515
    1242.0     679.198136065382
    1242.5     679.775999590583
    1243.0     680.353973851259
    1243.5     680.932058678127
    1244.0     681.510253910352
    1244.5     682.088559383829
    1245.0     682.666974932939
    1245.5     683.245500419958
    1246.0     683.824135631206
    1246.5     684.402880430707
    1247.0     684.981734650993
    1247.5     685.560698132281
    1248.0     686.139770711485
    1248.5     686.718952225262
    1249.0     687.298242534868
    1249.5     687.877641433497
    1250.0     688.457148780610
    1250.5     689.036764415450
    1251.0     689.616488175270
    1251.5     690.196319898864
    1252.0     690.776259453206
    1252.5     691.356306598830
    1253.0     691.936461276528
    1253.5     692.516723227973
    1254.0     693.097092389222
    1254.5     693.677568529864
    1255.0     694.258151510169
    1255.5     694.838841173269
    1256.0     695.419637360648
    1256.5     696.000539910496
    1257.0     696.581548689373
    1257.5     697.162663491937
    1258.0     697.743884181141
    1258.5     698.325210597297
    1259.0     698.906642611411
    1259.5     699.488179990124
    1260.0     700.069822674085
    1260.5     700.651569341103
    1261.0     701.233422062256
    1261.5     701.815379542500
    1262.0     702.397441648754
    1262.5     702.979608226976
    1263.0     703.561880203614
    1263.5     704.144255273508
    1264.0     704.726734320258
    1264.5     705.309317187474
    1265.0     705.892003794513
    1265.5     706.474793909909
    1266.0     707.057686317790
    1266.5     707.640683059543
    1267.0     708.223782845639
    1267.5     708.806985544532
    1268.0     709.390291003531
    1268.5     709.973699093350
    1269.0     710.557210666446
    1269.5     711.140823503844
    1270.0     711.724539288973
    1270.5     712.308356259314
    1271.0     712.892275040606
    1271.5     713.476295504386
    1272.0     714.060416416990
    1272.5     714.644639814458
    1273.0     715.228964387437
    1273.5     715.813390086539
    1274.0     716.397916680559
    1274.5     716.982544066619
    1275.0     717.567273129819
    1275.5     718.152101576572
    1276.0     718.737030334329
    1276.5     719.322059257944
    1277.0     719.907188220487
    1277.5     720.492417018832
    1278.0     721.077745554530
    1278.5     721.663172544691
    1279.0     722.248700028174
    1279.5     722.834326773419
    1280.0     723.420052627963
    1280.5     724.005877472339
    1281.0     724.591801103658
    1281.5     725.177824504171
    1282.0     725.763945287909
    1282.5     726.350164489647
    1283.0     726.936481881243
    1283.5     727.522897370003
    1284.0     728.109410753606
    1284.5     728.696020834883
    1285.0     729.282729617708
    1285.5     729.869535905168
    1286.0     730.456439496932
    1286.5     731.043440298946
    1287.0     731.630538112601
    1287.5     732.217732814002
    1288.0     732.805025337739
    1288.5     733.392413406662
    1289.0     733.979897900493
    1289.5     734.567478701792
    1290.0     735.155155687287
    1290.5     735.742928659974
    1291.0     736.330796452112
    1291.5     736.918761018803
    1292.0     737.506821186882
    1292.5     738.094976765589
    1293.0     738.683227632413
    1293.5     739.271573644393
    1294.0     739.860014656401
    1294.5     740.448550549860
    1295.0     741.037181131115
    1295.5     741.625906307897
    1296.0     742.214725884033
    1296.5     742.803639769127
    1297.0     743.392647765433
    1297.5     743.981749762659
    1298.0     744.570945635711
    1298.5     745.160235196791
    1299.0     745.749618354224
    1299.5     746.339094912058
    1300.0     746.928664780506
    1300.5     747.518327767689
    1301.0     748.108083756299
    1301.5     748.697932606945
    1302.0     749.287874202791
    1302.5     749.877908378728
    1303.0     750.468034939861
    1303.5     751.058253853629
    1304.0     751.648564045152
    1304.5     752.238967133776
    1305.0     752.829462069469
    1305.5     753.420048775396
    1306.0     754.010727075333
    1306.5     754.601496808437
    1307.0     755.192357860337
    1307.5     755.783310120698
    1308.0     756.374353397248
    1308.5     756.965487602571
    1309.0     757.556712547511
    1309.5     758.148028144621
    1310.0     758.739434205079
    1310.5     759.330930618854
    1311.0     759.922517267989
    1311.5     760.514193967474
    1312.0     761.105960630992
    1312.5     761.697817071951
    1313.0     762.289763203454
    1313.5     762.881798836878
    1314.0     763.473923861136
    1314.5     764.066138165574
    1315.0     764.658441589900
    1315.5     765.250833970128
    1316.0     765.843315224650
    1316.5     766.435885165196
    1317.0     767.028543707632
    1317.5     767.621290665487
    1318.0     768.214125955060
    1318.5     768.807049388265
    1319.0     769.400060859014
    1319.5     769.993160259557
    1320.0     770.586347401820
    1320.5     771.179622202165
    1321.0     771.772984476678
    1321.5     772.366434142755
    1322.0     772.959971018130
    1322.5     773.553595016325
    1323.0     774.147305982183
    1323.5     774.741103755046
    1324.0     775.334988227430
    1324.5     775.928959297490
    1325.0     776.523016771804
    1325.5     777.117160578762
    1326.0     777.711390529129
    1326.5     778.305706546795
    1327.0     778.900108444320
    1327.5     779.494596146033
    1328.0     780.089169493275
    1328.5     780.683828324935
    1329.0     781.278571325354
    1329.5     781.873400793992
    1330.0     782.468315410746
    1330.5     783.063315017792
    1331.0     783.658400702501
    1331.5     784.253569877257
    1332.0     784.848823678265
    1332.5     785.444161951388
    1333.0     786.039584538529
    1333.5     786.635091337925
    1334.0     787.230682250696
    1334.5     787.826357117294
    1335.0     788.422115781800
    1335.5     789.017956932662
    1336.0     789.613882864171
    1336.5     790.209892266355
    1337.0     790.805984978971
    1337.5     791.402160875709
    1338.0     791.998419803612
    1338.5     792.594761691285
    1339.0     793.191186351828
    1339.5     793.787694923122
    1340.0     794.384284863673
    1340.5     794.980957168908
    1341.0     795.577711771964
    1341.5     796.174548570343
    1342.0     796.771467410459
    1342.5     797.368468140828
    1343.0     797.965550688900
    1343.5     798.562713669777
    1344.0     799.159959395187
    1344.5     799.757287435079
    1345.0     800.354695893266
    1345.5     800.952185485639
    1346.0     801.549756118425
    1346.5     802.147407692598
    1347.0     802.745140059736
    1347.5     803.342953092482
    1348.0     803.940847895367
    1348.5     804.538821859912
    1349.0     805.136876143967
    1349.5     805.735010573860
    1350.0     806.333225079938
    1350.5     806.931519480138
    1351.0     807.529893711913
    1351.5     808.128347619192
    1352.0     808.726879832160
    1352.5     809.325492729079
    1353.0     809.924184938033
    1353.5     810.522956335322
    1354.0     811.121806773896
    1354.5     811.720736182820
    1355.0     812.319744388462
    1355.5     812.918831324999
    1356.0     813.517996840927
    1356.5     814.117242037215
    1357.0     814.716564325353
    1357.5     815.315964854820
    1358.0     815.915443458482
    1358.5     816.515000092476
    1359.0     817.114634528078
    1359.5     817.714346697882
    1360.0     818.314136545172
    1360.5     818.914003829131
    1361.0     819.513947306199
    1361.5     820.113969228279
    1362.0     820.714068318546
    1362.5     821.314244426348
    1363.0     821.914497411603
    1363.5     822.514827204925
    1364.0     823.115233663398
    1364.5     823.715716666662
    1365.0     824.316276098143
    1365.5     824.916913022735
    1366.0     825.517624953579
    1366.5     826.118412957582
    1367.0     826.719276922944
    1367.5     827.320216694878
    1368.0     827.921232219872
    1368.5     828.522323320917
    1369.0     829.123488731243
    1369.5     829.724730719818
    1370.0     830.326047964405
    1370.5     830.927440349136
    1371.0     831.528907755838
    1371.5     832.130450044368
    1372.0     832.732067149400
    1372.5     833.333758902769
    1373.0     833.935525243646
    1373.5     834.537366028445
    1374.0     835.139281143653
    1374.5     835.741270446788
    1375.0     836.343333903775
    1375.5     836.945471294086
    1376.0     837.547682581250
    1376.5     838.149967595248
    1377.0     838.752326279760
    1377.5     839.354758496097
    1378.0     839.957264125930
    1378.5     840.559843056057
    1379.0     841.162495175137
    1379.5     841.765220369861
    1380.0     842.368018525059
    1380.5     842.970889497559
    1381.0     843.573833237101
    1381.5     844.176849598751
    1382.0     844.779938443094
    1382.5     845.383099742549
    1383.0     845.986333269955
    1383.5     846.589639001392
    1384.0     847.193016765651
    1384.5     847.796466540925
    1385.0     848.399988093486
    1385.5     849.003581406008
    1386.0     849.607246334070
    1386.5     850.210982769669
    1387.0     850.814790570220
    1387.5     851.418669713982
    1388.0     852.022620000339
    1388.5     852.626641324338
    1389.0     853.230733629723
    1389.5     853.834896778079
    1390.0     854.439130633628
    1390.5     855.043435168298
    1391.0     855.647810189710
    1391.5     856.252255586416
    1392.0     856.856771309060
    1392.5     857.461357217674
    1393.0     858.066013174398
    1393.5     858.670739159534
    1394.0     859.275534085731
    1394.5     859.880399627763
    1395.0     860.485334840305
    1395.5     861.090339589687
    1396.0     861.695413766672
    1396.5     862.300557263153
    1397.0     862.905769975299
    1397.5     863.511051762804
    1398.0     864.116402605678
    1398.5     864.721822309517
    1399.0     865.327310769881
    1399.5     865.932867937318
    1400.0     866.538493672344
    1400.5     867.144187874770
    1401.0     867.749950434074
    1401.5     868.355781214898
    1402.0     868.961680169596
    1402.5     869.567647165238
    1403.0     870.173682095757
    1403.5     870.779784854708
    1404.0     871.385955337204
    1404.5     871.992193435019
    1405.0     872.598499048588
    1405.5     873.204872067515
    1406.0     873.811312392546
    1406.5     874.417819884184
    1407.0     875.024394531638
    1407.5     875.631036109298
    1408.0     876.237744597345
    1408.5     876.844519901617
    1409.0     877.451361824084
    1409.5     878.058270349336
    1410.0     878.665245344832
    1410.5     879.272286708571
    1411.0     879.879394341581
    1411.5     880.486568128845
    1412.0     881.093807975553
    1412.5     881.701113779032
    1413.0     882.308485434572
    1413.5     882.915921397913
    1414.0     883.523424453049
    1414.5     884.130993055110
    1415.0     884.738627100762
    1415.5     885.346326459897
    1416.0     885.954091086615
    1416.5     886.561920855365
    1417.0     887.169815659240
    1417.5     887.777777575711
    1418.0     888.385802182609
    1418.5     888.993891493511
    1419.0     889.602045437686
    1419.5     890.210263887848
    1420.0     890.818546797783
    1420.5     891.426894071086
    1421.0     892.035305516638
    1421.5     892.643781122815
    1422.0     893.252320764416
    1422.5     893.860924338125
    1423.0     894.469591741890
    1423.5     895.078321451901
    1424.0     895.687116224823
    1424.5     896.295974536073
    1425.0     896.904896281077
    1425.5     897.513881364857
    1426.0     898.122929686633
    1426.5     898.732041149659
    1427.0     899.341215655975
    1427.5     899.950453103393
    1428.0     900.559753399564
    1428.5     901.169116442663
    1429.0     901.778542133129
    1429.5     902.388031801620
    1430.0     902.997582529085
    1430.5     903.607195586786
    1431.0     904.216870904384
    1431.5     904.826608384456
    1432.0     905.436407932245
    1432.5     906.046269446735
    1433.0     906.656192807639
    1433.5     907.266177972692
    1434.0     907.876224820774
    1434.5     908.486333280487
    1435.0     909.096503199544
    1435.5     909.706734481630
    1436.0     910.317025674560
    1436.5     910.927379515731
    1437.0     911.537794429576
    1437.5     912.148270356826
    1438.0     912.758807194328
    1438.5     913.369404857180
    1439.0     913.980063240486
    1439.5     914.590782259567
    1440.0     915.201561811565
    1440.5     915.812401806429
    1441.0     916.423302176117
    1441.5     917.034262771771
    1442.0     917.645283495297
    1442.5     918.256365745150
    1443.0     918.867506535434
    1443.5     919.478707172443
    1444.0     920.089967623447
    1444.5     920.701287799264
    1445.0     921.312667540075
    1445.5     921.924106787314
    1446.0     922.535605443699
    1446.5     923.147163422642
    1447.0     923.758780658562
    1447.5     924.370456997616
    1448.0     924.982192379828
    1448.5     925.593986711502
    1449.0     926.205838508917
    1449.5     926.817750465651
    1450.0     927.429721096298
    1450.5     928.041750310597
    1451.0     928.653838015421
    1451.5     929.265984119728
    1452.0     929.878188533872
    1452.5     930.490451164836
    1453.0     931.102771954802
    1453.5     931.715150718628
    1454.0     932.327587490616
    1454.5     932.940082083945
    1455.0     933.552634445456
    1455.5     934.165245860899
    1456.0     934.777913478668
    1456.5     935.390638620752
    1457.0     936.003421111416
    1457.5     936.616260940694
    1458.0     937.229158029316
    1458.5     937.842112222828
    1459.0     938.455123462315
    1459.5     939.068191691223
    1460.0     939.681316728696
    1460.5     940.294498574174
    1461.0     940.907737114000
    1461.5     941.521032282405
    1462.0     942.134383939572
    1462.5     942.747790648869
    1463.0     943.361255097908
    1463.5     943.974775737658
    1464.0     944.588352567815
    1464.5     945.201985501743
    1465.0     945.815674394793
    1465.5     946.429419183704
    1466.0     947.043219816587
    1466.5     947.657076141968
    1467.0     948.270988107950
    1467.5     948.884955621548
    1468.0     949.498978597854
    1468.5     950.113056952330
    1469.0     950.727190629182
    1469.5     951.341379476190
    1470.0     951.955623442101
    1470.5     952.569922438632
    1471.0     953.184276381631
    1471.5     953.798685185570
    1472.0     954.413148793499
    1472.5     955.027667055794
    1473.0     955.642239923994
    1473.5     956.256867306841
    1474.0     956.871549153913
    1474.5     957.486285287018
    1475.0     958.101075743693
    1475.5     958.715920343605
    1476.0     959.330819041121
    1476.5     959.945771777364
    1477.0     960.560778371442
    1477.5     961.175838868624
    1478.0     961.790953086812
    1478.5     962.406120976905
    1479.0     963.021342457269
    1479.5     963.636617469521
    1480.0     964.251945869033
    1480.5     964.867327606014
    1481.0     965.482762630252
    1481.5     966.098250789368
    1482.0     966.713792031887
    1482.5     967.329386283187
    1483.0     967.945033449747
    1483.5     968.560733455184
    1484.0     969.176486248054
    1484.5     969.792291679003
    1485.0     970.408149734800
    1485.5     971.024060266008
    1486.0     971.640023224229
    1486.5     972.256038525210
    1487.0     972.872106087160
    1487.5     973.488225826245
    1488.0     974.104397698737
    1488.5     974.720621555644
    1489.0     975.336897347211
    1489.5     975.953225026062
    1490.0     976.569604449939
    1490.5     977.186035560952
    1491.0     977.802518316367
    1491.5     978.419052569907
    1492.0     979.035638272615
    1492.5     979.652275348175
    1493.0     980.268963739840
    1493.5     980.885703311737
    1494.0     981.502494013917
    1494.5     982.119335762192
    1495.0     982.736228512101
    1495.5     983.353172119057
    1496.0     983.970166568435
    1496.5     984.587211713452
    1497.0     985.204307512616
    1497.5     985.821453880150
    1498.0     986.438650775556
    1498.5     987.055898047513
    1499.0     987.673195659719
    1499.5     988.290543524503
    1500.0     988.907941597771
