#
# column #1=histogram, #2=x-axis bin, #3=binned cross-section, #4=error, #5=number of events 
# this can be easily plotted in gnuplot with the commands:
#    NHi=3
#    plot 'output.dat' using ($2):($1==NHi ? $3 : 1/0) w st
# where NHi selects the histogram
#
#
# run time =      -0.05min
# TotCS =      3.9441920970E-07           9.05040E-08
#
# Histogram 1: m_jj                                              
 1|   0.000E+00|                 Infinity|   2.5359156467048689E-02|       1555|
 1|   5.000E+01|                 Infinity|   1.1842822907480814E-02|       7130|
 1|   1.000E+02|                 Infinity|   1.2527433800047148E-02|       6372|
 1|   1.500E+02|                 Infinity|   1.5198691752918441E-02|       4329|
 1|   2.000E+02|                 Infinity|   1.8807760931104981E-02|       2827|
 1|   2.500E+02|                 Infinity|   2.4168412226141588E-02|       1712|
 1|   3.000E+02|                 Infinity|   3.2986956237702113E-02|        919|
 1|   3.500E+02|                 Infinity|   4.3193421279068007E-02|        536|
 1|   4.000E+02|                 Infinity|   5.4153036107388232E-02|        341|
 1|   4.500E+02|                 Infinity|   7.1247049987909650E-02|        197|
 1|   5.000E+02|                 Infinity|   8.5749292571254410E-02|        136|
 1|   5.500E+02|                 Infinity|   1.1322770341445956E-01|         78|
 1|   6.000E+02|                 Infinity|   1.2500000000000000E-01|         64|
 1|   6.500E+02|                 Infinity|   1.4285714285714285E-01|         49|
 1|   7.000E+02|                 Infinity|   1.4907119849998599E-01|         45|
 1|   7.500E+02|                 Infinity|   1.5430334996209191E-01|         42|
 1|   8.000E+02|                 Infinity|   2.0412414523193154E-01|         24|
 1|   8.500E+02|                 Infinity|   2.2360679774997896E-01|         20|
 1|   9.000E+02|                 Infinity|   3.0151134457776363E-01|         11|
 1|   9.500E+02|                 Infinity|   3.5355339059327373E-01|          8|
 1|   1.000E+03|                 Infinity|   4.0824829046386307E-01|          6|
 1|   1.050E+03|                 Infinity|   5.0000000000000000E-01|          4|
 1|   1.100E+03|                 Infinity|   4.0824829046386307E-01|          6|
 1|   1.150E+03|                 Infinity|   5.0000000000000000E-01|          4|
 1|   1.200E+03|                 Infinity|   4.4721359549995793E-01|          5|
 1|   1.250E+03|                 Infinity|   7.0710678118654746E-01|          2|
 1|   1.300E+03|                 Infinity|   5.7735026918962584E-01|          3|
 1|   1.350E+03|                 Infinity|   5.7735026918962584E-01|          3|
 1|   1.400E+03|                 Infinity|   7.0710678118654746E-01|          2|
 1|   1.450E+03|                 Infinity|   5.0000000000000000E-01|          4|
 1|   1.500E+03|                 Infinity|   7.0710678118654746E-01|          2|
 1|   1.550E+03|                 Infinity|   1.0000000000000000E+00|          1|
 1|   1.600E+03|                 Infinity|   7.0710678118654746E-01|          2|
 1|   1.650E+03|                 Infinity|   1.0000000000000000E+00|          1|
 1|   1.700E+03|                      NaN|   0.0000000000000000E+00|          0|
 1|   1.750E+03|                      NaN|   0.0000000000000000E+00|          0|
 1|   1.800E+03|                 Infinity|   1.0000000000000000E+00|          1|
 1|   1.850E+03|                 Infinity|   7.0710678118654746E-01|          2|
 1|   1.900E+03|                 Infinity|   7.0710678118654746E-01|          2|
 1|   1.950E+03|                 Infinity|   1.0000000000000000E+00|          1|
 1|   2.000E+03|                      NaN|   0.0000000000000000E+00|          0|
 1|   2.050E+03|                 Infinity|   1.0000000000000000E+00|          1|
 1|   2.100E+03|                      NaN|   0.0000000000000000E+00|          0|
 1|   2.150E+03|                      NaN|   0.0000000000000000E+00|          0|
 1|   2.200E+03|                      NaN|   0.0000000000000000E+00|          0|
 1|   2.250E+03|                      NaN|   0.0000000000000000E+00|          0|
 1|   2.300E+03|                      NaN|   0.0000000000000000E+00|          0|
 1|   2.350E+03|                 Infinity|   1.0000000000000000E+00|          1|
 1|   2.400E+03|                      NaN|   0.0000000000000000E+00|          0|
 1|   2.450E+03|                 Infinity|   7.0710678118654746E-01|          2|
 1|   2.500E+03|                      NaN|   0.0000000000000000E+00|          0|
 1|   2.550E+03|                 Infinity|   1.0000000000000000E+00|          1|
 1|   2.600E+03|                 Infinity|   1.0000000000000000E+00|          1|
 1|   2.650E+03|                      NaN|   0.0000000000000000E+00|          0|
 1|   2.700E+03|                      NaN|   0.0000000000000000E+00|          0|
 1|   2.750E+03|                 Infinity|   1.0000000000000000E+00|          1|
 1|   2.800E+03|                      NaN|   0.0000000000000000E+00|          0|
 1|   2.850E+03|                      NaN|   0.0000000000000000E+00|          0|
 1|   2.900E+03|                      NaN|   0.0000000000000000E+00|          0|
 1|   2.950E+03|                      NaN|   0.0000000000000000E+00|          0|
 1|   3.000E+03|                      NaN|   0.0000000000000000E+00|          0|
 1|   3.050E+03|                      NaN|   0.0000000000000000E+00|          0|
 1|   3.100E+03|                      NaN|   0.0000000000000000E+00|          0|
 1|   3.150E+03|                      NaN|   0.0000000000000000E+00|          0|
 1|   3.200E+03|                      NaN|   0.0000000000000000E+00|          0|
 1|   3.250E+03|                 Infinity|   1.0000000000000000E+00|          1|
 1|   3.300E+03|                      NaN|   0.0000000000000000E+00|          0|
 1|   3.350E+03|                      NaN|   0.0000000000000000E+00|          0|
 1|   3.400E+03|                      NaN|   0.0000000000000000E+00|          0|
 1|   3.450E+03|                      NaN|   0.0000000000000000E+00|          0|
 1|   3.500E+03|                      NaN|   0.0000000000000000E+00|          0|
 1|   3.550E+03|                      NaN|   0.0000000000000000E+00|          0|
 1|   3.600E+03|                      NaN|   0.0000000000000000E+00|          0|
 1|   3.650E+03|                      NaN|   0.0000000000000000E+00|          0|
 1|   3.700E+03|                      NaN|   0.0000000000000000E+00|          0|
 1|   3.750E+03|                      NaN|   0.0000000000000000E+00|          0|
 1|   3.800E+03|                      NaN|   0.0000000000000000E+00|          0|
 1|   3.850E+03|                 Infinity|   1.0000000000000000E+00|          1|
 1|   3.900E+03|                      NaN|   0.0000000000000000E+00|          0|
 1|   3.950E+03|                      NaN|   0.0000000000000000E+00|          0|
 1|   4.000E+03|                      NaN|   0.0000000000000000E+00|          0|
 1|   4.050E+03|                      NaN|   0.0000000000000000E+00|          0|
 1|   4.100E+03|                      NaN|   0.0000000000000000E+00|          0|
 1|   4.150E+03|                      NaN|   0.0000000000000000E+00|          0|
 1|   4.200E+03|                      NaN|   0.0000000000000000E+00|          0|
 1|   4.250E+03|                      NaN|   0.0000000000000000E+00|          0|
 1|   4.300E+03|                      NaN|   0.0000000000000000E+00|          0|
 1|   4.350E+03|                      NaN|   0.0000000000000000E+00|          0|
 1|   4.400E+03|                      NaN|   0.0000000000000000E+00|          0|
 1|   4.450E+03|                      NaN|   0.0000000000000000E+00|          0|
 1|   4.500E+03|                      NaN|   0.0000000000000000E+00|          0|
 1|   4.550E+03|                      NaN|   0.0000000000000000E+00|          0|
 1|   4.600E+03|                      NaN|   0.0000000000000000E+00|          0|
 1|   4.650E+03|                      NaN|   0.0000000000000000E+00|          0|
 1|   4.700E+03|                      NaN|   0.0000000000000000E+00|          0|
 1|   4.750E+03|                      NaN|   0.0000000000000000E+00|          0|
 1|   4.800E+03|                      NaN|   0.0000000000000000E+00|          0|
 1|   4.850E+03|                      NaN|   0.0000000000000000E+00|          0|
 1|   4.900E+03|                      NaN|   0.0000000000000000E+00|          0|
 1|   4.950E+03|                      NaN|   0.0000000000000000E+00|          0|
# integrated result:   3.9441920969957504E-07
#
# Histogram 2: m_jj                                              
 2|   0.000E+00|                      NaN|   0.0000000000000000E+00|          0|
 2|   2.000E+00|                      NaN|   0.0000000000000000E+00|          0|
 2|   4.000E+00|                      NaN|   0.0000000000000000E+00|          0|
 2|   6.000E+00|                      NaN|   0.0000000000000000E+00|          0|
 2|   8.000E+00|                      NaN|   0.0000000000000000E+00|          0|
 2|   1.000E+01|                      NaN|   0.0000000000000000E+00|          0|
 2|   1.200E+01|                      NaN|   0.0000000000000000E+00|          0|
 2|   1.400E+01|                      NaN|   0.0000000000000000E+00|          0|
 2|   1.600E+01|                      NaN|   0.0000000000000000E+00|          0|
 2|   1.800E+01|                      NaN|   0.0000000000000000E+00|          0|
 2|   2.000E+01|                      NaN|   0.0000000000000000E+00|          0|
 2|   2.200E+01|                      NaN|   0.0000000000000000E+00|          0|
 2|   2.400E+01|                      NaN|   0.0000000000000000E+00|          0|
 2|   2.600E+01|                      NaN|   0.0000000000000000E+00|          0|
 2|   2.800E+01|                      NaN|   0.0000000000000000E+00|          0|
 2|   3.000E+01|                 Infinity|   9.1669849702821132E-02|        119|
 2|   3.200E+01|                 Infinity|   8.3918135829668908E-02|        142|
 2|   3.400E+01|                 Infinity|   8.9442719099991588E-02|        125|
 2|   3.600E+01|                 Infinity|   8.8735650941611385E-02|        127|
 2|   3.800E+01|                 Infinity|   8.4215192106651904E-02|        141|
 2|   4.000E+01|                 Infinity|   7.5592894601845442E-02|        175|
 2|   4.200E+01|                 Infinity|   7.9305158571814416E-02|        159|
 2|   4.400E+01|                 Infinity|   7.7151674981045956E-02|        168|
 2|   4.600E+01|                 Infinity|   7.1611487403943297E-02|        195|
 2|   4.800E+01|                 Infinity|   7.0014004201400484E-02|        204|
 2|   5.000E+01|                 Infinity|   7.5377836144440907E-02|        176|
 2|   5.200E+01|                 Infinity|   7.4124931666110117E-02|        182|
 2|   5.400E+01|                 Infinity|   6.1429511683395117E-02|        265|
 2|   5.600E+01|                 Infinity|   6.3757671306333821E-02|        246|
 2|   5.800E+01|                 Infinity|   6.2994078834871195E-02|        252|
 2|   6.000E+01|                 Infinity|   6.2745580513815860E-02|        254|
 2|   6.200E+01|                 Infinity|   5.6888012398857428E-02|        309|
 2|   6.400E+01|                 Infinity|   5.8321184351980429E-02|        294|
 2|   6.600E+01|                 Infinity|   5.7259833431386825E-02|        305|
 2|   6.800E+01|                 Infinity|   6.0633906259083242E-02|        272|
 2|   7.000E+01|                 Infinity|   6.1545745489666362E-02|        264|
 2|   7.200E+01|                 Infinity|   6.0858061945018457E-02|        270|
 2|   7.400E+01|                 Infinity|   5.9028133610095526E-02|        287|
 2|   7.600E+01|                 Infinity|   5.6980288229818973E-02|        308|
 2|   7.800E+01|                 Infinity|   5.8823529411764705E-02|        289|
 2|   8.000E+01|                 Infinity|   5.5215763037423267E-02|        328|
 2|   8.200E+01|                 Infinity|   5.4964970992931267E-02|        331|
 2|   8.400E+01|                 Infinity|   5.7353933467640436E-02|        304|
 2|   8.600E+01|                 Infinity|   5.6433264798310033E-02|        314|
 2|   8.800E+01|                 Infinity|   5.5131784641997125E-02|        329|
 2|   9.000E+01|                 Infinity|   5.6165595630173037E-02|        317|
 2|   9.200E+01|                 Infinity|   5.4717565516458275E-02|        334|
 2|   9.400E+01|                 Infinity|   5.7259833431386825E-02|        305|
 2|   9.600E+01|                 Infinity|   5.8520573598065284E-02|        292|
 2|   9.800E+01|                 Infinity|   5.7448498962142602E-02|        303|
 2|   1.000E+02|                 Infinity|   5.7353933467640436E-02|        304|
 2|   1.020E+02|                 Infinity|   5.5814557218594761E-02|        321|
 2|   1.040E+02|                 Infinity|   6.1199006136210460E-02|        267|
 2|   1.060E+02|                 Infinity|   5.8925565098878967E-02|        288|
 2|   1.080E+02|                 Infinity|   5.8420623783698597E-02|        293|
 2|   1.100E+02|                 Infinity|   6.0192926542884599E-02|        276|
 2|   1.120E+02|                 Infinity|   6.2136976600120006E-02|        259|
 2|   1.140E+02|                 Infinity|   6.1898446059017294E-02|        261|
 2|   1.160E+02|                 Infinity|   5.7735026918962568E-02|        300|
 2|   1.180E+02|                 Infinity|   6.3119440309780311E-02|        251|
 2|   1.200E+02|                 Infinity|   6.3887656499993992E-02|        245|
 2|   1.220E+02|                 Infinity|   6.1429511683395117E-02|        265|
 2|   1.240E+02|                 Infinity|   6.7573737839948592E-02|        219|
 2|   1.260E+02|                 Infinity|   6.3500063500095252E-02|        248|
 2|   1.280E+02|                 Infinity|   6.4018439966447988E-02|        244|
 2|   1.300E+02|                 Infinity|   5.9339082909692663E-02|        284|
 2|   1.320E+02|                 Infinity|   6.1780206321521543E-02|        262|
 2|   1.340E+02|                 Infinity|   6.0745673923078697E-02|        271|
 2|   1.360E+02|                 Infinity|   6.6964953018242512E-02|        223|
 2|   1.380E+02|                 Infinity|   6.5795169495976899E-02|        231|
 2|   1.400E+02|                 Infinity|   6.9337524528153643E-02|        208|
 2|   1.420E+02|                 Infinity|   7.0014004201400484E-02|        204|
 2|   1.440E+02|                 Infinity|   6.8358592702466331E-02|        214|
 2|   1.460E+02|                 Infinity|   6.9673301429161769E-02|        206|
 2|   1.480E+02|                 Infinity|   6.6226617853252193E-02|        228|
 2|   1.500E+02|                 Infinity|   6.8518870982753166E-02|        213|
 2|   1.520E+02|                 Infinity|   7.0186240634359645E-02|        203|
 2|   1.540E+02|                 Infinity|   7.0014004201400484E-02|        204|
 2|   1.560E+02|                 Infinity|   7.1981575074869450E-02|        193|
 2|   1.580E+02|                 Infinity|   7.1247049987909650E-02|        197|
 2|   1.600E+02|                 Infinity|   7.1611487403943297E-02|        195|
 2|   1.620E+02|                 Infinity|   7.1611487403943297E-02|        195|
 2|   1.640E+02|                 Infinity|   7.3521462209380772E-02|        185|
 2|   1.660E+02|                 Infinity|   7.4535599249992993E-02|        180|
 2|   1.680E+02|                 Infinity|   7.1428571428571425E-02|        196|
 2|   1.700E+02|                 Infinity|   7.3323557510676651E-02|        186|
 2|   1.720E+02|                 Infinity|   7.5164602800282893E-02|        177|
 2|   1.740E+02|                 Infinity|   7.2547625011001163E-02|        190|
 2|   1.760E+02|                 Infinity|   7.7151674981045956E-02|        168|
 2|   1.780E+02|                 Infinity|   7.6249285166302333E-02|        172|
 2|   1.800E+02|                 Infinity|   7.8086880944303036E-02|        164|
 2|   1.820E+02|                 Infinity|   7.6249285166302333E-02|        172|
 2|   1.840E+02|                 Infinity|   8.4818892967997092E-02|        139|
 2|   1.860E+02|                 Infinity|   8.5435765771676095E-02|        137|
 2|   1.880E+02|                 Infinity|   8.2760588860236795E-02|        146|
 2|   1.900E+02|                 Infinity|   8.0845208345444328E-02|        153|
 2|   1.920E+02|                 Infinity|   7.9056941504209485E-02|        160|
 2|   1.940E+02|                 Infinity|   7.8567420131838608E-02|        162|
 2|   1.960E+02|                 Infinity|   8.7370405666103795E-02|        131|
 2|   1.980E+02|                 Infinity|   9.4915799575249898E-02|        111|
# integrated result:   3.9441920969957515E-07
#
# Histogram 3: pT(H)                                             
 3|   0.000E+00|                 Infinity|   2.2282825891079321E-02|       2014|
 3|   1.000E+01|                 Infinity|   1.5330284613208399E-02|       4255|
 3|   2.000E+01|                 Infinity|   1.5575643783866592E-02|       4122|
 3|   3.000E+01|                 Infinity|   1.7797651932695783E-02|       3157|
 3|   4.000E+01|                 Infinity|   2.0040120401405057E-02|       2490|
 3|   5.000E+01|                 Infinity|   2.2271770159368699E-02|       2016|
 3|   6.000E+01|                 Infinity|   2.5632600792550801E-02|       1522|
 3|   7.000E+01|                 Infinity|   2.9894063777797554E-02|       1119|
 3|   8.000E+01|                 Infinity|   3.1943828249996996E-02|        980|
 3|   9.000E+01|                 Infinity|   3.6442025853950177E-02|        753|
 3|   1.000E+02|                 Infinity|   4.0000000000000001E-02|        625|
 3|   1.100E+02|                 Infinity|   4.3937477516374682E-02|        518|
 3|   1.200E+02|                 Infinity|   4.8970210687439175E-02|        417|
 3|   1.300E+02|                 Infinity|   5.2414241836095915E-02|        364|
 3|   1.400E+02|                 Infinity|   5.2270837348931669E-02|        366|
 3|   1.500E+02|                 Infinity|   5.9549133417541367E-02|        282|
 3|   1.600E+02|                 Infinity|   6.9504804685691590E-02|        207|
 3|   1.700E+02|                 Infinity|   6.9337524528153643E-02|        208|
 3|   1.800E+02|                 Infinity|   8.1378845877115941E-02|        151|
 3|   1.900E+02|                 Infinity|   8.8388347648318433E-02|        128|
 3|   2.000E+02|                 Infinity|   9.6225044864937631E-02|        108|
 3|   2.100E+02|                 Infinity|   1.0206207261596577E-01|         96|
 3|   2.200E+02|                 Infinity|   1.1470786693528087E-01|         76|
 3|   2.300E+02|                 Infinity|   1.1624763874381928E-01|         74|
 3|   2.400E+02|                 Infinity|   1.3867504905630729E-01|         52|
 3|   2.500E+02|                 Infinity|   1.5430334996209191E-01|         42|
 3|   2.600E+02|                 Infinity|   1.7149858514250882E-01|         34|
 3|   2.700E+02|                 Infinity|   1.9611613513818404E-01|         26|
 3|   2.800E+02|                 Infinity|   1.7407765595569785E-01|         33|
 3|   2.900E+02|                 Infinity|   2.4253562503633297E-01|         17|
 3|   3.000E+02|                 Infinity|   2.0412414523193154E-01|         24|
 3|   3.100E+02|                 Infinity|   2.2941573387056174E-01|         19|
 3|   3.200E+02|                 Infinity|   3.0151134457776363E-01|         11|
 3|   3.300E+02|                 Infinity|   3.1622776601683794E-01|         10|
 3|   3.400E+02|                 Infinity|   3.5355339059327373E-01|          8|
 3|   3.500E+02|                 Infinity|   3.0151134457776363E-01|         11|
 3|   3.600E+02|                 Infinity|   2.8867513459481292E-01|         12|
 3|   3.700E+02|                 Infinity|   5.7735026918962584E-01|          3|
 3|   3.800E+02|                 Infinity|   3.1622776601683794E-01|         10|
 3|   3.900E+02|                 Infinity|   4.4721359549995793E-01|          5|
 3|   4.000E+02|                 Infinity|   3.7796447300922720E-01|          7|
 3|   4.100E+02|                 Infinity|   3.7796447300922720E-01|          7|
 3|   4.200E+02|                 Infinity|   4.0824829046386307E-01|          6|
 3|   4.300E+02|                 Infinity|   3.5355339059327373E-01|          8|
 3|   4.400E+02|                 Infinity|   5.0000000000000000E-01|          4|
 3|   4.500E+02|                 Infinity|   1.0000000000000000E+00|          1|
 3|   4.600E+02|                 Infinity|   5.7735026918962584E-01|          3|
 3|   4.700E+02|                 Infinity|   5.0000000000000000E-01|          4|
 3|   4.800E+02|                 Infinity|   4.4721359549995793E-01|          5|
 3|   4.900E+02|                 Infinity|   5.7735026918962584E-01|          3|
# integrated result:   3.9441920969957488E-07
#
# Histogram 4: pT(j1)                                            
 4|   0.000E+00|                      NaN|   0.0000000000000000E+00|          0|
 4|   1.000E+01|                 Infinity|   5.9761430466719681E-02|        280|
 4|   2.000E+01|                 Infinity|   2.2360679774997897E-02|       2000|
 4|   3.000E+01|                 Infinity|   1.8113088900055460E-02|       3048|
 4|   4.000E+01|                 Infinity|   1.7633640396464957E-02|       3216|
 4|   5.000E+01|                 Infinity|   1.8306300648455311E-02|       2984|
 4|   6.000E+01|                 Infinity|   1.9349201886068965E-02|       2671|
 4|   7.000E+01|                 Infinity|   2.1238172967060986E-02|       2217|
 4|   8.000E+01|                 Infinity|   2.2977882942966148E-02|       1894|
 4|   9.000E+01|                 Infinity|   2.5590600763038540E-02|       1527|
 4|   1.000E+02|                 Infinity|   2.7430739102420141E-02|       1329|
 4|   1.100E+02|                 Infinity|   3.1265269974036121E-02|       1023|
 4|   1.200E+02|                 Infinity|   3.5691530512412487E-02|        785|
 4|   1.300E+02|                 Infinity|   3.9073233258228181E-02|        655|
 4|   1.400E+02|                 Infinity|   4.4856130401625657E-02|        497|
 4|   1.500E+02|                 Infinity|   4.9507377148833721E-02|        408|
 4|   1.600E+02|                 Infinity|   5.6343616981901101E-02|        315|
 4|   1.700E+02|                 Infinity|   5.9443829827776400E-02|        283|
 4|   1.800E+02|                 Infinity|   7.2547625011001163E-02|        190|
 4|   1.900E+02|                 Infinity|   7.4535599249992993E-02|        180|
 4|   2.000E+02|                 Infinity|   9.3250480824031381E-02|        115|
 4|   2.100E+02|                 Infinity|   9.5782628522115137E-02|        109|
 4|   2.200E+02|                 Infinity|   1.0206207261596577E-01|         96|
 4|   2.300E+02|                 Infinity|   1.0425720702853739E-01|         92|
 4|   2.400E+02|                 Infinity|   1.2598815766974239E-01|         63|
 4|   2.500E+02|                 Infinity|   1.4142135623730950E-01|         50|
 4|   2.600E+02|                 Infinity|   1.4907119849998599E-01|         45|
 4|   2.700E+02|                 Infinity|   1.5617376188860607E-01|         41|
 4|   2.800E+02|                 Infinity|   1.6903085094570330E-01|         35|
 4|   2.900E+02|                 Infinity|   1.6439898730535729E-01|         37|
 4|   3.000E+02|                 Infinity|   1.8257418583505536E-01|         30|
 4|   3.100E+02|                 Infinity|   2.1821789023599239E-01|         21|
 4|   3.200E+02|                 Infinity|   2.8867513459481292E-01|         12|
 4|   3.300E+02|                 Infinity|   2.2941573387056174E-01|         19|
 4|   3.400E+02|                 Infinity|   2.4253562503633297E-01|         17|
 4|   3.500E+02|                 Infinity|   3.5355339059327373E-01|          8|
 4|   3.600E+02|                 Infinity|   3.0151134457776363E-01|         11|
 4|   3.700E+02|                 Infinity|   2.6726124191242440E-01|         14|
 4|   3.800E+02|                 Infinity|   3.5355339059327373E-01|          8|
 4|   3.900E+02|                 Infinity|   4.4721359549995793E-01|          5|
 4|   4.000E+02|                 Infinity|   4.4721359549995793E-01|          5|
 4|   4.100E+02|                 Infinity|   5.0000000000000000E-01|          4|
 4|   4.200E+02|                 Infinity|   3.1622776601683794E-01|         10|
 4|   4.300E+02|                 Infinity|   3.7796447300922720E-01|          7|
 4|   4.400E+02|                 Infinity|   3.5355339059327373E-01|          8|
 4|   4.500E+02|                 Infinity|   5.0000000000000000E-01|          4|
 4|   4.600E+02|                 Infinity|   4.4721359549995793E-01|          5|
 4|   4.700E+02|                 Infinity|   3.3333333333333331E-01|          9|
 4|   4.800E+02|                 Infinity|   4.4721359549995793E-01|          5|
 4|   4.900E+02|                 Infinity|   4.4721359549995793E-01|          5|
# integrated result:   3.9441920969957478E-07
#
# Histogram 5: dy(j1,j2)                                         
 5|  -5.000E+00|                      NaN|   0.0000000000000000E+00|          0|
 5|  -4.800E+00|                      NaN|   0.0000000000000000E+00|          0|
 5|  -4.600E+00|                      NaN|   0.0000000000000000E+00|          0|
 5|  -4.400E+00|                      NaN|   0.0000000000000000E+00|          0|
 5|  -4.200E+00|                      NaN|   0.0000000000000000E+00|          0|
 5|  -4.000E+00|                 Infinity|   5.7735026918962584E-01|          3|
 5|  -3.800E+00|                 Infinity|   5.7735026918962584E-01|          3|
 5|  -3.600E+00|                 Infinity|   1.0000000000000000E+00|          1|
 5|  -3.400E+00|                 Infinity|   5.7735026918962584E-01|          3|
 5|  -3.200E+00|                 Infinity|   7.0710678118654746E-01|          2|
 5|  -3.000E+00|                 Infinity|   4.4721359549995793E-01|          5|
 5|  -2.800E+00|                 Infinity|   3.5355339059327373E-01|          8|
 5|  -2.600E+00|                 Infinity|   2.2360679774997896E-01|         20|
 5|  -2.400E+00|                 Infinity|   1.7960530202677491E-01|         31|
 5|  -2.200E+00|                 Infinity|   1.2216944435630522E-01|         67|
 5|  -2.000E+00|                 Infinity|   7.0359754473029182E-02|        202|
 5|  -1.800E+00|                 Infinity|   4.9875466805381644E-02|        402|
 5|  -1.600E+00|                 Infinity|   5.4073807043587517E-02|        342|
 5|  -1.400E+00|                 Infinity|   6.8518870982753166E-02|        213|
 5|  -1.200E+00|                 Infinity|   7.4124931666110117E-02|        182|
 5|  -1.000E+00|                 Infinity|   8.2760588860236795E-02|        146|
 5|  -8.000E-01|                 Infinity|   8.0845208345444328E-02|        153|
 5|  -6.000E-01|                 Infinity|   6.9673301429161769E-02|        206|
 5|  -4.000E-01|                 Infinity|   6.6519010523773930E-02|        226|
 5|  -2.000E-01|                 Infinity|   5.7735026918962568E-02|        300|
 5|   0.000E+00|                 Infinity|   4.0128617695256406E-02|        621|
 5|   2.000E-01|                 Infinity|   3.2274861218395137E-02|        960|
 5|   4.000E-01|                 Infinity|   2.6919095102908276E-02|       1380|
 5|   6.000E-01|                 Infinity|   2.3155842232374459E-02|       1865|
 5|   8.000E-01|                 Infinity|   2.4332412774463609E-02|       1689|
 5|   1.000E+00|                 Infinity|   2.3966279201637065E-02|       1741|
 5|   1.200E+00|                 Infinity|   2.0580314465491474E-02|       2361|
 5|   1.400E+00|                 Infinity|   2.1339479988815996E-02|       2196|
 5|   1.600E+00|                 Infinity|   2.5532146059408262E-02|       1534|
 5|   1.800E+00|                 Infinity|   2.9748205865436483E-02|       1130|
 5|   2.000E+00|                 Infinity|   2.8127197523150599E-02|       1264|
 5|   2.200E+00|                 Infinity|   2.5294174537134732E-02|       1563|
 5|   2.400E+00|                 Infinity|   2.9604462320866852E-02|       1141|
 5|   2.600E+00|                 Infinity|   2.9735051672502628E-02|       1131|
 5|   2.800E+00|                 Infinity|   3.4139437099945942E-02|        858|
 5|   3.000E+00|                 Infinity|   3.6155076303109365E-02|        765|
 5|   3.200E+00|                 Infinity|   3.2042066805600074E-02|        974|
 5|   3.400E+00|                 Infinity|   4.9266463908214660E-02|        412|
 5|   3.600E+00|                 Infinity|   7.6923076923076927E-02|        169|
 5|   3.800E+00|                 Infinity|   1.1111111111111110E-01|         81|
 5|   4.000E+00|                 Infinity|   1.6012815380508713E-01|         39|
 5|   4.200E+00|                 Infinity|   2.0412414523193154E-01|         24|
 5|   4.400E+00|                 Infinity|   2.2941573387056174E-01|         19|
 5|   4.600E+00|                 Infinity|   2.6726124191242440E-01|         14|
 5|   4.800E+00|                 Infinity|   5.0000000000000000E-01|          4|
# integrated result:   3.9441920969957504E-07
#
# Histogram 6: mz1                                               
 6|   0.000E+00|                      NaN|   0.0000000000000000E+00|          0|
 6|   2.000E+00|                      NaN|   0.0000000000000000E+00|          0|
 6|   4.000E+00|                 Infinity|   2.0694577179185557E-02|       2335|
 6|   6.000E+00|                 Infinity|   1.8692405136401476E-02|       2862|
 6|   8.000E+00|                 Infinity|   3.0816677568068284E-02|       1053|
 6|   1.000E+01|                 Infinity|   4.6984098573493956E-02|        453|
 6|   1.200E+01|                 Infinity|   5.0767308256680958E-02|        388|
 6|   1.400E+01|                 Infinity|   3.8807526285316640E-02|        664|
 6|   1.600E+01|                 Infinity|   6.1429511683395117E-02|        265|
 6|   1.800E+01|                 Infinity|   5.2851642258168990E-02|        358|
 6|   2.000E+01|                 Infinity|   3.7582301400141446E-02|        708|
 6|   2.200E+01|                 Infinity|   5.7543533764843599E-02|        302|
 6|   2.400E+01|                 Infinity|   4.2107596053325952E-02|        564|
 6|   2.600E+01|                 Infinity|   2.7348549437220971E-02|       1337|
 6|   2.800E+01|                 Infinity|   8.8045090632562384E-02|        129|
 6|   3.000E+01|                 Infinity|   1.1250879009260240E-01|         79|
 6|   3.200E+01|                 Infinity|   1.1624763874381928E-01|         74|
 6|   3.400E+01|                 Infinity|   1.4285714285714285E-01|         49|
 6|   3.600E+01|                 Infinity|   1.2700012700019050E-01|         62|
 6|   3.800E+01|                 Infinity|   2.5000000000000000E-01|         16|
 6|   4.000E+01|                 Infinity|   2.5819888974716110E-01|         15|
 6|   4.200E+01|                 Infinity|   2.7735009811261457E-01|         13|
 6|   4.400E+01|                 Infinity|   2.2941573387056174E-01|         19|
 6|   4.600E+01|                 Infinity|   2.3570226039551587E-01|         18|
 6|   4.800E+01|                 Infinity|   2.4253562503633297E-01|         17|
 6|   5.000E+01|                 Infinity|   2.1821789023599239E-01|         21|
 6|   5.200E+01|                 Infinity|   2.6726124191242440E-01|         14|
 6|   5.400E+01|                 Infinity|   2.6726124191242440E-01|         14|
 6|   5.600E+01|                 Infinity|   3.5355339059327373E-01|          8|
 6|   5.800E+01|                 Infinity|   2.1821789023599239E-01|         21|
 6|   6.000E+01|                 Infinity|   2.5819888974716110E-01|         15|
 6|   6.200E+01|                 Infinity|   2.0851441405707477E-01|         23|
 6|   6.400E+01|                 Infinity|   1.8257418583505536E-01|         30|
 6|   6.600E+01|                 Infinity|   2.0412414523193154E-01|         24|
 6|   6.800E+01|                 Infinity|   1.8569533817705186E-01|         29|
 6|   7.000E+01|                 Infinity|   1.5430334996209191E-01|         42|
 6|   7.200E+01|                 Infinity|   1.5811388300841897E-01|         40|
 6|   7.400E+01|                 Infinity|   1.2598815766974239E-01|         63|
 6|   7.600E+01|                 Infinity|   1.0660035817780521E-01|         88|
 6|   7.800E+01|                 Infinity|   1.1180339887498948E-01|         80|
 6|   8.000E+01|                 Infinity|   8.6066296582387042E-02|        135|
 6|   8.200E+01|                 Infinity|   8.5749292571254410E-02|        136|
 6|   8.400E+01|                 Infinity|   7.2932495748947279E-02|        188|
 6|   8.600E+01|                 Infinity|   3.6131468676496206E-02|        766|
 6|   8.800E+01|                 Infinity|   2.1383343303319473E-02|       2187|
 6|   9.000E+01|                 Infinity|   1.5357377920848779E-02|       4240|
 6|   9.200E+01|                 Infinity|   1.7476749542968805E-02|       3274|
 6|   9.400E+01|                 Infinity|   2.1561540911771697E-02|       2151|
 6|   9.600E+01|                 Infinity|   4.0622223185119377E-02|        606|
 6|   9.800E+01|                 Infinity|   6.4018439966447988E-02|        244|
 6|   1.000E+02|                 Infinity|   1.0783277320343841E-01|         86|
 6|   1.020E+02|                 Infinity|   1.3018891098082389E-01|         59|
 6|   1.040E+02|                 Infinity|   2.0851441405707477E-01|         23|
 6|   1.060E+02|                 Infinity|   2.0851441405707477E-01|         23|
 6|   1.080E+02|                 Infinity|   2.1821789023599239E-01|         21|
 6|   1.100E+02|                 Infinity|   3.5355339059327373E-01|          8|
 6|   1.120E+02|                 Infinity|   3.0151134457776363E-01|         11|
 6|   1.140E+02|                 Infinity|   5.0000000000000000E-01|          4|
 6|   1.160E+02|                 Infinity|   1.0000000000000000E+00|          1|
 6|   1.180E+02|                      NaN|   0.0000000000000000E+00|          0|
 6|   1.200E+02|                      NaN|   0.0000000000000000E+00|          0|
 6|   1.220E+02|                      NaN|   0.0000000000000000E+00|          0|
 6|   1.240E+02|                      NaN|   0.0000000000000000E+00|          0|
 6|   1.260E+02|                      NaN|   0.0000000000000000E+00|          0|
 6|   1.280E+02|                      NaN|   0.0000000000000000E+00|          0|
 6|   1.300E+02|                      NaN|   0.0000000000000000E+00|          0|
 6|   1.320E+02|                      NaN|   0.0000000000000000E+00|          0|
 6|   1.340E+02|                      NaN|   0.0000000000000000E+00|          0|
 6|   1.360E+02|                      NaN|   0.0000000000000000E+00|          0|
 6|   1.380E+02|                      NaN|   0.0000000000000000E+00|          0|
 6|   1.400E+02|                      NaN|   0.0000000000000000E+00|          0|
 6|   1.420E+02|                      NaN|   0.0000000000000000E+00|          0|
 6|   1.440E+02|                      NaN|   0.0000000000000000E+00|          0|
 6|   1.460E+02|                      NaN|   0.0000000000000000E+00|          0|
 6|   1.480E+02|                      NaN|   0.0000000000000000E+00|          0|
 6|   1.500E+02|                      NaN|   0.0000000000000000E+00|          0|
 6|   1.520E+02|                      NaN|   0.0000000000000000E+00|          0|
 6|   1.540E+02|                      NaN|   0.0000000000000000E+00|          0|
 6|   1.560E+02|                      NaN|   0.0000000000000000E+00|          0|
 6|   1.580E+02|                      NaN|   0.0000000000000000E+00|          0|
 6|   1.600E+02|                      NaN|   0.0000000000000000E+00|          0|
 6|   1.620E+02|                      NaN|   0.0000000000000000E+00|          0|
 6|   1.640E+02|                      NaN|   0.0000000000000000E+00|          0|
 6|   1.660E+02|                      NaN|   0.0000000000000000E+00|          0|
 6|   1.680E+02|                      NaN|   0.0000000000000000E+00|          0|
 6|   1.700E+02|                      NaN|   0.0000000000000000E+00|          0|
 6|   1.720E+02|                      NaN|   0.0000000000000000E+00|          0|
 6|   1.740E+02|                      NaN|   0.0000000000000000E+00|          0|
 6|   1.760E+02|                      NaN|   0.0000000000000000E+00|          0|
 6|   1.780E+02|                      NaN|   0.0000000000000000E+00|          0|
 6|   1.800E+02|                      NaN|   0.0000000000000000E+00|          0|
 6|   1.820E+02|                      NaN|   0.0000000000000000E+00|          0|
 6|   1.840E+02|                      NaN|   0.0000000000000000E+00|          0|
 6|   1.860E+02|                      NaN|   0.0000000000000000E+00|          0|
 6|   1.880E+02|                      NaN|   0.0000000000000000E+00|          0|
 6|   1.900E+02|                      NaN|   0.0000000000000000E+00|          0|
 6|   1.920E+02|                      NaN|   0.0000000000000000E+00|          0|
 6|   1.940E+02|                      NaN|   0.0000000000000000E+00|          0|
 6|   1.960E+02|                      NaN|   0.0000000000000000E+00|          0|
 6|   1.980E+02|                      NaN|   0.0000000000000000E+00|          0|
# integrated result:   3.9441920969957499E-07
#
# Histogram 7: mz2                                               
 7|   0.000E+00|                      NaN|   0.0000000000000000E+00|          0|
 7|   2.000E+00|                      NaN|   0.0000000000000000E+00|          0|
 7|   4.000E+00|                 Infinity|   3.1450273186121945E-02|       1011|
 7|   6.000E+00|                 Infinity|   2.7809983907757470E-02|       1293|
 7|   8.000E+00|                 Infinity|   2.1687943336591728E-02|       2126|
 7|   1.000E+01|                 Infinity|   2.3789303403490326E-02|       1767|
 7|   1.200E+01|                 Infinity|   3.2478490123081544E-02|        948|
 7|   1.400E+01|                 Infinity|   4.1344911529736156E-02|        585|
 7|   1.600E+01|                 Infinity|   4.2562826537937429E-02|        552|
 7|   1.800E+01|                 Infinity|   4.0927275453502901E-02|        597|
 7|   2.000E+01|                 Infinity|   4.3768810953240853E-02|        522|
 7|   2.200E+01|                 Infinity|   4.0323891927275590E-02|        615|
 7|   2.400E+01|                 Infinity|   3.6107907233705945E-02|        767|
 7|   2.600E+01|                 Infinity|   3.7164707312358318E-02|        724|
 7|   2.800E+01|                 Infinity|   3.3709993123162106E-02|        880|
 7|   3.000E+01|                 Infinity|   3.3538923545276884E-02|        889|
 7|   3.200E+01|                 Infinity|   3.5990787537434725E-02|        772|
 7|   3.400E+01|                 Infinity|   5.3224629541234948E-02|        353|
 7|   3.600E+01|                 Infinity|   9.1287092917527679E-02|        120|
 7|   3.800E+01|                 Infinity|   1.2803687993289598E-01|         61|
 7|   4.000E+01|                 Infinity|   1.3245323570650439E-01|         57|
 7|   4.200E+01|                 Infinity|   1.5617376188860607E-01|         41|
 7|   4.400E+01|                 Infinity|   1.4285714285714285E-01|         49|
 7|   4.600E+01|                 Infinity|   1.5617376188860607E-01|         41|
 7|   4.800E+01|                 Infinity|   1.5811388300841897E-01|         40|
 7|   5.000E+01|                 Infinity|   1.4002800840280097E-01|         51|
 7|   5.200E+01|                 Infinity|   1.5430334996209191E-01|         42|
 7|   5.400E+01|                 Infinity|   1.6222142113076254E-01|         38|
 7|   5.600E+01|                 Infinity|   1.8898223650461360E-01|         28|
 7|   5.800E+01|                 Infinity|   2.1821789023599239E-01|         21|
 7|   6.000E+01|                 Infinity|   2.0412414523193154E-01|         24|
 7|   6.200E+01|                 Infinity|   2.0851441405707477E-01|         23|
 7|   6.400E+01|                 Infinity|   2.0851441405707477E-01|         23|
 7|   6.600E+01|                 Infinity|   1.8257418583505536E-01|         30|
 7|   6.800E+01|                 Infinity|   1.0910894511799619E-01|         84|
 7|   7.000E+01|                 Infinity|   8.0845208345444328E-02|        153|
 7|   7.200E+01|                 Infinity|   5.8823529411764705E-02|        289|
 7|   7.400E+01|                 Infinity|   6.6372331159997203E-02|        227|
 7|   7.600E+01|                 Infinity|   7.7615052570633281E-02|        166|
 7|   7.800E+01|                 Infinity|   7.4329414624716636E-02|        181|
 7|   8.000E+01|                 Infinity|   4.9813548138671788E-02|        403|
 7|   8.200E+01|                 Infinity|   4.3979949713354248E-02|        517|
 7|   8.400E+01|                 Infinity|   2.6851080677052736E-02|       1387|
 7|   8.600E+01|                 Infinity|   1.9818500882235451E-02|       2546|
 7|   8.800E+01|                 Infinity|   2.9526929767874629E-02|       1147|
 7|   9.000E+01|                 Infinity|   2.0956487115397715E-02|       2277|
 7|   9.200E+01|                 Infinity|   3.3538923545276884E-02|        889|
 7|   9.400E+01|                 Infinity|   3.4421419541075714E-02|        844|
 7|   9.600E+01|                 Infinity|   9.9014754297667443E-02|        102|
 7|   9.800E+01|                 Infinity|   1.1867816581938533E-01|         71|
 7|   1.000E+02|                 Infinity|   1.6666666666666666E-01|         36|
 7|   1.020E+02|                 Infinity|   2.0412414523193154E-01|         24|
 7|   1.040E+02|                 Infinity|   3.3333333333333331E-01|          9|
 7|   1.060E+02|                 Infinity|   4.0824829046386307E-01|          6|
 7|   1.080E+02|                 Infinity|   7.0710678118654746E-01|          2|
 7|   1.100E+02|                 Infinity|   1.0000000000000000E+00|          1|
 7|   1.120E+02|                      NaN|   0.0000000000000000E+00|          0|
 7|   1.140E+02|                 Infinity|   5.0000000000000000E-01|          4|
 7|   1.160E+02|                      NaN|   0.0000000000000000E+00|          0|
 7|   1.180E+02|                      NaN|   0.0000000000000000E+00|          0|
 7|   1.200E+02|                      NaN|   0.0000000000000000E+00|          0|
 7|   1.220E+02|                      NaN|   0.0000000000000000E+00|          0|
 7|   1.240E+02|                      NaN|   0.0000000000000000E+00|          0|
 7|   1.260E+02|                      NaN|   0.0000000000000000E+00|          0|
 7|   1.280E+02|                      NaN|   0.0000000000000000E+00|          0|
 7|   1.300E+02|                      NaN|   0.0000000000000000E+00|          0|
 7|   1.320E+02|                      NaN|   0.0000000000000000E+00|          0|
 7|   1.340E+02|                      NaN|   0.0000000000000000E+00|          0|
 7|   1.360E+02|                      NaN|   0.0000000000000000E+00|          0|
 7|   1.380E+02|                      NaN|   0.0000000000000000E+00|          0|
 7|   1.400E+02|                      NaN|   0.0000000000000000E+00|          0|
 7|   1.420E+02|                      NaN|   0.0000000000000000E+00|          0|
 7|   1.440E+02|                      NaN|   0.0000000000000000E+00|          0|
 7|   1.460E+02|                      NaN|   0.0000000000000000E+00|          0|
 7|   1.480E+02|                      NaN|   0.0000000000000000E+00|          0|
 7|   1.500E+02|                      NaN|   0.0000000000000000E+00|          0|
 7|   1.520E+02|                      NaN|   0.0000000000000000E+00|          0|
 7|   1.540E+02|                      NaN|   0.0000000000000000E+00|          0|
 7|   1.560E+02|                      NaN|   0.0000000000000000E+00|          0|
 7|   1.580E+02|                      NaN|   0.0000000000000000E+00|          0|
 7|   1.600E+02|                      NaN|   0.0000000000000000E+00|          0|
 7|   1.620E+02|                      NaN|   0.0000000000000000E+00|          0|
 7|   1.640E+02|                      NaN|   0.0000000000000000E+00|          0|
 7|   1.660E+02|                      NaN|   0.0000000000000000E+00|          0|
 7|   1.680E+02|                      NaN|   0.0000000000000000E+00|          0|
 7|   1.700E+02|                      NaN|   0.0000000000000000E+00|          0|
 7|   1.720E+02|                      NaN|   0.0000000000000000E+00|          0|
 7|   1.740E+02|                      NaN|   0.0000000000000000E+00|          0|
 7|   1.760E+02|                      NaN|   0.0000000000000000E+00|          0|
 7|   1.780E+02|                      NaN|   0.0000000000000000E+00|          0|
 7|   1.800E+02|                      NaN|   0.0000000000000000E+00|          0|
 7|   1.820E+02|                      NaN|   0.0000000000000000E+00|          0|
 7|   1.840E+02|                      NaN|   0.0000000000000000E+00|          0|
 7|   1.860E+02|                      NaN|   0.0000000000000000E+00|          0|
 7|   1.880E+02|                      NaN|   0.0000000000000000E+00|          0|
 7|   1.900E+02|                      NaN|   0.0000000000000000E+00|          0|
 7|   1.920E+02|                      NaN|   0.0000000000000000E+00|          0|
 7|   1.940E+02|                      NaN|   0.0000000000000000E+00|          0|
 7|   1.960E+02|                      NaN|   0.0000000000000000E+00|          0|
 7|   1.980E+02|                      NaN|   0.0000000000000000E+00|          0|
# integrated result:   3.9441920969957494E-07
#
# Histogram 8: m_4l                                              
 8|   1.000E+02|                 Infinity|   6.1481735336632939E-03|      26455|
 8|   1.400E+02|                      NaN|   0.0000000000000000E+00|          0|
 8|   1.800E+02|                      NaN|   0.0000000000000000E+00|          0|
 8|   2.200E+02|                      NaN|   0.0000000000000000E+00|          0|
 8|   2.600E+02|                      NaN|   0.0000000000000000E+00|          0|
 8|   3.000E+02|                      NaN|   0.0000000000000000E+00|          0|
 8|   3.400E+02|                      NaN|   0.0000000000000000E+00|          0|
 8|   3.800E+02|                      NaN|   0.0000000000000000E+00|          0|
 8|   4.200E+02|                      NaN|   0.0000000000000000E+00|          0|
 8|   4.600E+02|                      NaN|   0.0000000000000000E+00|          0|
 8|   5.000E+02|                      NaN|   0.0000000000000000E+00|          0|
 8|   5.400E+02|                      NaN|   0.0000000000000000E+00|          0|
 8|   5.800E+02|                      NaN|   0.0000000000000000E+00|          0|
 8|   6.200E+02|                      NaN|   0.0000000000000000E+00|          0|
 8|   6.600E+02|                      NaN|   0.0000000000000000E+00|          0|
 8|   7.000E+02|                      NaN|   0.0000000000000000E+00|          0|
 8|   7.400E+02|                      NaN|   0.0000000000000000E+00|          0|
 8|   7.800E+02|                      NaN|   0.0000000000000000E+00|          0|
 8|   8.200E+02|                      NaN|   0.0000000000000000E+00|          0|
 8|   8.600E+02|                      NaN|   0.0000000000000000E+00|          0|
 8|   9.000E+02|                      NaN|   0.0000000000000000E+00|          0|
 8|   9.400E+02|                      NaN|   0.0000000000000000E+00|          0|
 8|   9.800E+02|                      NaN|   0.0000000000000000E+00|          0|
 8|   1.020E+03|                      NaN|   0.0000000000000000E+00|          0|
 8|   1.060E+03|                      NaN|   0.0000000000000000E+00|          0|
 8|   1.100E+03|                      NaN|   0.0000000000000000E+00|          0|
 8|   1.140E+03|                      NaN|   0.0000000000000000E+00|          0|
 8|   1.180E+03|                      NaN|   0.0000000000000000E+00|          0|
 8|   1.220E+03|                      NaN|   0.0000000000000000E+00|          0|
 8|   1.260E+03|                      NaN|   0.0000000000000000E+00|          0|
 8|   1.300E+03|                      NaN|   0.0000000000000000E+00|          0|
 8|   1.340E+03|                      NaN|   0.0000000000000000E+00|          0|
 8|   1.380E+03|                      NaN|   0.0000000000000000E+00|          0|
 8|   1.420E+03|                      NaN|   0.0000000000000000E+00|          0|
 8|   1.460E+03|                      NaN|   0.0000000000000000E+00|          0|
 8|   1.500E+03|                      NaN|   0.0000000000000000E+00|          0|
 8|   1.540E+03|                      NaN|   0.0000000000000000E+00|          0|
 8|   1.580E+03|                      NaN|   0.0000000000000000E+00|          0|
 8|   1.620E+03|                      NaN|   0.0000000000000000E+00|          0|
 8|   1.660E+03|                      NaN|   0.0000000000000000E+00|          0|
 8|   1.700E+03|                      NaN|   0.0000000000000000E+00|          0|
 8|   1.740E+03|                      NaN|   0.0000000000000000E+00|          0|
 8|   1.780E+03|                      NaN|   0.0000000000000000E+00|          0|
 8|   1.820E+03|                      NaN|   0.0000000000000000E+00|          0|
 8|   1.860E+03|                      NaN|   0.0000000000000000E+00|          0|
 8|   1.900E+03|                      NaN|   0.0000000000000000E+00|          0|
 8|   1.940E+03|                      NaN|   0.0000000000000000E+00|          0|
 8|   1.980E+03|                      NaN|   0.0000000000000000E+00|          0|
 8|   2.020E+03|                      NaN|   0.0000000000000000E+00|          0|
 8|   2.060E+03|                      NaN|   0.0000000000000000E+00|          0|
 8|   2.100E+03|                      NaN|   0.0000000000000000E+00|          0|
 8|   2.140E+03|                      NaN|   0.0000000000000000E+00|          0|
 8|   2.180E+03|                      NaN|   0.0000000000000000E+00|          0|
 8|   2.220E+03|                      NaN|   0.0000000000000000E+00|          0|
 8|   2.260E+03|                      NaN|   0.0000000000000000E+00|          0|
 8|   2.300E+03|                      NaN|   0.0000000000000000E+00|          0|
 8|   2.340E+03|                      NaN|   0.0000000000000000E+00|          0|
 8|   2.380E+03|                      NaN|   0.0000000000000000E+00|          0|
 8|   2.420E+03|                      NaN|   0.0000000000000000E+00|          0|
 8|   2.460E+03|                      NaN|   0.0000000000000000E+00|          0|
 8|   2.500E+03|                      NaN|   0.0000000000000000E+00|          0|
 8|   2.540E+03|                      NaN|   0.0000000000000000E+00|          0|
 8|   2.580E+03|                      NaN|   0.0000000000000000E+00|          0|
 8|   2.620E+03|                      NaN|   0.0000000000000000E+00|          0|
 8|   2.660E+03|                      NaN|   0.0000000000000000E+00|          0|
 8|   2.700E+03|                      NaN|   0.0000000000000000E+00|          0|
 8|   2.740E+03|                      NaN|   0.0000000000000000E+00|          0|
 8|   2.780E+03|                      NaN|   0.0000000000000000E+00|          0|
 8|   2.820E+03|                      NaN|   0.0000000000000000E+00|          0|
 8|   2.860E+03|                      NaN|   0.0000000000000000E+00|          0|
 8|   2.900E+03|                      NaN|   0.0000000000000000E+00|          0|
 8|   2.940E+03|                      NaN|   0.0000000000000000E+00|          0|
 8|   2.980E+03|                      NaN|   0.0000000000000000E+00|          0|
 8|   3.020E+03|                      NaN|   0.0000000000000000E+00|          0|
 8|   3.060E+03|                      NaN|   0.0000000000000000E+00|          0|
 8|   3.100E+03|                      NaN|   0.0000000000000000E+00|          0|
 8|   3.140E+03|                      NaN|   0.0000000000000000E+00|          0|
 8|   3.180E+03|                      NaN|   0.0000000000000000E+00|          0|
 8|   3.220E+03|                      NaN|   0.0000000000000000E+00|          0|
 8|   3.260E+03|                      NaN|   0.0000000000000000E+00|          0|
 8|   3.300E+03|                      NaN|   0.0000000000000000E+00|          0|
 8|   3.340E+03|                      NaN|   0.0000000000000000E+00|          0|
 8|   3.380E+03|                      NaN|   0.0000000000000000E+00|          0|
 8|   3.420E+03|                      NaN|   0.0000000000000000E+00|          0|
 8|   3.460E+03|                      NaN|   0.0000000000000000E+00|          0|
 8|   3.500E+03|                      NaN|   0.0000000000000000E+00|          0|
 8|   3.540E+03|                      NaN|   0.0000000000000000E+00|          0|
 8|   3.580E+03|                      NaN|   0.0000000000000000E+00|          0|
 8|   3.620E+03|                      NaN|   0.0000000000000000E+00|          0|
 8|   3.660E+03|                      NaN|   0.0000000000000000E+00|          0|
 8|   3.700E+03|                      NaN|   0.0000000000000000E+00|          0|
 8|   3.740E+03|                      NaN|   0.0000000000000000E+00|          0|
 8|   3.780E+03|                      NaN|   0.0000000000000000E+00|          0|
 8|   3.820E+03|                      NaN|   0.0000000000000000E+00|          0|
 8|   3.860E+03|                      NaN|   0.0000000000000000E+00|          0|
 8|   3.900E+03|                      NaN|   0.0000000000000000E+00|          0|
 8|   3.940E+03|                      NaN|   0.0000000000000000E+00|          0|
 8|   3.980E+03|                      NaN|   0.0000000000000000E+00|          0|
 8|   4.020E+03|                      NaN|   0.0000000000000000E+00|          0|
 8|   4.060E+03|                      NaN|   0.0000000000000000E+00|          0|
# integrated result:   3.9441920969957372E-07
#
# Histogram 9: m_4l                                              
 9|   8.500E+01|                      NaN|   0.0000000000000000E+00|          0|
 9|   8.600E+01|                      NaN|   0.0000000000000000E+00|          0|
 9|   8.700E+01|                      NaN|   0.0000000000000000E+00|          0|
 9|   8.800E+01|                      NaN|   0.0000000000000000E+00|          0|
 9|   8.900E+01|                      NaN|   0.0000000000000000E+00|          0|
 9|   9.000E+01|                      NaN|   0.0000000000000000E+00|          0|
 9|   9.100E+01|                      NaN|   0.0000000000000000E+00|          0|
 9|   9.200E+01|                      NaN|   0.0000000000000000E+00|          0|
 9|   9.300E+01|                      NaN|   0.0000000000000000E+00|          0|
 9|   9.400E+01|                      NaN|   0.0000000000000000E+00|          0|
 9|   9.500E+01|                      NaN|   0.0000000000000000E+00|          0|
 9|   9.600E+01|                      NaN|   0.0000000000000000E+00|          0|
 9|   9.700E+01|                      NaN|   0.0000000000000000E+00|          0|
 9|   9.800E+01|                      NaN|   0.0000000000000000E+00|          0|
 9|   9.900E+01|                      NaN|   0.0000000000000000E+00|          0|
 9|   1.000E+02|                      NaN|   0.0000000000000000E+00|          0|
 9|   1.010E+02|                      NaN|   0.0000000000000000E+00|          0|
 9|   1.020E+02|                      NaN|   0.0000000000000000E+00|          0|
 9|   1.030E+02|                      NaN|   0.0000000000000000E+00|          0|
 9|   1.040E+02|                      NaN|   0.0000000000000000E+00|          0|
 9|   1.050E+02|                      NaN|   0.0000000000000000E+00|          0|
 9|   1.060E+02|                      NaN|   0.0000000000000000E+00|          0|
 9|   1.070E+02|                      NaN|   0.0000000000000000E+00|          0|
 9|   1.080E+02|                      NaN|   0.0000000000000000E+00|          0|
 9|   1.090E+02|                      NaN|   0.0000000000000000E+00|          0|
 9|   1.100E+02|                      NaN|   0.0000000000000000E+00|          0|
 9|   1.110E+02|                      NaN|   0.0000000000000000E+00|          0|
 9|   1.120E+02|                      NaN|   0.0000000000000000E+00|          0|
 9|   1.130E+02|                      NaN|   0.0000000000000000E+00|          0|
 9|   1.140E+02|                      NaN|   0.0000000000000000E+00|          0|
 9|   1.150E+02|                      NaN|   0.0000000000000000E+00|          0|
 9|   1.160E+02|                      NaN|   0.0000000000000000E+00|          0|
 9|   1.170E+02|                      NaN|   0.0000000000000000E+00|          0|
 9|   1.180E+02|                      NaN|   0.0000000000000000E+00|          0|
 9|   1.190E+02|                      NaN|   0.0000000000000000E+00|          0|
 9|   1.200E+02|                      NaN|   0.0000000000000000E+00|          0|
 9|   1.210E+02|                      NaN|   0.0000000000000000E+00|          0|
 9|   1.220E+02|                      NaN|   0.0000000000000000E+00|          0|
 9|   1.230E+02|                      NaN|   0.0000000000000000E+00|          0|
 9|   1.240E+02|                 Infinity|   8.7891924223799257E-03|      12945|
 9|   1.250E+02|                 Infinity|   8.6034437874435467E-03|      13510|
 9|   1.260E+02|                      NaN|   0.0000000000000000E+00|          0|
 9|   1.270E+02|                      NaN|   0.0000000000000000E+00|          0|
 9|   1.280E+02|                      NaN|   0.0000000000000000E+00|          0|
 9|   1.290E+02|                      NaN|   0.0000000000000000E+00|          0|
 9|   1.300E+02|                      NaN|   0.0000000000000000E+00|          0|
 9|   1.310E+02|                      NaN|   0.0000000000000000E+00|          0|
 9|   1.320E+02|                      NaN|   0.0000000000000000E+00|          0|
 9|   1.330E+02|                      NaN|   0.0000000000000000E+00|          0|
 9|   1.340E+02|                      NaN|   0.0000000000000000E+00|          0|
# integrated result:   3.9441920969957647E-07
#
# Histogram10: Phi1                                              
10|  -3.142E+00|                 Infinity|   3.3389028164708894E-02|        897|
10|  -2.985E+00|                 Infinity|   3.4319911152729012E-02|        849|
10|  -2.827E+00|                 Infinity|   3.6466247874473640E-02|        752|
10|  -2.670E+00|                 Infinity|   3.5488672049383801E-02|        794|
10|  -2.513E+00|                 Infinity|   3.5782813348225660E-02|        781|
10|  -2.356E+00|                 Infinity|   3.5466345106595430E-02|        795|
10|  -2.199E+00|                 Infinity|   3.5245368842512066E-02|        805|
10|  -2.042E+00|                 Infinity|   3.4060135164508579E-02|        862|
10|  -1.885E+00|                 Infinity|   3.7062465833055058E-02|        728|
10|  -1.728E+00|                 Infinity|   3.7345684348663553E-02|        717|
10|  -1.571E+00|                 Infinity|   3.7241946136192937E-02|        721|
10|  -1.414E+00|                 Infinity|   3.9223227027636809E-02|        650|
10|  -1.257E+00|                 Infinity|   4.1415768328129106E-02|        583|
10|  -1.100E+00|                 Infinity|   4.2874646285627205E-02|        544|
10|  -9.425E-01|                 Infinity|   4.4901325506693728E-02|        496|
10|  -7.854E-01|                 Infinity|   4.7351372381037843E-02|        446|
10|  -6.283E-01|                 Infinity|   4.6829290579084699E-02|        456|
10|  -4.713E-01|                 Infinity|   4.7946330148538413E-02|        435|
10|  -3.142E-01|                 Infinity|   4.5883146774112350E-02|        475|
10|  -1.571E-01|                 Infinity|   4.7673129462279619E-02|        440|
10|  -3.000E-05|                 Infinity|   4.8112522432468816E-02|        432|
10|   1.570E-01|                 Infinity|   4.7140452079103168E-02|        450|
10|   3.141E-01|                 Infinity|   4.7511433814557989E-02|        443|
10|   4.712E-01|                 Infinity|   4.5883146774112350E-02|        475|
10|   6.283E-01|                 Infinity|   4.7836487323493986E-02|        437|
10|   7.854E-01|                 Infinity|   4.5175395145262566E-02|        490|
10|   9.424E-01|                 Infinity|   4.2447635997800888E-02|        555|
10|   1.100E+00|                 Infinity|   4.0258484111423729E-02|        617|
10|   1.257E+00|                 Infinity|   3.8518560788567267E-02|        674|
10|   1.414E+00|                 Infinity|   3.8376477822666816E-02|        679|
10|   1.571E+00|                 Infinity|   3.8547167224584990E-02|        673|
10|   1.728E+00|                 Infinity|   3.4857808718787492E-02|        823|
10|   1.885E+00|                 Infinity|   3.4319911152729012E-02|        849|
10|   2.042E+00|                 Infinity|   3.5488672049383801E-02|        794|
10|   2.199E+00|                 Infinity|   3.5828718195000928E-02|        779|
10|   2.356E+00|                 Infinity|   3.5311227577322434E-02|        802|
10|   2.513E+00|                 Infinity|   3.4279558509553047E-02|        851|
10|   2.670E+00|                 Infinity|   3.5944257734479471E-02|        774|
10|   2.827E+00|                 Infinity|   3.6060922298730945E-02|        769|
10|   2.984E+00|                 Infinity|   3.4040395878489879E-02|        863|
# integrated result:   3.9441920969957494E-07
#
