#
# column #1=histogram, #2=x-axis bin, #3=binned cross-section, #4=error, #5=number of events 
# this can be easily plotted in gnuplot with the commands:
#    NHi=3
#    plot 'output.dat' using ($2):($1==NHi ? $3 : 1/0) w st
# where NHi selects the histogram
#
#
# run time =      -0.05min
# TotCS =      6.1826289729E-07           1.32824E-07
#
# Histogram 1: m_jj                                              
 1|   0.000E+00|                 Infinity|   2.4189615691742994E-02|       1709|
 1|   5.000E+01|                 Infinity|   1.1218971615224347E-02|       7945|
 1|   1.000E+02|                 Infinity|   1.2772319171982632E-02|       6130|
 1|   1.500E+02|                 Infinity|   1.5692188097862419E-02|       4061|
 1|   2.000E+02|                 Infinity|   1.8841113964807383E-02|       2817|
 1|   2.500E+02|                 Infinity|   2.2686296284646620E-02|       1943|
 1|   3.000E+02|                 Infinity|   2.6958193300859603E-02|       1376|
 1|   3.500E+02|                 Infinity|   3.2969023669789349E-02|        920|
 1|   4.000E+02|                 Infinity|   3.7796447300922721E-02|        700|
 1|   4.500E+02|                 Infinity|   4.4543540318737397E-02|        504|
 1|   5.000E+02|                 Infinity|   5.2999894000318001E-02|        356|
 1|   5.500E+02|                 Infinity|   6.5795169495976899E-02|        231|
 1|   6.000E+02|                 Infinity|   7.1795815861773818E-02|        194|
 1|   6.500E+02|                 Infinity|   8.5435765771676095E-02|        137|
 1|   7.000E+02|                 Infinity|   1.2038585308576920E-01|         69|
 1|   7.500E+02|                 Infinity|   1.1704114719613057E-01|         73|
 1|   8.000E+02|                 Infinity|   1.5430334996209191E-01|         42|
 1|   8.500E+02|                 Infinity|   1.5249857033260467E-01|         43|
 1|   9.000E+02|                 Infinity|   2.2360679774997896E-01|         20|
 1|   9.500E+02|                 Infinity|   2.7735009811261457E-01|         13|
 1|   1.000E+03|                 Infinity|   2.4253562503633297E-01|         17|
 1|   1.050E+03|                 Infinity|   2.6726124191242440E-01|         14|
 1|   1.100E+03|                 Infinity|   2.7735009811261457E-01|         13|
 1|   1.150E+03|                 Infinity|   3.5355339059327373E-01|          8|
 1|   1.200E+03|                 Infinity|   7.0710678118654746E-01|          2|
 1|   1.250E+03|                 Infinity|   7.0710678118654746E-01|          2|
 1|   1.300E+03|                      NaN|   0.0000000000000000E+00|          0|
 1|   1.350E+03|                 Infinity|   7.0710678118654746E-01|          2|
 1|   1.400E+03|                 Infinity|   1.0000000000000000E+00|          1|
 1|   1.450E+03|                 Infinity|   1.0000000000000000E+00|          1|
 1|   1.500E+03|                      NaN|   0.0000000000000000E+00|          0|
 1|   1.550E+03|                      NaN|   0.0000000000000000E+00|          0|
 1|   1.600E+03|                      NaN|   0.0000000000000000E+00|          0|
 1|   1.650E+03|                 Infinity|   1.0000000000000000E+00|          1|
 1|   1.700E+03|                      NaN|   0.0000000000000000E+00|          0|
 1|   1.750E+03|                 Infinity|   1.0000000000000000E+00|          1|
 1|   1.800E+03|                      NaN|   0.0000000000000000E+00|          0|
 1|   1.850E+03|                 Infinity|   1.0000000000000000E+00|          1|
 1|   1.900E+03|                      NaN|   0.0000000000000000E+00|          0|
 1|   1.950E+03|                 Infinity|   1.0000000000000000E+00|          1|
 1|   2.000E+03|                      NaN|   0.0000000000000000E+00|          0|
 1|   2.050E+03|                      NaN|   0.0000000000000000E+00|          0|
 1|   2.100E+03|                      NaN|   0.0000000000000000E+00|          0|
 1|   2.150E+03|                      NaN|   0.0000000000000000E+00|          0|
 1|   2.200E+03|                      NaN|   0.0000000000000000E+00|          0|
 1|   2.250E+03|                      NaN|   0.0000000000000000E+00|          0|
 1|   2.300E+03|                 Infinity|   1.0000000000000000E+00|          1|
 1|   2.350E+03|                 Infinity|   1.0000000000000000E+00|          1|
 1|   2.400E+03|                 Infinity|   1.0000000000000000E+00|          1|
 1|   2.450E+03|                 Infinity|   1.0000000000000000E+00|          1|
 1|   2.500E+03|                      NaN|   0.0000000000000000E+00|          0|
 1|   2.550E+03|                      NaN|   0.0000000000000000E+00|          0|
 1|   2.600E+03|                      NaN|   0.0000000000000000E+00|          0|
 1|   2.650E+03|                      NaN|   0.0000000000000000E+00|          0|
 1|   2.700E+03|                      NaN|   0.0000000000000000E+00|          0|
 1|   2.750E+03|                      NaN|   0.0000000000000000E+00|          0|
 1|   2.800E+03|                      NaN|   0.0000000000000000E+00|          0|
 1|   2.850E+03|                      NaN|   0.0000000000000000E+00|          0|
 1|   2.900E+03|                      NaN|   0.0000000000000000E+00|          0|
 1|   2.950E+03|                      NaN|   0.0000000000000000E+00|          0|
 1|   3.000E+03|                      NaN|   0.0000000000000000E+00|          0|
 1|   3.050E+03|                      NaN|   0.0000000000000000E+00|          0|
 1|   3.100E+03|                      NaN|   0.0000000000000000E+00|          0|
 1|   3.150E+03|                      NaN|   0.0000000000000000E+00|          0|
 1|   3.200E+03|                      NaN|   0.0000000000000000E+00|          0|
 1|   3.250E+03|                      NaN|   0.0000000000000000E+00|          0|
 1|   3.300E+03|                      NaN|   0.0000000000000000E+00|          0|
 1|   3.350E+03|                      NaN|   0.0000000000000000E+00|          0|
 1|   3.400E+03|                      NaN|   0.0000000000000000E+00|          0|
 1|   3.450E+03|                      NaN|   0.0000000000000000E+00|          0|
 1|   3.500E+03|                      NaN|   0.0000000000000000E+00|          0|
 1|   3.550E+03|                      NaN|   0.0000000000000000E+00|          0|
 1|   3.600E+03|                      NaN|   0.0000000000000000E+00|          0|
 1|   3.650E+03|                      NaN|   0.0000000000000000E+00|          0|
 1|   3.700E+03|                      NaN|   0.0000000000000000E+00|          0|
 1|   3.750E+03|                      NaN|   0.0000000000000000E+00|          0|
 1|   3.800E+03|                      NaN|   0.0000000000000000E+00|          0|
 1|   3.850E+03|                      NaN|   0.0000000000000000E+00|          0|
 1|   3.900E+03|                      NaN|   0.0000000000000000E+00|          0|
 1|   3.950E+03|                      NaN|   0.0000000000000000E+00|          0|
 1|   4.000E+03|                      NaN|   0.0000000000000000E+00|          0|
 1|   4.050E+03|                      NaN|   0.0000000000000000E+00|          0|
 1|   4.100E+03|                      NaN|   0.0000000000000000E+00|          0|
 1|   4.150E+03|                      NaN|   0.0000000000000000E+00|          0|
 1|   4.200E+03|                      NaN|   0.0000000000000000E+00|          0|
 1|   4.250E+03|                      NaN|   0.0000000000000000E+00|          0|
 1|   4.300E+03|                      NaN|   0.0000000000000000E+00|          0|
 1|   4.350E+03|                      NaN|   0.0000000000000000E+00|          0|
 1|   4.400E+03|                      NaN|   0.0000000000000000E+00|          0|
 1|   4.450E+03|                      NaN|   0.0000000000000000E+00|          0|
 1|   4.500E+03|                      NaN|   0.0000000000000000E+00|          0|
 1|   4.550E+03|                      NaN|   0.0000000000000000E+00|          0|
 1|   4.600E+03|                      NaN|   0.0000000000000000E+00|          0|
 1|   4.650E+03|                      NaN|   0.0000000000000000E+00|          0|
 1|   4.700E+03|                      NaN|   0.0000000000000000E+00|          0|
 1|   4.750E+03|                      NaN|   0.0000000000000000E+00|          0|
 1|   4.800E+03|                      NaN|   0.0000000000000000E+00|          0|
 1|   4.850E+03|                      NaN|   0.0000000000000000E+00|          0|
 1|   4.900E+03|                      NaN|   0.0000000000000000E+00|          0|
 1|   4.950E+03|                      NaN|   0.0000000000000000E+00|          0|
# integrated result:   6.1826289729300803E-07
#
# Histogram 2: m_jj                                              
 2|   0.000E+00|                      NaN|   0.0000000000000000E+00|          0|
 2|   2.000E+00|                      NaN|   0.0000000000000000E+00|          0|
 2|   4.000E+00|                      NaN|   0.0000000000000000E+00|          0|
 2|   6.000E+00|                      NaN|   0.0000000000000000E+00|          0|
 2|   8.000E+00|                      NaN|   0.0000000000000000E+00|          0|
 2|   1.000E+01|                      NaN|   0.0000000000000000E+00|          0|
 2|   1.200E+01|                      NaN|   0.0000000000000000E+00|          0|
 2|   1.400E+01|                      NaN|   0.0000000000000000E+00|          0|
 2|   1.600E+01|                      NaN|   0.0000000000000000E+00|          0|
 2|   1.800E+01|                      NaN|   0.0000000000000000E+00|          0|
 2|   2.000E+01|                      NaN|   0.0000000000000000E+00|          0|
 2|   2.200E+01|                      NaN|   0.0000000000000000E+00|          0|
 2|   2.400E+01|                      NaN|   0.0000000000000000E+00|          0|
 2|   2.600E+01|                      NaN|   0.0000000000000000E+00|          0|
 2|   2.800E+01|                      NaN|   0.0000000000000000E+00|          0|
 2|   3.000E+01|                 Infinity|   9.4491118252306799E-02|        112|
 2|   3.200E+01|                 Infinity|   1.0153461651336192E-01|         97|
 2|   3.400E+01|                 Infinity|   9.6225044864937631E-02|        108|
 2|   3.600E+01|                 Infinity|   9.2847669088525930E-02|        116|
 2|   3.800E+01|                 Infinity|   8.1110710565381272E-02|        152|
 2|   4.000E+01|                 Infinity|   7.3323557510676651E-02|        186|
 2|   4.200E+01|                 Infinity|   6.6519010523773930E-02|        226|
 2|   4.400E+01|                 Infinity|   6.6964953018242512E-02|        223|
 2|   4.600E+01|                 Infinity|   6.4415662640083082E-02|        241|
 2|   4.800E+01|                 Infinity|   6.3500063500095252E-02|        248|
 2|   5.000E+01|                 Infinity|   6.3245553203367583E-02|        250|
 2|   5.200E+01|                 Infinity|   6.0084176812610968E-02|        277|
 2|   5.400E+01|                 Infinity|   5.7735026918962568E-02|        300|
 2|   5.600E+01|                 Infinity|   5.7259833431386825E-02|        305|
 2|   5.800E+01|                 Infinity|   5.7639041770423498E-02|        301|
 2|   6.000E+01|                 Infinity|   5.8925565098878967E-02|        288|
 2|   6.200E+01|                 Infinity|   5.5555555555555552E-02|        324|
 2|   6.400E+01|                 Infinity|   5.8420623783698597E-02|        293|
 2|   6.600E+01|                 Infinity|   5.6613851707229781E-02|        312|
 2|   6.800E+01|                 Infinity|   5.5215763037423267E-02|        328|
 2|   7.000E+01|                 Infinity|   5.5641488407465724E-02|        323|
 2|   7.200E+01|                 Infinity|   5.4473471070284329E-02|        337|
 2|   7.400E+01|                 Infinity|   5.3074489243427524E-02|        355|
 2|   7.600E+01|                 Infinity|   5.3149400345273393E-02|        354|
 2|   7.800E+01|                 Infinity|   5.2777981396925952E-02|        359|
 2|   8.000E+01|                 Infinity|   5.3224629541234948E-02|        353|
 2|   8.200E+01|                 Infinity|   5.3376051268362382E-02|        351|
 2|   8.400E+01|                 Infinity|   5.5727821257535282E-02|        322|
 2|   8.600E+01|                 Infinity|   5.6796183424706478E-02|        310|
 2|   8.800E+01|                 Infinity|   5.6523341894422152E-02|        313|
 2|   9.000E+01|                 Infinity|   5.8823529411764705E-02|        289|
 2|   9.200E+01|                 Infinity|   5.4232614454664041E-02|        340|
 2|   9.400E+01|                 Infinity|   5.5555555555555552E-02|        324|
 2|   9.600E+01|                 Infinity|   5.5131784641997125E-02|        329|
 2|   9.800E+01|                 Infinity|   5.6980288229818973E-02|        308|
 2|   1.000E+02|                 Infinity|   5.5814557218594761E-02|        321|
 2|   1.020E+02|                 Infinity|   5.8222250973958202E-02|        295|
 2|   1.040E+02|                 Infinity|   5.8420623783698597E-02|        293|
 2|   1.060E+02|                 Infinity|   6.1199006136210460E-02|        267|
 2|   1.080E+02|                 Infinity|   5.7448498962142602E-02|        303|
 2|   1.100E+02|                 Infinity|   6.0084176812610968E-02|        277|
 2|   1.120E+02|                 Infinity|   6.3628476297577771E-02|        247|
 2|   1.140E+02|                 Infinity|   6.3119440309780311E-02|        251|
 2|   1.160E+02|                 Infinity|   6.0858061945018457E-02|        270|
 2|   1.180E+02|                 Infinity|   6.1429511683395117E-02|        265|
 2|   1.200E+02|                 Infinity|   6.2017367294604234E-02|        260|
 2|   1.220E+02|                 Infinity|   6.7267279399631244E-02|        221|
 2|   1.240E+02|                 Infinity|   6.2869461346193145E-02|        253|
 2|   1.260E+02|                 Infinity|   7.0888120500833582E-02|        199|
 2|   1.280E+02|                 Infinity|   6.4282434653322507E-02|        242|
 2|   1.300E+02|                 Infinity|   6.6226617853252193E-02|        228|
 2|   1.320E+02|                 Infinity|   6.9006555934235422E-02|        210|
 2|   1.340E+02|                 Infinity|   6.4684622735315084E-02|        239|
 2|   1.360E+02|                 Infinity|   7.0186240634359645E-02|        203|
 2|   1.380E+02|                 Infinity|   6.7884423330213065E-02|        217|
 2|   1.400E+02|                 Infinity|   6.8358592702466331E-02|        214|
 2|   1.420E+02|                 Infinity|   6.7573737839948592E-02|        219|
 2|   1.440E+02|                 Infinity|   6.6964953018242512E-02|        223|
 2|   1.460E+02|                 Infinity|   6.9843029576957816E-02|        205|
 2|   1.480E+02|                 Infinity|   6.9337524528153643E-02|        208|
 2|   1.500E+02|                 Infinity|   7.0534561585859828E-02|        201|
 2|   1.520E+02|                 Infinity|   7.2357460529242162E-02|        191|
 2|   1.540E+02|                 Infinity|   7.0710678118654752E-02|        200|
 2|   1.560E+02|                 Infinity|   7.5809804357890337E-02|        174|
 2|   1.580E+02|                 Infinity|   7.5164602800282893E-02|        177|
 2|   1.600E+02|                 Infinity|   8.0321932890249886E-02|        155|
 2|   1.620E+02|                 Infinity|   7.4743509275193590E-02|        179|
 2|   1.640E+02|                 Infinity|   7.3720978077448568E-02|        184|
 2|   1.660E+02|                 Infinity|   7.6028592126970551E-02|        173|
 2|   1.680E+02|                 Infinity|   7.8567420131838608E-02|        162|
 2|   1.700E+02|                 Infinity|   8.1923192051904056E-02|        149|
 2|   1.720E+02|                 Infinity|   7.7615052570633281E-02|        166|
 2|   1.740E+02|                 Infinity|   7.7849894416152296E-02|        165|
 2|   1.760E+02|                 Infinity|   7.6923076923076927E-02|        169|
 2|   1.780E+02|                 Infinity|   7.9555728417572996E-02|        158|
 2|   1.800E+02|                 Infinity|   8.1649658092772609E-02|        150|
 2|   1.820E+02|                 Infinity|   8.1378845877115941E-02|        151|
 2|   1.840E+02|                 Infinity|   8.4215192106651904E-02|        141|
 2|   1.860E+02|                 Infinity|   8.1923192051904056E-02|        149|
 2|   1.880E+02|                 Infinity|   8.2199493652678646E-02|        148|
 2|   1.900E+02|                 Infinity|   8.0582296402538028E-02|        154|
 2|   1.920E+02|                 Infinity|   8.3918135829668908E-02|        142|
 2|   1.940E+02|                 Infinity|   8.4515425472851652E-02|        140|
 2|   1.960E+02|                 Infinity|   8.2199493652678646E-02|        148|
 2|   1.980E+02|                 Infinity|   8.6066296582387042E-02|        135|
# integrated result:   6.1826289729300697E-07
#
# Histogram 3: pT(H)                                             
 3|   0.000E+00|                 Infinity|   2.2059419866945280E-02|       2055|
 3|   1.000E+01|                 Infinity|   1.9940268657049436E-02|       2515|
 3|   2.000E+01|                 Infinity|   2.0076435961970611E-02|       2481|
 3|   3.000E+01|                 Infinity|   1.9837990021453852E-02|       2541|
 3|   4.000E+01|                 Infinity|   2.0269344919546441E-02|       2434|
 3|   5.000E+01|                 Infinity|   2.1252557102111276E-02|       2214|
 3|   6.000E+01|                 Infinity|   2.2070162219599010E-02|       2053|
 3|   7.000E+01|                 Infinity|   2.4042351841717248E-02|       1730|
 3|   8.000E+01|                 Infinity|   2.5932507713058290E-02|       1487|
 3|   9.000E+01|                 Infinity|   2.7809983907757470E-02|       1293|
 3|   1.000E+02|                 Infinity|   2.9840776634222691E-02|       1123|
 3|   1.100E+02|                 Infinity|   3.2633766658241879E-02|        939|
 3|   1.200E+02|                 Infinity|   3.3786868919974296E-02|        876|
 3|   1.300E+02|                 Infinity|   3.7216146378239341E-02|        722|
 3|   1.400E+02|                 Infinity|   3.9809371432901648E-02|        631|
 3|   1.500E+02|                 Infinity|   4.3314808182420998E-02|        533|
 3|   1.600E+02|                 Infinity|   4.4676705160877031E-02|        501|
 3|   1.700E+02|                 Infinity|   5.0964719143762556E-02|        385|
 3|   1.800E+02|                 Infinity|   5.3605626741889741E-02|        348|
 3|   1.900E+02|                 Infinity|   5.4882129994845173E-02|        332|
 3|   2.000E+02|                 Infinity|   6.1199006136210460E-02|        267|
 3|   2.100E+02|                 Infinity|   6.2869461346193145E-02|        253|
 3|   2.200E+02|                 Infinity|   7.3127242412713067E-02|        187|
 3|   2.300E+02|                 Infinity|   7.7151674981045956E-02|        168|
 3|   2.400E+02|                 Infinity|   8.3918135829668908E-02|        142|
 3|   2.500E+02|                 Infinity|   7.7151674981045956E-02|        168|
 3|   2.600E+02|                 Infinity|   9.2057461789832346E-02|        118|
 3|   2.700E+02|                 Infinity|   9.9014754297667443E-02|        102|
 3|   2.800E+02|                 Infinity|   1.0910894511799619E-01|         84|
 3|   2.900E+02|                 Infinity|   1.1547005383792514E-01|         75|
 3|   3.000E+02|                 Infinity|   1.0846522890932808E-01|         85|
 3|   3.100E+02|                 Infinity|   1.3608276348795434E-01|         54|
 3|   3.200E+02|                 Infinity|   1.3363062095621220E-01|         56|
 3|   3.300E+02|                 Infinity|   1.4744195615489714E-01|         46|
 3|   3.400E+02|                 Infinity|   1.5249857033260467E-01|         43|
 3|   3.500E+02|                 Infinity|   1.5617376188860607E-01|         41|
 3|   3.600E+02|                 Infinity|   1.7677669529663687E-01|         32|
 3|   3.700E+02|                 Infinity|   2.1320071635561041E-01|         22|
 3|   3.800E+02|                 Infinity|   1.7960530202677491E-01|         31|
 3|   3.900E+02|                 Infinity|   2.2941573387056174E-01|         19|
 3|   4.000E+02|                 Infinity|   2.1320071635561041E-01|         22|
 3|   4.100E+02|                 Infinity|   2.5000000000000000E-01|         16|
 3|   4.200E+02|                 Infinity|   2.5000000000000000E-01|         16|
 3|   4.300E+02|                 Infinity|   3.0151134457776363E-01|         11|
 3|   4.400E+02|                 Infinity|   2.8867513459481292E-01|         12|
 3|   4.500E+02|                 Infinity|   3.5355339059327373E-01|          8|
 3|   4.600E+02|                 Infinity|   3.3333333333333331E-01|          9|
 3|   4.700E+02|                 Infinity|   3.3333333333333331E-01|          9|
 3|   4.800E+02|                 Infinity|   3.5355339059327373E-01|          8|
 3|   4.900E+02|                 Infinity|   3.5355339059327373E-01|          8|
# integrated result:   6.1826289729300739E-07
#
# Histogram 4: pT(j1)                                            
 4|   0.000E+00|                      NaN|   0.0000000000000000E+00|          0|
 4|   1.000E+01|                 Infinity|   7.7382323253413682E-02|        167|
 4|   2.000E+01|                 Infinity|   2.7066598098038335E-02|       1365|
 4|   3.000E+01|                 Infinity|   2.0408163265306121E-02|       2401|
 4|   4.000E+01|                 Infinity|   1.9202384316064216E-02|       2712|
 4|   5.000E+01|                 Infinity|   1.9280747181992474E-02|       2690|
 4|   6.000E+01|                 Infinity|   2.0412414523193152E-02|       2400|
 4|   7.000E+01|                 Infinity|   2.1780342093451605E-02|       2108|
 4|   8.000E+01|                 Infinity|   2.3498534324630827E-02|       1811|
 4|   9.000E+01|                 Infinity|   2.4806946917841691E-02|       1625|
 4|   1.000E+02|                 Infinity|   2.6499947000159001E-02|       1424|
 4|   1.100E+02|                 Infinity|   2.7503266206804603E-02|       1322|
 4|   1.200E+02|                 Infinity|   2.9604462320866852E-02|       1141|
 4|   1.300E+02|                 Infinity|   3.2058528181875073E-02|        973|
 4|   1.400E+02|                 Infinity|   3.3709993123162106E-02|        880|
 4|   1.500E+02|                 Infinity|   3.6155076303109365E-02|        765|
 4|   1.600E+02|                 Infinity|   3.8778336716474064E-02|        665|
 4|   1.700E+02|                 Infinity|   4.1309619238601381E-02|        586|
 4|   1.800E+02|                 Infinity|   4.4455422447438706E-02|        506|
 4|   1.900E+02|                 Infinity|   4.6880723093849538E-02|        455|
 4|   2.000E+02|                 Infinity|   4.8224282217041212E-02|        430|
 4|   2.100E+02|                 Infinity|   5.1502620262460476E-02|        377|
 4|   2.200E+02|                 Infinity|   5.5555555555555552E-02|        324|
 4|   2.300E+02|                 Infinity|   6.1199006136210460E-02|        267|
 4|   2.400E+02|                 Infinity|   6.6815310478106099E-02|        224|
 4|   2.500E+02|                 Infinity|   7.0710678118654752E-02|        200|
 4|   2.600E+02|                 Infinity|   7.3521462209380772E-02|        185|
 4|   2.700E+02|                 Infinity|   7.4124931666110117E-02|        182|
 4|   2.800E+02|                 Infinity|   7.8567420131838608E-02|        162|
 4|   2.900E+02|                 Infinity|   9.2847669088525930E-02|        116|
 4|   3.000E+02|                 Infinity|   9.9014754297667443E-02|        102|
 4|   3.100E+02|                 Infinity|   1.0910894511799619E-01|         84|
 4|   3.200E+02|                 Infinity|   1.1470786693528087E-01|         76|
 4|   3.300E+02|                 Infinity|   1.1867816581938533E-01|         71|
 4|   3.400E+02|                 Infinity|   1.2700012700019050E-01|         62|
 4|   3.500E+02|                 Infinity|   1.4586499149789456E-01|         47|
 4|   3.600E+02|                 Infinity|   1.3483997249264842E-01|         55|
 4|   3.700E+02|                 Infinity|   1.4433756729740646E-01|         48|
 4|   3.800E+02|                 Infinity|   1.4586499149789456E-01|         47|
 4|   3.900E+02|                 Infinity|   1.5617376188860607E-01|         41|
 4|   4.000E+02|                 Infinity|   1.7407765595569785E-01|         33|
 4|   4.100E+02|                 Infinity|   2.2360679774997896E-01|         20|
 4|   4.200E+02|                 Infinity|   2.2360679774997896E-01|         20|
 4|   4.300E+02|                 Infinity|   1.9611613513818404E-01|         26|
 4|   4.400E+02|                 Infinity|   2.3570226039551587E-01|         18|
 4|   4.500E+02|                 Infinity|   2.5819888974716110E-01|         15|
 4|   4.600E+02|                 Infinity|   2.5000000000000000E-01|         16|
 4|   4.700E+02|                 Infinity|   2.5819888974716110E-01|         15|
 4|   4.800E+02|                 Infinity|   3.1622776601683794E-01|         10|
 4|   4.900E+02|                 Infinity|   3.7796447300922720E-01|          7|
# integrated result:   6.1826289729300771E-07
#
# Histogram 5: dy(j1,j2)                                         
 5|  -5.000E+00|                 Infinity|   3.5355339059327373E-01|          8|
 5|  -4.800E+00|                 Infinity|   2.3570226039551587E-01|         18|
 5|  -4.600E+00|                 Infinity|   1.5617376188860607E-01|         41|
 5|  -4.400E+00|                 Infinity|   1.1396057645963795E-01|         77|
 5|  -4.200E+00|                 Infinity|   1.1043152607484653E-01|         82|
 5|  -4.000E+00|                 Infinity|   9.0909090909090912E-02|        121|
 5|  -3.800E+00|                 Infinity|   8.1923192051904056E-02|        149|
 5|  -3.600E+00|                 Infinity|   7.9555728417572996E-02|        158|
 5|  -3.400E+00|                 Infinity|   7.1795815861773818E-02|        194|
 5|  -3.200E+00|                 Infinity|   5.7073014553534959E-02|        307|
 5|  -3.000E+00|                 Infinity|   5.3452248382484871E-02|        350|
 5|  -2.800E+00|                 Infinity|   4.2756912480901278E-02|        547|
 5|  -2.600E+00|                 Infinity|   4.0756957296961119E-02|        602|
 5|  -2.400E+00|                 Infinity|   3.2915400933831662E-02|        923|
 5|  -2.200E+00|                 Infinity|   2.9160592175990215E-02|       1176|
 5|  -2.000E+00|                 Infinity|   2.7166291246208060E-02|       1355|
 5|  -1.800E+00|                 Infinity|   2.2145800696175846E-02|       2039|
 5|  -1.600E+00|                 Infinity|   2.4112141108520606E-02|       1720|
 5|  -1.400E+00|                 Infinity|   2.3728949893812475E-02|       1776|
 5|  -1.200E+00|                 Infinity|   2.1698151830137308E-02|       2124|
 5|  -1.000E+00|                 Infinity|   2.1958143754552940E-02|       2074|
 5|  -8.000E-01|                 Infinity|   2.1437323142813602E-02|       2176|
 5|  -6.000E-01|                 Infinity|   2.3350723124715221E-02|       1834|
 5|  -4.000E-01|                 Infinity|   2.1252557102111276E-02|       2214|
 5|  -2.000E-01|                 Infinity|   2.8352398856187136E-02|       1244|
 5|   0.000E+00|                 Infinity|   3.1143732993214979E-02|       1031|
 5|   2.000E-01|                 Infinity|   3.3961780540566221E-02|        867|
 5|   4.000E-01|                 Infinity|   3.8720154633118314E-02|        667|
 5|   6.000E-01|                 Infinity|   4.0858892322271849E-02|        599|
 5|   8.000E-01|                 Infinity|   5.2558833122763673E-02|        362|
 5|   1.000E+00|                 Infinity|   4.6423834544262965E-02|        464|
 5|   1.200E+00|                 Infinity|   4.5083481733371615E-02|        492|
 5|   1.400E+00|                 Infinity|   5.3605626741889741E-02|        348|
 5|   1.600E+00|                 Infinity|   6.2994078834871195E-02|        252|
 5|   1.800E+00|                 Infinity|   7.5809804357890337E-02|        174|
 5|   2.000E+00|                 Infinity|   7.6471911290187253E-02|        171|
 5|   2.200E+00|                 Infinity|   7.7615052570633281E-02|        166|
 5|   2.400E+00|                 Infinity|   8.2199493652678646E-02|        148|
 5|   2.600E+00|                 Infinity|   1.0482848367219183E-01|         91|
 5|   2.800E+00|                 Infinity|   1.3483997249264842E-01|         55|
 5|   3.000E+00|                 Infinity|   1.5249857033260467E-01|         43|
 5|   3.200E+00|                 Infinity|   2.0412414523193154E-01|         24|
 5|   3.400E+00|                 Infinity|   2.1821789023599239E-01|         21|
 5|   3.600E+00|                 Infinity|   2.5000000000000000E-01|         16|
 5|   3.800E+00|                 Infinity|   3.5355339059327373E-01|          8|
 5|   4.000E+00|                 Infinity|   3.1622776601683794E-01|         10|
 5|   4.200E+00|                 Infinity|   3.7796447300922720E-01|          7|
 5|   4.400E+00|                 Infinity|   5.7735026918962584E-01|          3|
 5|   4.600E+00|                 Infinity|   4.0824829046386307E-01|          6|
 5|   4.800E+00|                 Infinity|   7.0710678118654746E-01|          2|
# integrated result:   6.1826289729300697E-07
#
# Histogram 6: mz1                                               
 6|   0.000E+00|                      NaN|   0.0000000000000000E+00|          0|
 6|   2.000E+00|                      NaN|   0.0000000000000000E+00|          0|
 6|   4.000E+00|                 Infinity|   2.0386946747183242E-02|       2406|
 6|   6.000E+00|                 Infinity|   1.9806834933486603E-02|       2549|
 6|   8.000E+00|                 Infinity|   2.3973165074269207E-02|       1740|
 6|   1.000E+01|                 Infinity|   3.6785594638885484E-02|        739|
 6|   1.200E+01|                 Infinity|   2.8891599832849384E-02|       1198|
 6|   1.400E+01|                 Infinity|   4.9266463908214660E-02|        412|
 6|   1.600E+01|                 Infinity|   5.8420623783698597E-02|        293|
 6|   1.800E+01|                 Infinity|   4.1309619238601381E-02|        586|
 6|   2.000E+01|                 Infinity|   2.5465828684918111E-02|       1542|
 6|   2.200E+01|                 Infinity|   3.7688918072220454E-02|        704|
 6|   2.400E+01|                 Infinity|   2.4448489343954046E-02|       1673|
 6|   2.600E+01|                 Infinity|   4.0064154010750197E-02|        623|
 6|   2.800E+01|                 Infinity|   4.9147318718299048E-02|        414|
 6|   3.000E+01|                 Infinity|   6.9673301429161769E-02|        206|
 6|   3.200E+01|                 Infinity|   7.0710678118654752E-02|        200|
 6|   3.400E+01|                 Infinity|   1.6439898730535729E-01|         37|
 6|   3.600E+01|                 Infinity|   1.6439898730535729E-01|         37|
 6|   3.800E+01|                 Infinity|   1.5430334996209191E-01|         42|
 6|   4.000E+01|                 Infinity|   1.7149858514250882E-01|         34|
 6|   4.200E+01|                 Infinity|   1.9611613513818404E-01|         26|
 6|   4.400E+01|                 Infinity|   1.6222142113076254E-01|         38|
 6|   4.600E+01|                 Infinity|   1.7407765595569785E-01|         33|
 6|   4.800E+01|                 Infinity|   2.0000000000000001E-01|         25|
 6|   5.000E+01|                 Infinity|   2.2360679774997896E-01|         20|
 6|   5.200E+01|                 Infinity|   1.8898223650461360E-01|         28|
 6|   5.400E+01|                 Infinity|   1.7407765595569785E-01|         33|
 6|   5.600E+01|                 Infinity|   1.6439898730535729E-01|         37|
 6|   5.800E+01|                 Infinity|   1.6439898730535729E-01|         37|
 6|   6.000E+01|                 Infinity|   1.4002800840280097E-01|         51|
 6|   6.200E+01|                 Infinity|   1.3245323570650439E-01|         57|
 6|   6.400E+01|                 Infinity|   1.1952286093343936E-01|         70|
 6|   6.600E+01|                 Infinity|   1.2403473458920847E-01|         65|
 6|   6.800E+01|                 Infinity|   1.1547005383792514E-01|         75|
 6|   7.000E+01|                 Infinity|   1.0314212462587934E-01|         94|
 6|   7.200E+01|                 Infinity|   1.2126781251816648E-01|         68|
 6|   7.400E+01|                 Infinity|   1.3736056394868904E-01|         53|
 6|   7.600E+01|                 Infinity|   1.1867816581938533E-01|         71|
 6|   7.800E+01|                 Infinity|   8.8388347648318433E-02|        128|
 6|   8.000E+01|                 Infinity|   7.4743509275193590E-02|        179|
 6|   8.200E+01|                 Infinity|   9.1669849702821132E-02|        119|
 6|   8.400E+01|                 Infinity|   7.0186240634359645E-02|        203|
 6|   8.600E+01|                 Infinity|   5.2270837348931669E-02|        366|
 6|   8.800E+01|                 Infinity|   1.5885027237483865E-02|       3963|
 6|   9.000E+01|                 Infinity|   1.6334288009620029E-02|       3748|
 6|   9.200E+01|                 Infinity|   1.7562789445387736E-02|       3242|
 6|   9.400E+01|                 Infinity|   5.0000000000000003E-02|        400|
 6|   9.600E+01|                 Infinity|   4.9629166698546508E-02|        406|
 6|   9.800E+01|                 Infinity|   8.2478609884232251E-02|        147|
 6|   1.000E+02|                 Infinity|   1.5811388300841897E-01|         40|
 6|   1.020E+02|                 Infinity|   1.8257418583505536E-01|         30|
 6|   1.040E+02|                 Infinity|   3.0151134457776363E-01|         11|
 6|   1.060E+02|                 Infinity|   2.7735009811261457E-01|         13|
 6|   1.080E+02|                 Infinity|   2.8867513459481292E-01|         12|
 6|   1.100E+02|                 Infinity|   3.7796447300922720E-01|          7|
 6|   1.120E+02|                 Infinity|   4.0824829046386307E-01|          6|
 6|   1.140E+02|                 Infinity|   3.1622776601683794E-01|         10|
 6|   1.160E+02|                 Infinity|   4.4721359549995793E-01|          5|
 6|   1.180E+02|                      NaN|   0.0000000000000000E+00|          0|
 6|   1.200E+02|                      NaN|   0.0000000000000000E+00|          0|
 6|   1.220E+02|                      NaN|   0.0000000000000000E+00|          0|
 6|   1.240E+02|                      NaN|   0.0000000000000000E+00|          0|
 6|   1.260E+02|                      NaN|   0.0000000000000000E+00|          0|
 6|   1.280E+02|                      NaN|   0.0000000000000000E+00|          0|
 6|   1.300E+02|                      NaN|   0.0000000000000000E+00|          0|
 6|   1.320E+02|                      NaN|   0.0000000000000000E+00|          0|
 6|   1.340E+02|                      NaN|   0.0000000000000000E+00|          0|
 6|   1.360E+02|                      NaN|   0.0000000000000000E+00|          0|
 6|   1.380E+02|                      NaN|   0.0000000000000000E+00|          0|
 6|   1.400E+02|                      NaN|   0.0000000000000000E+00|          0|
 6|   1.420E+02|                      NaN|   0.0000000000000000E+00|          0|
 6|   1.440E+02|                      NaN|   0.0000000000000000E+00|          0|
 6|   1.460E+02|                      NaN|   0.0000000000000000E+00|          0|
 6|   1.480E+02|                      NaN|   0.0000000000000000E+00|          0|
 6|   1.500E+02|                      NaN|   0.0000000000000000E+00|          0|
 6|   1.520E+02|                      NaN|   0.0000000000000000E+00|          0|
 6|   1.540E+02|                      NaN|   0.0000000000000000E+00|          0|
 6|   1.560E+02|                      NaN|   0.0000000000000000E+00|          0|
 6|   1.580E+02|                      NaN|   0.0000000000000000E+00|          0|
 6|   1.600E+02|                      NaN|   0.0000000000000000E+00|          0|
 6|   1.620E+02|                      NaN|   0.0000000000000000E+00|          0|
 6|   1.640E+02|                      NaN|   0.0000000000000000E+00|          0|
 6|   1.660E+02|                      NaN|   0.0000000000000000E+00|          0|
 6|   1.680E+02|                      NaN|   0.0000000000000000E+00|          0|
 6|   1.700E+02|                      NaN|   0.0000000000000000E+00|          0|
 6|   1.720E+02|                      NaN|   0.0000000000000000E+00|          0|
 6|   1.740E+02|                      NaN|   0.0000000000000000E+00|          0|
 6|   1.760E+02|                      NaN|   0.0000000000000000E+00|          0|
 6|   1.780E+02|                      NaN|   0.0000000000000000E+00|          0|
 6|   1.800E+02|                      NaN|   0.0000000000000000E+00|          0|
 6|   1.820E+02|                      NaN|   0.0000000000000000E+00|          0|
 6|   1.840E+02|                      NaN|   0.0000000000000000E+00|          0|
 6|   1.860E+02|                      NaN|   0.0000000000000000E+00|          0|
 6|   1.880E+02|                      NaN|   0.0000000000000000E+00|          0|
 6|   1.900E+02|                      NaN|   0.0000000000000000E+00|          0|
 6|   1.920E+02|                      NaN|   0.0000000000000000E+00|          0|
 6|   1.940E+02|                      NaN|   0.0000000000000000E+00|          0|
 6|   1.960E+02|                      NaN|   0.0000000000000000E+00|          0|
 6|   1.980E+02|                      NaN|   0.0000000000000000E+00|          0|
# integrated result:   6.1826289729300728E-07
#
# Histogram 7: mz2                                               
 7|   0.000E+00|                      NaN|   0.0000000000000000E+00|          0|
 7|   2.000E+00|                      NaN|   0.0000000000000000E+00|          0|
 7|   4.000E+00|                 Infinity|   3.3040930022754489E-02|        916|
 7|   6.000E+00|                 Infinity|   3.4773407121036048E-02|        827|
 7|   8.000E+00|                 Infinity|   3.6393726262341948E-02|        755|
 7|   1.000E+01|                 Infinity|   4.0032038451271783E-02|        624|
 7|   1.200E+01|                 Infinity|   3.3370432213299994E-02|        898|
 7|   1.400E+01|                 Infinity|   2.8988551782622423E-02|       1190|
 7|   1.600E+01|                 Infinity|   3.0802055181684874E-02|       1054|
 7|   1.800E+01|                 Infinity|   3.3463724070512735E-02|        893|
 7|   2.000E+01|                 Infinity|   4.4721359549995794E-02|        500|
 7|   2.200E+01|                 Infinity|   4.1739193556484110E-02|        574|
 7|   2.400E+01|                 Infinity|   3.5714285714285712E-02|        784|
 7|   2.600E+01|                 Infinity|   3.1038542762210040E-02|       1038|
 7|   2.800E+01|                 Infinity|   2.8467047115478598E-02|       1234|
 7|   3.000E+01|                 Infinity|   2.8688765527462350E-02|       1215|
 7|   3.200E+01|                 Infinity|   3.7037037037037035E-02|        729|
 7|   3.400E+01|                 Infinity|   4.2993358039234778E-02|        541|
 7|   3.600E+01|                 Infinity|   7.8567420131838608E-02|        162|
 7|   3.800E+01|                 Infinity|   9.3250480824031381E-02|        115|
 7|   4.000E+01|                 Infinity|   8.7705801930702931E-02|        130|
 7|   4.200E+01|                 Infinity|   9.1287092917527679E-02|        120|
 7|   4.400E+01|                 Infinity|   7.2168783648703230E-02|        192|
 7|   4.600E+01|                 Infinity|   8.2760588860236795E-02|        146|
 7|   4.800E+01|                 Infinity|   1.2309149097933272E-01|         66|
 7|   5.000E+01|                 Infinity|   1.3608276348795434E-01|         54|
 7|   5.200E+01|                 Infinity|   1.2909944487358055E-01|         60|
 7|   5.400E+01|                 Infinity|   1.2216944435630522E-01|         67|
 7|   5.600E+01|                 Infinity|   1.0976425998969035E-01|         83|
 7|   5.800E+01|                 Infinity|   1.1111111111111110E-01|         81|
 7|   6.000E+01|                 Infinity|   1.0976425998969035E-01|         83|
 7|   6.200E+01|                 Infinity|   1.2309149097933272E-01|         66|
 7|   6.400E+01|                 Infinity|   1.3483997249264842E-01|         55|
 7|   6.600E+01|                 Infinity|   1.3130643285972254E-01|         58|
 7|   6.800E+01|                 Infinity|   9.8058067569092022E-02|        104|
 7|   7.000E+01|                 Infinity|   6.9843029576957816E-02|        205|
 7|   7.200E+01|                 Infinity|   5.7448498962142602E-02|        303|
 7|   7.400E+01|                 Infinity|   7.0710678118654752E-02|        200|
 7|   7.600E+01|                 Infinity|   5.9131239598908258E-02|        286|
 7|   7.800E+01|                 Infinity|   6.6519010523773930E-02|        226|
 7|   8.000E+01|                 Infinity|   5.0572173742417362E-02|        391|
 7|   8.200E+01|                 Infinity|   4.1380294430118397E-02|        584|
 7|   8.400E+01|                 Infinity|   4.0824829046386304E-02|        600|
 7|   8.600E+01|                 Infinity|   3.3690856026460457E-02|        881|
 7|   8.800E+01|                 Infinity|   1.6917592107763765E-02|       3494|
 7|   9.000E+01|                 Infinity|   1.6793090728662613E-02|       3546|
 7|   9.200E+01|                 Infinity|   2.1238172967060986E-02|       2217|
 7|   9.400E+01|                 Infinity|   5.4392829322042119E-02|        338|
 7|   9.600E+01|                 Infinity|   7.1981575074869450E-02|        193|
 7|   9.800E+01|                 Infinity|   7.8811040623910061E-02|        161|
 7|   1.000E+02|                 Infinity|   1.0721125348377948E-01|         87|
 7|   1.020E+02|                 Infinity|   1.3608276348795434E-01|         54|
 7|   1.040E+02|                 Infinity|   1.2403473458920847E-01|         65|
 7|   1.060E+02|                 Infinity|   1.4433756729740646E-01|         48|
 7|   1.080E+02|                 Infinity|   1.7960530202677491E-01|         31|
 7|   1.100E+02|                 Infinity|   2.4253562503633297E-01|         17|
 7|   1.120E+02|                 Infinity|   7.0710678118654746E-01|          2|
 7|   1.140E+02|                 Infinity|   4.0824829046386307E-01|          6|
 7|   1.160E+02|                 Infinity|   7.0710678118654746E-01|          2|
 7|   1.180E+02|                      NaN|   0.0000000000000000E+00|          0|
 7|   1.200E+02|                      NaN|   0.0000000000000000E+00|          0|
 7|   1.220E+02|                      NaN|   0.0000000000000000E+00|          0|
 7|   1.240E+02|                      NaN|   0.0000000000000000E+00|          0|
 7|   1.260E+02|                      NaN|   0.0000000000000000E+00|          0|
 7|   1.280E+02|                      NaN|   0.0000000000000000E+00|          0|
 7|   1.300E+02|                      NaN|   0.0000000000000000E+00|          0|
 7|   1.320E+02|                      NaN|   0.0000000000000000E+00|          0|
 7|   1.340E+02|                      NaN|   0.0000000000000000E+00|          0|
 7|   1.360E+02|                      NaN|   0.0000000000000000E+00|          0|
 7|   1.380E+02|                      NaN|   0.0000000000000000E+00|          0|
 7|   1.400E+02|                      NaN|   0.0000000000000000E+00|          0|
 7|   1.420E+02|                      NaN|   0.0000000000000000E+00|          0|
 7|   1.440E+02|                      NaN|   0.0000000000000000E+00|          0|
 7|   1.460E+02|                      NaN|   0.0000000000000000E+00|          0|
 7|   1.480E+02|                      NaN|   0.0000000000000000E+00|          0|
 7|   1.500E+02|                      NaN|   0.0000000000000000E+00|          0|
 7|   1.520E+02|                      NaN|   0.0000000000000000E+00|          0|
 7|   1.540E+02|                      NaN|   0.0000000000000000E+00|          0|
 7|   1.560E+02|                      NaN|   0.0000000000000000E+00|          0|
 7|   1.580E+02|                      NaN|   0.0000000000000000E+00|          0|
 7|   1.600E+02|                      NaN|   0.0000000000000000E+00|          0|
 7|   1.620E+02|                      NaN|   0.0000000000000000E+00|          0|
 7|   1.640E+02|                      NaN|   0.0000000000000000E+00|          0|
 7|   1.660E+02|                      NaN|   0.0000000000000000E+00|          0|
 7|   1.680E+02|                      NaN|   0.0000000000000000E+00|          0|
 7|   1.700E+02|                      NaN|   0.0000000000000000E+00|          0|
 7|   1.720E+02|                      NaN|   0.0000000000000000E+00|          0|
 7|   1.740E+02|                      NaN|   0.0000000000000000E+00|          0|
 7|   1.760E+02|                      NaN|   0.0000000000000000E+00|          0|
 7|   1.780E+02|                      NaN|   0.0000000000000000E+00|          0|
 7|   1.800E+02|                      NaN|   0.0000000000000000E+00|          0|
 7|   1.820E+02|                      NaN|   0.0000000000000000E+00|          0|
 7|   1.840E+02|                      NaN|   0.0000000000000000E+00|          0|
 7|   1.860E+02|                      NaN|   0.0000000000000000E+00|          0|
 7|   1.880E+02|                      NaN|   0.0000000000000000E+00|          0|
 7|   1.900E+02|                      NaN|   0.0000000000000000E+00|          0|
 7|   1.920E+02|                      NaN|   0.0000000000000000E+00|          0|
 7|   1.940E+02|                      NaN|   0.0000000000000000E+00|          0|
 7|   1.960E+02|                      NaN|   0.0000000000000000E+00|          0|
 7|   1.980E+02|                      NaN|   0.0000000000000000E+00|          0|
# integrated result:   6.1826289729300739E-07
#
# Histogram 8: m_4l                                              
 8|   1.000E+02|                 Infinity|   5.8369846174674061E-03|      29351|
 8|   1.400E+02|                      NaN|   0.0000000000000000E+00|          0|
 8|   1.800E+02|                      NaN|   0.0000000000000000E+00|          0|
 8|   2.200E+02|                      NaN|   0.0000000000000000E+00|          0|
 8|   2.600E+02|                      NaN|   0.0000000000000000E+00|          0|
 8|   3.000E+02|                      NaN|   0.0000000000000000E+00|          0|
 8|   3.400E+02|                      NaN|   0.0000000000000000E+00|          0|
 8|   3.800E+02|                      NaN|   0.0000000000000000E+00|          0|
 8|   4.200E+02|                      NaN|   0.0000000000000000E+00|          0|
 8|   4.600E+02|                      NaN|   0.0000000000000000E+00|          0|
 8|   5.000E+02|                      NaN|   0.0000000000000000E+00|          0|
 8|   5.400E+02|                      NaN|   0.0000000000000000E+00|          0|
 8|   5.800E+02|                      NaN|   0.0000000000000000E+00|          0|
 8|   6.200E+02|                      NaN|   0.0000000000000000E+00|          0|
 8|   6.600E+02|                      NaN|   0.0000000000000000E+00|          0|
 8|   7.000E+02|                      NaN|   0.0000000000000000E+00|          0|
 8|   7.400E+02|                      NaN|   0.0000000000000000E+00|          0|
 8|   7.800E+02|                      NaN|   0.0000000000000000E+00|          0|
 8|   8.200E+02|                      NaN|   0.0000000000000000E+00|          0|
 8|   8.600E+02|                      NaN|   0.0000000000000000E+00|          0|
 8|   9.000E+02|                      NaN|   0.0000000000000000E+00|          0|
 8|   9.400E+02|                      NaN|   0.0000000000000000E+00|          0|
 8|   9.800E+02|                      NaN|   0.0000000000000000E+00|          0|
 8|   1.020E+03|                      NaN|   0.0000000000000000E+00|          0|
 8|   1.060E+03|                      NaN|   0.0000000000000000E+00|          0|
 8|   1.100E+03|                      NaN|   0.0000000000000000E+00|          0|
 8|   1.140E+03|                      NaN|   0.0000000000000000E+00|          0|
 8|   1.180E+03|                      NaN|   0.0000000000000000E+00|          0|
 8|   1.220E+03|                      NaN|   0.0000000000000000E+00|          0|
 8|   1.260E+03|                      NaN|   0.0000000000000000E+00|          0|
 8|   1.300E+03|                      NaN|   0.0000000000000000E+00|          0|
 8|   1.340E+03|                      NaN|   0.0000000000000000E+00|          0|
 8|   1.380E+03|                      NaN|   0.0000000000000000E+00|          0|
 8|   1.420E+03|                      NaN|   0.0000000000000000E+00|          0|
 8|   1.460E+03|                      NaN|   0.0000000000000000E+00|          0|
 8|   1.500E+03|                      NaN|   0.0000000000000000E+00|          0|
 8|   1.540E+03|                      NaN|   0.0000000000000000E+00|          0|
 8|   1.580E+03|                      NaN|   0.0000000000000000E+00|          0|
 8|   1.620E+03|                      NaN|   0.0000000000000000E+00|          0|
 8|   1.660E+03|                      NaN|   0.0000000000000000E+00|          0|
 8|   1.700E+03|                      NaN|   0.0000000000000000E+00|          0|
 8|   1.740E+03|                      NaN|   0.0000000000000000E+00|          0|
 8|   1.780E+03|                      NaN|   0.0000000000000000E+00|          0|
 8|   1.820E+03|                      NaN|   0.0000000000000000E+00|          0|
 8|   1.860E+03|                      NaN|   0.0000000000000000E+00|          0|
 8|   1.900E+03|                      NaN|   0.0000000000000000E+00|          0|
 8|   1.940E+03|                      NaN|   0.0000000000000000E+00|          0|
 8|   1.980E+03|                      NaN|   0.0000000000000000E+00|          0|
 8|   2.020E+03|                      NaN|   0.0000000000000000E+00|          0|
 8|   2.060E+03|                      NaN|   0.0000000000000000E+00|          0|
 8|   2.100E+03|                      NaN|   0.0000000000000000E+00|          0|
 8|   2.140E+03|                      NaN|   0.0000000000000000E+00|          0|
 8|   2.180E+03|                      NaN|   0.0000000000000000E+00|          0|
 8|   2.220E+03|                      NaN|   0.0000000000000000E+00|          0|
 8|   2.260E+03|                      NaN|   0.0000000000000000E+00|          0|
 8|   2.300E+03|                      NaN|   0.0000000000000000E+00|          0|
 8|   2.340E+03|                      NaN|   0.0000000000000000E+00|          0|
 8|   2.380E+03|                      NaN|   0.0000000000000000E+00|          0|
 8|   2.420E+03|                      NaN|   0.0000000000000000E+00|          0|
 8|   2.460E+03|                      NaN|   0.0000000000000000E+00|          0|
 8|   2.500E+03|                      NaN|   0.0000000000000000E+00|          0|
 8|   2.540E+03|                      NaN|   0.0000000000000000E+00|          0|
 8|   2.580E+03|                      NaN|   0.0000000000000000E+00|          0|
 8|   2.620E+03|                      NaN|   0.0000000000000000E+00|          0|
 8|   2.660E+03|                      NaN|   0.0000000000000000E+00|          0|
 8|   2.700E+03|                      NaN|   0.0000000000000000E+00|          0|
 8|   2.740E+03|                      NaN|   0.0000000000000000E+00|          0|
 8|   2.780E+03|                      NaN|   0.0000000000000000E+00|          0|
 8|   2.820E+03|                      NaN|   0.0000000000000000E+00|          0|
 8|   2.860E+03|                      NaN|   0.0000000000000000E+00|          0|
 8|   2.900E+03|                      NaN|   0.0000000000000000E+00|          0|
 8|   2.940E+03|                      NaN|   0.0000000000000000E+00|          0|
 8|   2.980E+03|                      NaN|   0.0000000000000000E+00|          0|
 8|   3.020E+03|                      NaN|   0.0000000000000000E+00|          0|
 8|   3.060E+03|                      NaN|   0.0000000000000000E+00|          0|
 8|   3.100E+03|                      NaN|   0.0000000000000000E+00|          0|
 8|   3.140E+03|                      NaN|   0.0000000000000000E+00|          0|
 8|   3.180E+03|                      NaN|   0.0000000000000000E+00|          0|
 8|   3.220E+03|                      NaN|   0.0000000000000000E+00|          0|
 8|   3.260E+03|                      NaN|   0.0000000000000000E+00|          0|
 8|   3.300E+03|                      NaN|   0.0000000000000000E+00|          0|
 8|   3.340E+03|                      NaN|   0.0000000000000000E+00|          0|
 8|   3.380E+03|                      NaN|   0.0000000000000000E+00|          0|
 8|   3.420E+03|                      NaN|   0.0000000000000000E+00|          0|
 8|   3.460E+03|                      NaN|   0.0000000000000000E+00|          0|
 8|   3.500E+03|                      NaN|   0.0000000000000000E+00|          0|
 8|   3.540E+03|                      NaN|   0.0000000000000000E+00|          0|
 8|   3.580E+03|                      NaN|   0.0000000000000000E+00|          0|
 8|   3.620E+03|                      NaN|   0.0000000000000000E+00|          0|
 8|   3.660E+03|                      NaN|   0.0000000000000000E+00|          0|
 8|   3.700E+03|                      NaN|   0.0000000000000000E+00|          0|
 8|   3.740E+03|                      NaN|   0.0000000000000000E+00|          0|
 8|   3.780E+03|                      NaN|   0.0000000000000000E+00|          0|
 8|   3.820E+03|                      NaN|   0.0000000000000000E+00|          0|
 8|   3.860E+03|                      NaN|   0.0000000000000000E+00|          0|
 8|   3.900E+03|                      NaN|   0.0000000000000000E+00|          0|
 8|   3.940E+03|                      NaN|   0.0000000000000000E+00|          0|
 8|   3.980E+03|                      NaN|   0.0000000000000000E+00|          0|
 8|   4.020E+03|                      NaN|   0.0000000000000000E+00|          0|
 8|   4.060E+03|                      NaN|   0.0000000000000000E+00|          0|
# integrated result:   6.1826289729300495E-07
#
# Histogram 9: m_4l                                              
 9|   8.500E+01|                      NaN|   0.0000000000000000E+00|          0|
 9|   8.600E+01|                      NaN|   0.0000000000000000E+00|          0|
 9|   8.700E+01|                      NaN|   0.0000000000000000E+00|          0|
 9|   8.800E+01|                      NaN|   0.0000000000000000E+00|          0|
 9|   8.900E+01|                      NaN|   0.0000000000000000E+00|          0|
 9|   9.000E+01|                      NaN|   0.0000000000000000E+00|          0|
 9|   9.100E+01|                      NaN|   0.0000000000000000E+00|          0|
 9|   9.200E+01|                      NaN|   0.0000000000000000E+00|          0|
 9|   9.300E+01|                      NaN|   0.0000000000000000E+00|          0|
 9|   9.400E+01|                      NaN|   0.0000000000000000E+00|          0|
 9|   9.500E+01|                      NaN|   0.0000000000000000E+00|          0|
 9|   9.600E+01|                      NaN|   0.0000000000000000E+00|          0|
 9|   9.700E+01|                      NaN|   0.0000000000000000E+00|          0|
 9|   9.800E+01|                      NaN|   0.0000000000000000E+00|          0|
 9|   9.900E+01|                      NaN|   0.0000000000000000E+00|          0|
 9|   1.000E+02|                      NaN|   0.0000000000000000E+00|          0|
 9|   1.010E+02|                      NaN|   0.0000000000000000E+00|          0|
 9|   1.020E+02|                      NaN|   0.0000000000000000E+00|          0|
 9|   1.030E+02|                      NaN|   0.0000000000000000E+00|          0|
 9|   1.040E+02|                      NaN|   0.0000000000000000E+00|          0|
 9|   1.050E+02|                      NaN|   0.0000000000000000E+00|          0|
 9|   1.060E+02|                      NaN|   0.0000000000000000E+00|          0|
 9|   1.070E+02|                      NaN|   0.0000000000000000E+00|          0|
 9|   1.080E+02|                      NaN|   0.0000000000000000E+00|          0|
 9|   1.090E+02|                      NaN|   0.0000000000000000E+00|          0|
 9|   1.100E+02|                      NaN|   0.0000000000000000E+00|          0|
 9|   1.110E+02|                      NaN|   0.0000000000000000E+00|          0|
 9|   1.120E+02|                      NaN|   0.0000000000000000E+00|          0|
 9|   1.130E+02|                      NaN|   0.0000000000000000E+00|          0|
 9|   1.140E+02|                      NaN|   0.0000000000000000E+00|          0|
 9|   1.150E+02|                      NaN|   0.0000000000000000E+00|          0|
 9|   1.160E+02|                      NaN|   0.0000000000000000E+00|          0|
 9|   1.170E+02|                      NaN|   0.0000000000000000E+00|          0|
 9|   1.180E+02|                      NaN|   0.0000000000000000E+00|          0|
 9|   1.190E+02|                      NaN|   0.0000000000000000E+00|          0|
 9|   1.200E+02|                      NaN|   0.0000000000000000E+00|          0|
 9|   1.210E+02|                      NaN|   0.0000000000000000E+00|          0|
 9|   1.220E+02|                      NaN|   0.0000000000000000E+00|          0|
 9|   1.230E+02|                      NaN|   0.0000000000000000E+00|          0|
 9|   1.240E+02|                 Infinity|   7.6545806947978289E-03|      17067|
 9|   1.250E+02|                 Infinity|   9.0225665923135204E-03|      12284|
 9|   1.260E+02|                      NaN|   0.0000000000000000E+00|          0|
 9|   1.270E+02|                      NaN|   0.0000000000000000E+00|          0|
 9|   1.280E+02|                      NaN|   0.0000000000000000E+00|          0|
 9|   1.290E+02|                      NaN|   0.0000000000000000E+00|          0|
 9|   1.300E+02|                      NaN|   0.0000000000000000E+00|          0|
 9|   1.310E+02|                      NaN|   0.0000000000000000E+00|          0|
 9|   1.320E+02|                      NaN|   0.0000000000000000E+00|          0|
 9|   1.330E+02|                      NaN|   0.0000000000000000E+00|          0|
 9|   1.340E+02|                      NaN|   0.0000000000000000E+00|          0|
# integrated result:   6.1826289729300845E-07
#
# Histogram10: Phi1                                              
10|  -3.142E+00|                 Infinity|   3.9344473768231684E-02|        646|
10|  -2.985E+00|                 Infinity|   3.9103094350288754E-02|        654|
10|  -2.827E+00|                 Infinity|   4.0858892322271849E-02|        599|
10|  -2.670E+00|                 Infinity|   4.3113061355922688E-02|        538|
10|  -2.513E+00|                 Infinity|   4.1451333614483915E-02|        582|
10|  -2.356E+00|                 Infinity|   3.9904344223381107E-02|        628|
10|  -2.199E+00|                 Infinity|   3.8208035995043507E-02|        685|
10|  -2.042E+00|                 Infinity|   3.8691161626706841E-02|        668|
10|  -1.885E+00|                 Infinity|   3.7087947077614203E-02|        727|
10|  -1.728E+00|                 Infinity|   3.4060135164508579E-02|        862|
10|  -1.571E+00|                 Infinity|   3.3131478096128583E-02|        911|
10|  -1.414E+00|                 Infinity|   3.1670317760976820E-02|        997|
10|  -1.257E+00|                 Infinity|   3.2410186177608220E-02|        952|
10|  -1.100E+00|                 Infinity|   3.5421817348790727E-02|        797|
10|  -9.425E-01|                 Infinity|   3.6563621206356534E-02|        748|
10|  -7.854E-01|                 Infinity|   3.5714285714285712E-02|        784|
10|  -6.283E-01|                 Infinity|   3.6466247874473640E-02|        752|
10|  -4.713E-01|                 Infinity|   3.9559388606461778E-02|        639|
10|  -3.142E-01|                 Infinity|   4.0723148118768406E-02|        603|
10|  -1.571E-01|                 Infinity|   4.3274232240791542E-02|        534|
10|  -3.000E-05|                 Infinity|   4.3113061355922688E-02|        538|
10|   1.570E-01|                 Infinity|   3.9405520311955031E-02|        644|
10|   3.141E-01|                 Infinity|   3.8836781869030869E-02|        663|
10|   4.712E-01|                 Infinity|   3.5646150289975954E-02|        787|
10|   6.283E-01|                 Infinity|   3.5071531191594722E-02|        813|
10|   7.854E-01|                 Infinity|   3.5623524993954825E-02|        788|
10|   9.424E-01|                 Infinity|   3.4040395878489879E-02|        863|
10|   1.100E+00|                 Infinity|   3.1622776601683791E-02|       1000|
10|   1.257E+00|                 Infinity|   3.0875376054721921E-02|       1049|
10|   1.414E+00|                 Infinity|   3.2274861218395137E-02|        960|
10|   1.571E+00|                 Infinity|   3.3844872171120637E-02|        873|
10|   1.728E+00|                 Infinity|   3.5093120317179823E-02|        812|
10|   1.885E+00|                 Infinity|   3.5691530512412487E-02|        785|
10|   2.042E+00|                 Infinity|   3.6539204762093477E-02|        749|
10|   2.199E+00|                 Infinity|   3.9223227027636809E-02|        650|
10|   2.356E+00|                 Infinity|   4.0893041005476534E-02|        598|
10|   2.513E+00|                 Infinity|   4.1775599314435682E-02|        573|
10|   2.670E+00|                 Infinity|   3.9497625276668211E-02|        641|
10|   2.827E+00|                 Infinity|   3.9904344223381107E-02|        628|
10|   2.984E+00|                 Infinity|   3.9809371432901648E-02|        631|
# integrated result:   6.1826289729300686E-07
#
