#
# column #1=histogram, #2=x-axis bin, #3=binned cross-section, #4=error, #5=number of events 
# this can be easily plotted in gnuplot with the commands:
#    NHi=3
#    plot 'output.dat' using ($2):($1==NHi ? $3 : 1/0) w st
# where NHi selects the histogram
#
#
# run time =      -0.06min
# TotCS =      4.9050715845E-07           1.58705E-07
#
# Histogram 1: m_jj                                              
 1|   0.000E+00|                 Infinity|   3.4279558509553047E-02|        851|
 1|   5.000E+01|                 Infinity|   1.4619195618433589E-02|       4679|
 1|   1.000E+02|                 Infinity|   1.3465647505336954E-02|       5515|
 1|   1.500E+02|                 Infinity|   1.5203960843648032E-02|       4326|
 1|   2.000E+02|                 Infinity|   1.7455436425840954E-02|       3282|
 1|   2.500E+02|                 Infinity|   2.0442247904112004E-02|       2393|
 1|   3.000E+02|                 Infinity|   2.2947613027383809E-02|       1899|
 1|   3.500E+02|                 Infinity|   2.6764386378609461E-02|       1396|
 1|   4.000E+02|                 Infinity|   3.1512674583162724E-02|       1007|
 1|   4.500E+02|                 Infinity|   3.6345618209240697E-02|        757|
 1|   5.000E+02|                 Infinity|   4.4194173824159216E-02|        512|
 1|   5.500E+02|                 Infinity|   4.6524210519923545E-02|        462|
 1|   6.000E+02|                 Infinity|   5.4964970992931267E-02|        331|
 1|   6.500E+02|                 Infinity|   6.4549722436790274E-02|        240|
 1|   7.000E+02|                 Infinity|   8.1923192051904056E-02|        149|
 1|   7.500E+02|                 Infinity|   8.6710996952411995E-02|        133|
 1|   8.000E+02|                 Infinity|   1.0050378152592121E-01|         99|
 1|   8.500E+02|                 Infinity|   1.3363062095621220E-01|         56|
 1|   9.000E+02|                 Infinity|   1.2598815766974239E-01|         63|
 1|   9.500E+02|                 Infinity|   1.5249857033260467E-01|         43|
 1|   1.000E+03|                 Infinity|   2.0412414523193154E-01|         24|
 1|   1.050E+03|                 Infinity|   2.0000000000000001E-01|         25|
 1|   1.100E+03|                 Infinity|   2.5000000000000000E-01|         16|
 1|   1.150E+03|                 Infinity|   3.0151134457776363E-01|         11|
 1|   1.200E+03|                 Infinity|   2.3570226039551587E-01|         18|
 1|   1.250E+03|                 Infinity|   4.0824829046386307E-01|          6|
 1|   1.300E+03|                 Infinity|   3.7796447300922720E-01|          7|
 1|   1.350E+03|                 Infinity|   4.4721359549995793E-01|          5|
 1|   1.400E+03|                      NaN|   0.0000000000000000E+00|          0|
 1|   1.450E+03|                 Infinity|   5.7735026918962584E-01|          3|
 1|   1.500E+03|                 Infinity|   1.0000000000000000E+00|          1|
 1|   1.550E+03|                 Infinity|   4.4721359549995793E-01|          5|
 1|   1.600E+03|                 Infinity|   1.0000000000000000E+00|          1|
 1|   1.650E+03|                 Infinity|   7.0710678118654746E-01|          2|
 1|   1.700E+03|                 Infinity|   1.0000000000000000E+00|          1|
 1|   1.750E+03|                 Infinity|   7.0710678118654746E-01|          2|
 1|   1.800E+03|                 Infinity|   5.7735026918962584E-01|          3|
 1|   1.850E+03|                 Infinity|   7.0710678118654746E-01|          2|
 1|   1.900E+03|                      NaN|   0.0000000000000000E+00|          0|
 1|   1.950E+03|                      NaN|   0.0000000000000000E+00|          0|
 1|   2.000E+03|                      NaN|   0.0000000000000000E+00|          0|
 1|   2.050E+03|                 Infinity|   1.0000000000000000E+00|          1|
 1|   2.100E+03|                      NaN|   0.0000000000000000E+00|          0|
 1|   2.150E+03|                      NaN|   0.0000000000000000E+00|          0|
 1|   2.200E+03|                 Infinity|   1.0000000000000000E+00|          1|
 1|   2.250E+03|                      NaN|   0.0000000000000000E+00|          0|
 1|   2.300E+03|                      NaN|   0.0000000000000000E+00|          0|
 1|   2.350E+03|                 Infinity|   1.0000000000000000E+00|          1|
 1|   2.400E+03|                      NaN|   0.0000000000000000E+00|          0|
 1|   2.450E+03|                 Infinity|   1.0000000000000000E+00|          1|
 1|   2.500E+03|                      NaN|   0.0000000000000000E+00|          0|
 1|   2.550E+03|                      NaN|   0.0000000000000000E+00|          0|
 1|   2.600E+03|                      NaN|   0.0000000000000000E+00|          0|
 1|   2.650E+03|                      NaN|   0.0000000000000000E+00|          0|
 1|   2.700E+03|                      NaN|   0.0000000000000000E+00|          0|
 1|   2.750E+03|                      NaN|   0.0000000000000000E+00|          0|
 1|   2.800E+03|                      NaN|   0.0000000000000000E+00|          0|
 1|   2.850E+03|                      NaN|   0.0000000000000000E+00|          0|
 1|   2.900E+03|                      NaN|   0.0000000000000000E+00|          0|
 1|   2.950E+03|                      NaN|   0.0000000000000000E+00|          0|
 1|   3.000E+03|                      NaN|   0.0000000000000000E+00|          0|
 1|   3.050E+03|                      NaN|   0.0000000000000000E+00|          0|
 1|   3.100E+03|                      NaN|   0.0000000000000000E+00|          0|
 1|   3.150E+03|                      NaN|   0.0000000000000000E+00|          0|
 1|   3.200E+03|                      NaN|   0.0000000000000000E+00|          0|
 1|   3.250E+03|                      NaN|   0.0000000000000000E+00|          0|
 1|   3.300E+03|                      NaN|   0.0000000000000000E+00|          0|
 1|   3.350E+03|                      NaN|   0.0000000000000000E+00|          0|
 1|   3.400E+03|                      NaN|   0.0000000000000000E+00|          0|
 1|   3.450E+03|                      NaN|   0.0000000000000000E+00|          0|
 1|   3.500E+03|                      NaN|   0.0000000000000000E+00|          0|
 1|   3.550E+03|                      NaN|   0.0000000000000000E+00|          0|
 1|   3.600E+03|                      NaN|   0.0000000000000000E+00|          0|
 1|   3.650E+03|                      NaN|   0.0000000000000000E+00|          0|
 1|   3.700E+03|                      NaN|   0.0000000000000000E+00|          0|
 1|   3.750E+03|                      NaN|   0.0000000000000000E+00|          0|
 1|   3.800E+03|                      NaN|   0.0000000000000000E+00|          0|
 1|   3.850E+03|                      NaN|   0.0000000000000000E+00|          0|
 1|   3.900E+03|                      NaN|   0.0000000000000000E+00|          0|
 1|   3.950E+03|                      NaN|   0.0000000000000000E+00|          0|
 1|   4.000E+03|                      NaN|   0.0000000000000000E+00|          0|
 1|   4.050E+03|                      NaN|   0.0000000000000000E+00|          0|
 1|   4.100E+03|                      NaN|   0.0000000000000000E+00|          0|
 1|   4.150E+03|                      NaN|   0.0000000000000000E+00|          0|
 1|   4.200E+03|                      NaN|   0.0000000000000000E+00|          0|
 1|   4.250E+03|                      NaN|   0.0000000000000000E+00|          0|
 1|   4.300E+03|                      NaN|   0.0000000000000000E+00|          0|
 1|   4.350E+03|                      NaN|   0.0000000000000000E+00|          0|
 1|   4.400E+03|                      NaN|   0.0000000000000000E+00|          0|
 1|   4.450E+03|                      NaN|   0.0000000000000000E+00|          0|
 1|   4.500E+03|                      NaN|   0.0000000000000000E+00|          0|
 1|   4.550E+03|                      NaN|   0.0000000000000000E+00|          0|
 1|   4.600E+03|                      NaN|   0.0000000000000000E+00|          0|
 1|   4.650E+03|                      NaN|   0.0000000000000000E+00|          0|
 1|   4.700E+03|                      NaN|   0.0000000000000000E+00|          0|
 1|   4.750E+03|                      NaN|   0.0000000000000000E+00|          0|
 1|   4.800E+03|                      NaN|   0.0000000000000000E+00|          0|
 1|   4.850E+03|                      NaN|   0.0000000000000000E+00|          0|
 1|   4.900E+03|                      NaN|   0.0000000000000000E+00|          0|
 1|   4.950E+03|                      NaN|   0.0000000000000000E+00|          0|
# integrated result:   4.9050715845306525E-07
#
# Histogram 2: m_jj                                              
 2|   0.000E+00|                      NaN|   0.0000000000000000E+00|          0|
 2|   2.000E+00|                      NaN|   0.0000000000000000E+00|          0|
 2|   4.000E+00|                      NaN|   0.0000000000000000E+00|          0|
 2|   6.000E+00|                      NaN|   0.0000000000000000E+00|          0|
 2|   8.000E+00|                      NaN|   0.0000000000000000E+00|          0|
 2|   1.000E+01|                      NaN|   0.0000000000000000E+00|          0|
 2|   1.200E+01|                      NaN|   0.0000000000000000E+00|          0|
 2|   1.400E+01|                      NaN|   0.0000000000000000E+00|          0|
 2|   1.600E+01|                      NaN|   0.0000000000000000E+00|          0|
 2|   1.800E+01|                      NaN|   0.0000000000000000E+00|          0|
 2|   2.000E+01|                      NaN|   0.0000000000000000E+00|          0|
 2|   2.200E+01|                      NaN|   0.0000000000000000E+00|          0|
 2|   2.400E+01|                      NaN|   0.0000000000000000E+00|          0|
 2|   2.600E+01|                      NaN|   0.0000000000000000E+00|          0|
 2|   2.800E+01|                      NaN|   0.0000000000000000E+00|          0|
 2|   3.000E+01|                 Infinity|   1.8257418583505536E-01|         30|
 2|   3.200E+01|                 Infinity|   1.3018891098082389E-01|         59|
 2|   3.400E+01|                 Infinity|   1.2038585308576920E-01|         69|
 2|   3.600E+01|                 Infinity|   1.1180339887498948E-01|         80|
 2|   3.800E+01|                 Infinity|   1.1180339887498948E-01|         80|
 2|   4.000E+01|                 Infinity|   1.0540925533894598E-01|         90|
 2|   4.200E+01|                 Infinity|   1.0259783520851541E-01|         95|
 2|   4.400E+01|                 Infinity|   9.5782628522115137E-02|        109|
 2|   4.600E+01|                 Infinity|   8.8045090632562384E-02|        129|
 2|   4.800E+01|                 Infinity|   9.5346258924559238E-02|        110|
 2|   5.000E+01|                 Infinity|   8.5749292571254410E-02|        136|
 2|   5.200E+01|                 Infinity|   8.6710996952411995E-02|        133|
 2|   5.400E+01|                 Infinity|   8.1110710565381272E-02|        152|
 2|   5.600E+01|                 Infinity|   8.1649658092772609E-02|        150|
 2|   5.800E+01|                 Infinity|   7.5377836144440907E-02|        176|
 2|   6.000E+01|                 Infinity|   8.2199493652678646E-02|        148|
 2|   6.200E+01|                 Infinity|   8.1923192051904056E-02|        149|
 2|   6.400E+01|                 Infinity|   7.5377836144440907E-02|        176|
 2|   6.600E+01|                 Infinity|   7.4124931666110117E-02|        182|
 2|   6.800E+01|                 Infinity|   7.8086880944303036E-02|        164|
 2|   7.000E+01|                 Infinity|   7.4953168899586142E-02|        178|
 2|   7.200E+01|                 Infinity|   7.3127242412713067E-02|        187|
 2|   7.400E+01|                 Infinity|   6.6519010523773930E-02|        226|
 2|   7.600E+01|                 Infinity|   7.0186240634359645E-02|        203|
 2|   7.800E+01|                 Infinity|   6.9171446386607466E-02|        209|
 2|   8.000E+01|                 Infinity|   7.2357460529242162E-02|        191|
 2|   8.200E+01|                 Infinity|   7.0710678118654752E-02|        200|
 2|   8.400E+01|                 Infinity|   6.9843029576957816E-02|        205|
 2|   8.600E+01|                 Infinity|   7.1981575074869450E-02|        193|
 2|   8.800E+01|                 Infinity|   6.6226617853252193E-02|        228|
 2|   9.000E+01|                 Infinity|   6.6519010523773930E-02|        226|
 2|   9.200E+01|                 Infinity|   6.8842839082151427E-02|        211|
 2|   9.400E+01|                 Infinity|   6.8041381743977170E-02|        216|
 2|   9.600E+01|                 Infinity|   7.0186240634359645E-02|        203|
 2|   9.800E+01|                 Infinity|   6.4956980246163087E-02|        237|
 2|   1.000E+02|                 Infinity|   6.6372331159997203E-02|        227|
 2|   1.020E+02|                 Infinity|   6.6081860045508978E-02|        229|
 2|   1.040E+02|                 Infinity|   6.6519010523773930E-02|        226|
 2|   1.060E+02|                 Infinity|   6.4820372355216441E-02|        238|
 2|   1.080E+02|                 Infinity|   6.7267279399631244E-02|        221|
 2|   1.100E+02|                 Infinity|   6.7884423330213065E-02|        217|
 2|   1.120E+02|                 Infinity|   6.8518870982753166E-02|        213|
 2|   1.140E+02|                 Infinity|   7.0186240634359645E-02|        203|
 2|   1.160E+02|                 Infinity|   6.6226617853252193E-02|        228|
 2|   1.180E+02|                 Infinity|   6.5232807305344226E-02|        235|
 2|   1.200E+02|                 Infinity|   6.4018439966447988E-02|        244|
 2|   1.220E+02|                 Infinity|   6.7267279399631244E-02|        221|
 2|   1.240E+02|                 Infinity|   6.4684622735315084E-02|        239|
 2|   1.260E+02|                 Infinity|   6.4150029909958411E-02|        243|
 2|   1.280E+02|                 Infinity|   6.7267279399631244E-02|        221|
 2|   1.300E+02|                 Infinity|   6.8680281974344518E-02|        212|
 2|   1.320E+02|                 Infinity|   6.7573737839948592E-02|        219|
 2|   1.340E+02|                 Infinity|   7.2547625011001163E-02|        190|
 2|   1.360E+02|                 Infinity|   7.0186240634359645E-02|        203|
 2|   1.380E+02|                 Infinity|   7.1795815861773818E-02|        194|
 2|   1.400E+02|                 Infinity|   6.6964953018242512E-02|        223|
 2|   1.420E+02|                 Infinity|   6.9504804685691590E-02|        207|
 2|   1.440E+02|                 Infinity|   6.5938047339578698E-02|        230|
 2|   1.460E+02|                 Infinity|   6.8680281974344518E-02|        212|
 2|   1.480E+02|                 Infinity|   6.7419986246324212E-02|        220|
 2|   1.500E+02|                 Infinity|   7.1066905451870152E-02|        198|
 2|   1.520E+02|                 Infinity|   7.3521462209380772E-02|        185|
 2|   1.540E+02|                 Infinity|   7.4743509275193590E-02|        179|
 2|   1.560E+02|                 Infinity|   7.8086880944303036E-02|        164|
 2|   1.580E+02|                 Infinity|   7.2739296745330792E-02|        189|
 2|   1.600E+02|                 Infinity|   7.3922127095457285E-02|        183|
 2|   1.620E+02|                 Infinity|   6.7728546147859642E-02|        218|
 2|   1.640E+02|                 Infinity|   7.6696498884737035E-02|        170|
 2|   1.660E+02|                 Infinity|   7.7151674981045956E-02|        168|
 2|   1.680E+02|                 Infinity|   7.4743509275193590E-02|        179|
 2|   1.700E+02|                 Infinity|   7.5164602800282893E-02|        177|
 2|   1.720E+02|                 Infinity|   7.9808688446762213E-02|        157|
 2|   1.740E+02|                 Infinity|   7.5377836144440907E-02|        176|
 2|   1.760E+02|                 Infinity|   7.6923076923076927E-02|        169|
 2|   1.780E+02|                 Infinity|   7.4124931666110117E-02|        182|
 2|   1.800E+02|                 Infinity|   7.4124931666110117E-02|        182|
 2|   1.820E+02|                 Infinity|   7.4953168899586142E-02|        178|
 2|   1.840E+02|                 Infinity|   7.2739296745330792E-02|        189|
 2|   1.860E+02|                 Infinity|   7.7151674981045956E-02|        168|
 2|   1.880E+02|                 Infinity|   7.6249285166302333E-02|        172|
 2|   1.900E+02|                 Infinity|   8.4818892967997092E-02|        139|
 2|   1.920E+02|                 Infinity|   8.0845208345444328E-02|        153|
 2|   1.940E+02|                 Infinity|   8.4515425472851652E-02|        140|
 2|   1.960E+02|                 Infinity|   7.9808688446762213E-02|        157|
 2|   1.980E+02|                 Infinity|   8.0582296402538028E-02|        154|
# integrated result:   4.9050715845306588E-07
#
# Histogram 3: pT(H)                                             
 3|   0.000E+00|                 Infinity|   1.5676754420070840E-02|       4069|
 3|   1.000E+01|                 Infinity|   1.6927284226638313E-02|       3490|
 3|   2.000E+01|                 Infinity|   1.9291507529132022E-02|       2687|
 3|   3.000E+01|                 Infinity|   2.1081851067789197E-02|       2250|
 3|   4.000E+01|                 Infinity|   2.2343928108437591E-02|       2003|
 3|   5.000E+01|                 Infinity|   2.3959399259138009E-02|       1742|
 3|   6.000E+01|                 Infinity|   2.6117584882778509E-02|       1466|
 3|   7.000E+01|                 Infinity|   2.7907278609297381E-02|       1284|
 3|   8.000E+01|                 Infinity|   3.0457245193658632E-02|       1078|
 3|   9.000E+01|                 Infinity|   3.1606977062050699E-02|       1001|
 3|   1.000E+02|                 Infinity|   3.5578403348241000E-02|        790|
 3|   1.100E+02|                 Infinity|   3.5921060405354983E-02|        775|
 3|   1.200E+02|                 Infinity|   3.9073233258228181E-02|        655|
 3|   1.300E+02|                 Infinity|   4.1594516540385151E-02|        578|
 3|   1.400E+02|                 Infinity|   4.4367825470805693E-02|        508|
 3|   1.500E+02|                 Infinity|   4.8507125007266595E-02|        425|
 3|   1.600E+02|                 Infinity|   4.9266463908214660E-02|        412|
 3|   1.700E+02|                 Infinity|   5.1708768999501914E-02|        374|
 3|   1.800E+02|                 Infinity|   5.5300126360933101E-02|        327|
 3|   1.900E+02|                 Infinity|   5.8222250973958202E-02|        295|
 3|   2.000E+02|                 Infinity|   6.3628476297577771E-02|        247|
 3|   2.100E+02|                 Infinity|   6.5938047339578698E-02|        230|
 3|   2.200E+02|                 Infinity|   7.4329414624716636E-02|        181|
 3|   2.300E+02|                 Infinity|   7.9555728417572996E-02|        158|
 3|   2.400E+02|                 Infinity|   8.3333333333333329E-02|        144|
 3|   2.500E+02|                 Infinity|   8.3918135829668908E-02|        142|
 3|   2.600E+02|                 Infinity|   8.6710996952411995E-02|        133|
 3|   2.700E+02|                 Infinity|   1.0599978800063600E-01|         89|
 3|   2.800E+02|                 Infinity|   1.1043152607484653E-01|         82|
 3|   2.900E+02|                 Infinity|   1.0783277320343841E-01|         86|
 3|   3.000E+02|                 Infinity|   1.1952286093343936E-01|         70|
 3|   3.100E+02|                 Infinity|   1.2700012700019050E-01|         62|
 3|   3.200E+02|                 Infinity|   1.4142135623730950E-01|         50|
 3|   3.300E+02|                 Infinity|   1.4586499149789456E-01|         47|
 3|   3.400E+02|                 Infinity|   1.6222142113076254E-01|         38|
 3|   3.500E+02|                 Infinity|   1.5430334996209191E-01|         42|
 3|   3.600E+02|                 Infinity|   1.7677669529663687E-01|         32|
 3|   3.700E+02|                 Infinity|   1.4744195615489714E-01|         46|
 3|   3.800E+02|                 Infinity|   1.7960530202677491E-01|         31|
 3|   3.900E+02|                 Infinity|   2.6726124191242440E-01|         14|
 3|   4.000E+02|                 Infinity|   2.5000000000000000E-01|         16|
 3|   4.100E+02|                 Infinity|   2.3570226039551587E-01|         18|
 3|   4.200E+02|                 Infinity|   2.4253562503633297E-01|         17|
 3|   4.300E+02|                 Infinity|   3.0151134457776363E-01|         11|
 3|   4.400E+02|                 Infinity|   3.3333333333333331E-01|          9|
 3|   4.500E+02|                 Infinity|   2.5000000000000000E-01|         16|
 3|   4.600E+02|                 Infinity|   2.5000000000000000E-01|         16|
 3|   4.700E+02|                 Infinity|   3.7796447300922720E-01|          7|
 3|   4.800E+02|                 Infinity|   3.7796447300922720E-01|          7|
 3|   4.900E+02|                 Infinity|   5.0000000000000000E-01|          4|
# integrated result:   4.9050715845306641E-07
#
# Histogram 4: pT(j1)                                            
 4|   0.000E+00|                      NaN|   0.0000000000000000E+00|          0|
 4|   1.000E+01|                 Infinity|   6.3119440309780311E-02|        251|
 4|   2.000E+01|                 Infinity|   2.6082026547865053E-02|       1470|
 4|   3.000E+01|                 Infinity|   2.1058465757133063E-02|       2255|
 4|   4.000E+01|                 Infinity|   2.0145574100634507E-02|       2464|
 4|   5.000E+01|                 Infinity|   2.0558557070186494E-02|       2366|
 4|   6.000E+01|                 Infinity|   2.0676874372541679E-02|       2339|
 4|   7.000E+01|                 Infinity|   2.1718612138153470E-02|       2120|
 4|   8.000E+01|                 Infinity|   2.3281009858985940E-02|       1845|
 4|   9.000E+01|                 Infinity|   2.4922239313961342E-02|       1610|
 4|   1.000E+02|                 Infinity|   2.6546593660094948E-02|       1419|
 4|   1.100E+02|                 Infinity|   2.8005601680560200E-02|       1275|
 4|   1.200E+02|                 Infinity|   3.0485538042484616E-02|       1076|
 4|   1.300E+02|                 Infinity|   3.2461373658059775E-02|        949|
 4|   1.400E+02|                 Infinity|   3.3259505261886965E-02|        904|
 4|   1.500E+02|                 Infinity|   3.5600942725445221E-02|        789|
 4|   1.600E+02|                 Infinity|   3.9223227027636809E-02|        650|
 4|   1.700E+02|                 Infinity|   4.2070316191167127E-02|        565|
 4|   1.800E+02|                 Infinity|   4.3602072019694738E-02|        526|
 4|   1.900E+02|                 Infinity|   4.6473941234017310E-02|        463|
 4|   2.000E+02|                 Infinity|   5.0379272185987839E-02|        394|
 4|   2.100E+02|                 Infinity|   5.3528772757218922E-02|        349|
 4|   2.200E+02|                 Infinity|   5.9761430466719681E-02|        280|
 4|   2.300E+02|                 Infinity|   6.3119440309780311E-02|        251|
 4|   2.400E+02|                 Infinity|   6.8842839082151427E-02|        211|
 4|   2.500E+02|                 Infinity|   7.0888120500833582E-02|        199|
 4|   2.600E+02|                 Infinity|   8.4215192106651904E-02|        141|
 4|   2.700E+02|                 Infinity|   8.2760588860236795E-02|        146|
 4|   2.800E+02|                 Infinity|   8.8045090632562384E-02|        129|
 4|   2.900E+02|                 Infinity|   9.4491118252306799E-02|        112|
 4|   3.000E+02|                 Infinity|   1.0259783520851541E-01|         95|
 4|   3.100E+02|                 Infinity|   1.1704114719613057E-01|         73|
 4|   3.200E+02|                 Infinity|   1.0369516947304253E-01|         93|
 4|   3.300E+02|                 Infinity|   1.2403473458920847E-01|         65|
 4|   3.400E+02|                 Infinity|   1.3483997249264842E-01|         55|
 4|   3.500E+02|                 Infinity|   1.5811388300841897E-01|         40|
 4|   3.600E+02|                 Infinity|   1.5811388300841897E-01|         40|
 4|   3.700E+02|                 Infinity|   1.8898223650461360E-01|         28|
 4|   3.800E+02|                 Infinity|   1.6222142113076254E-01|         38|
 4|   3.900E+02|                 Infinity|   2.1320071635561041E-01|         22|
 4|   4.000E+02|                 Infinity|   2.3570226039551587E-01|         18|
 4|   4.100E+02|                 Infinity|   2.0851441405707477E-01|         23|
 4|   4.200E+02|                 Infinity|   2.2360679774997896E-01|         20|
 4|   4.300E+02|                 Infinity|   2.4253562503633297E-01|         17|
 4|   4.400E+02|                 Infinity|   2.6726124191242440E-01|         14|
 4|   4.500E+02|                 Infinity|   2.5819888974716110E-01|         15|
 4|   4.600E+02|                 Infinity|   2.6726124191242440E-01|         14|
 4|   4.700E+02|                 Infinity|   2.5819888974716110E-01|         15|
 4|   4.800E+02|                 Infinity|   2.8867513459481292E-01|         12|
 4|   4.900E+02|                 Infinity|   3.3333333333333331E-01|          9|
# integrated result:   4.9050715845306567E-07
#
# Histogram 5: dy(j1,j2)                                         
 5|  -5.000E+00|                 Infinity|   1.0721125348377948E-01|         87|
 5|  -4.800E+00|                 Infinity|   1.0599978800063600E-01|         89|
 5|  -4.600E+00|                 Infinity|   1.1624763874381928E-01|         74|
 5|  -4.400E+00|                 Infinity|   1.1396057645963795E-01|         77|
 5|  -4.200E+00|                 Infinity|   7.6696498884737035E-02|        170|
 5|  -4.000E+00|                 Infinity|   5.7543533764843599E-02|        302|
 5|  -3.800E+00|                 Infinity|   5.3452248382484871E-02|        350|
 5|  -3.600E+00|                 Infinity|   3.9133024009741613E-02|        653|
 5|  -3.400E+00|                 Infinity|   3.4259435491376583E-02|        852|
 5|  -3.200E+00|                 Infinity|   2.9643458336437611E-02|       1138|
 5|  -3.000E+00|                 Infinity|   2.5819888974716113E-02|       1500|
 5|  -2.800E+00|                 Infinity|   2.7767067240353285E-02|       1297|
 5|  -2.600E+00|                 Infinity|   2.6270346874636689E-02|       1449|
 5|  -2.400E+00|                 Infinity|   2.5540472211939846E-02|       1533|
 5|  -2.200E+00|                 Infinity|   2.1546520679428582E-02|       2154|
 5|  -2.000E+00|                 Infinity|   2.3100171634912875E-02|       1874|
 5|  -1.800E+00|                 Infinity|   2.1095919705369528E-02|       2247|
 5|  -1.600E+00|                 Infinity|   2.2996102490913696E-02|       1891|
 5|  -1.400E+00|                 Infinity|   2.3669053416557544E-02|       1785|
 5|  -1.200E+00|                 Infinity|   2.5449329927964382E-02|       1544|
 5|  -1.000E+00|                 Infinity|   2.7482485496465633E-02|       1324|
 5|  -8.000E-01|                 Infinity|   3.1265269974036121E-02|       1023|
 5|  -6.000E-01|                 Infinity|   2.8082797815086519E-02|       1268|
 5|  -4.000E-01|                 Infinity|   2.9247769028706173E-02|       1169|
 5|  -2.000E-01|                 Infinity|   3.7424059428255989E-02|        714|
 5|   0.000E+00|                 Infinity|   4.5738935374634825E-02|        478|
 5|   2.000E-01|                 Infinity|   5.5814557218594761E-02|        321|
 5|   4.000E-01|                 Infinity|   6.4956980246163087E-02|        237|
 5|   6.000E-01|                 Infinity|   7.8326044998795738E-02|        163|
 5|   8.000E-01|                 Infinity|   9.5346258924559238E-02|        110|
 5|   1.000E+00|                 Infinity|   1.1322770341445956E-01|         78|
 5|   1.200E+00|                 Infinity|   1.4002800840280097E-01|         51|
 5|   1.400E+00|                 Infinity|   1.4744195615489714E-01|         46|
 5|   1.600E+00|                 Infinity|   1.7407765595569785E-01|         33|
 5|   1.800E+00|                 Infinity|   2.4253562503633297E-01|         17|
 5|   2.000E+00|                 Infinity|   2.1821789023599239E-01|         21|
 5|   2.200E+00|                 Infinity|   3.5355339059327373E-01|          8|
 5|   2.400E+00|                 Infinity|   3.1622776601683794E-01|         10|
 5|   2.600E+00|                 Infinity|   2.8867513459481292E-01|         12|
 5|   2.800E+00|                 Infinity|   3.1622776601683794E-01|         10|
 5|   3.000E+00|                 Infinity|   4.4721359549995793E-01|          5|
 5|   3.200E+00|                 Infinity|   4.4721359549995793E-01|          5|
 5|   3.400E+00|                 Infinity|   7.0710678118654746E-01|          2|
 5|   3.600E+00|                 Infinity|   1.0000000000000000E+00|          1|
 5|   3.800E+00|                 Infinity|   7.0710678118654746E-01|          2|
 5|   4.000E+00|                      NaN|   0.0000000000000000E+00|          0|
 5|   4.200E+00|                 Infinity|   7.0710678118654746E-01|          2|
 5|   4.400E+00|                      NaN|   0.0000000000000000E+00|          0|
 5|   4.600E+00|                 Infinity|   1.0000000000000000E+00|          1|
 5|   4.800E+00|                 Infinity|   1.0000000000000000E+00|          1|
# integrated result:   4.9050715845306578E-07
#
# Histogram 6: mz1                                               
 6|   0.000E+00|                      NaN|   0.0000000000000000E+00|          0|
 6|   2.000E+00|                      NaN|   0.0000000000000000E+00|          0|
 6|   4.000E+00|                 Infinity|   1.5123765100472588E-02|       4372|
 6|   6.000E+00|                 Infinity|   1.5422992461890894E-02|       4204|
 6|   8.000E+00|                 Infinity|   2.7441064997422587E-02|       1328|
 6|   1.000E+01|                 Infinity|   3.0055654488914410E-02|       1107|
 6|   1.200E+01|                 Infinity|   2.5133880308373671E-02|       1583|
 6|   1.400E+01|                 Infinity|   3.1388241028717227E-02|       1015|
 6|   1.600E+01|                 Infinity|   3.2530002431617772E-02|        945|
 6|   1.800E+01|                 Infinity|   4.3643578047198477E-02|        525|
 6|   2.000E+01|                 Infinity|   3.9013715732043520E-02|        657|
 6|   2.200E+01|                 Infinity|   8.1110710565381272E-02|        152|
 6|   2.400E+01|                 Infinity|   1.0660035817780521E-01|         88|
 6|   2.600E+01|                 Infinity|   1.0259783520851541E-01|         95|
 6|   2.800E+01|                 Infinity|   1.1952286093343936E-01|         70|
 6|   3.000E+01|                 Infinity|   1.4907119849998599E-01|         45|
 6|   3.200E+01|                 Infinity|   3.0151134457776363E-01|         11|
 6|   3.400E+01|                 Infinity|   2.8867513459481292E-01|         12|
 6|   3.600E+01|                 Infinity|   3.5355339059327373E-01|          8|
 6|   3.800E+01|                 Infinity|   2.3570226039551587E-01|         18|
 6|   4.000E+01|                 Infinity|   2.5819888974716110E-01|         15|
 6|   4.200E+01|                 Infinity|   3.1622776601683794E-01|         10|
 6|   4.400E+01|                 Infinity|   2.4253562503633297E-01|         17|
 6|   4.600E+01|                 Infinity|   2.2360679774997896E-01|         20|
 6|   4.800E+01|                 Infinity|   2.2941573387056174E-01|         19|
 6|   5.000E+01|                 Infinity|   2.6726124191242440E-01|         14|
 6|   5.200E+01|                 Infinity|   2.6726124191242440E-01|         14|
 6|   5.400E+01|                 Infinity|   2.5000000000000000E-01|         16|
 6|   5.600E+01|                 Infinity|   2.3570226039551587E-01|         18|
 6|   5.800E+01|                 Infinity|   2.3570226039551587E-01|         18|
 6|   6.000E+01|                 Infinity|   2.0412414523193154E-01|         24|
 6|   6.200E+01|                 Infinity|   1.8257418583505536E-01|         30|
 6|   6.400E+01|                 Infinity|   1.4285714285714285E-01|         49|
 6|   6.600E+01|                 Infinity|   1.2500000000000000E-01|         64|
 6|   6.800E+01|                 Infinity|   1.1785113019775793E-01|         72|
 6|   7.000E+01|                 Infinity|   9.0909090909090912E-02|        121|
 6|   7.200E+01|                 Infinity|   1.0721125348377948E-01|         87|
 6|   7.400E+01|                 Infinity|   1.0976425998969035E-01|         83|
 6|   7.600E+01|                 Infinity|   1.3363062095621220E-01|         56|
 6|   7.800E+01|                 Infinity|   1.3130643285972254E-01|         58|
 6|   8.000E+01|                 Infinity|   1.4285714285714285E-01|         49|
 6|   8.200E+01|                 Infinity|   9.1287092917527679E-02|        120|
 6|   8.400E+01|                 Infinity|   6.7419986246324212E-02|        220|
 6|   8.600E+01|                 Infinity|   3.6860489038724284E-02|        736|
 6|   8.800E+01|                 Infinity|   3.7608870722230077E-02|        707|
 6|   9.000E+01|                 Infinity|   1.2945593956343622E-02|       5967|
 6|   9.200E+01|                 Infinity|   2.0685720094603028E-02|       2337|
 6|   9.400E+01|                 Infinity|   4.3726946944662608E-02|        523|
 6|   9.600E+01|                 Infinity|   8.3918135829668908E-02|        142|
 6|   9.800E+01|                 Infinity|   9.5782628522115137E-02|        109|
 6|   1.000E+02|                 Infinity|   1.0599978800063600E-01|         89|
 6|   1.020E+02|                 Infinity|   1.0101525445522107E-01|         98|
 6|   1.040E+02|                 Infinity|   1.1322770341445956E-01|         78|
 6|   1.060E+02|                 Infinity|   1.5075567228888181E-01|         44|
 6|   1.080E+02|                 Infinity|   2.1320071635561041E-01|         22|
 6|   1.100E+02|                 Infinity|   1.9611613513818404E-01|         26|
 6|   1.120E+02|                 Infinity|   3.0151134457776363E-01|         11|
 6|   1.140E+02|                 Infinity|   4.0824829046386307E-01|          6|
 6|   1.160E+02|                 Infinity|   5.7735026918962584E-01|          3|
 6|   1.180E+02|                 Infinity|   7.0710678118654746E-01|          2|
 6|   1.200E+02|                      NaN|   0.0000000000000000E+00|          0|
 6|   1.220E+02|                      NaN|   0.0000000000000000E+00|          0|
 6|   1.240E+02|                      NaN|   0.0000000000000000E+00|          0|
 6|   1.260E+02|                      NaN|   0.0000000000000000E+00|          0|
 6|   1.280E+02|                      NaN|   0.0000000000000000E+00|          0|
 6|   1.300E+02|                      NaN|   0.0000000000000000E+00|          0|
 6|   1.320E+02|                      NaN|   0.0000000000000000E+00|          0|
 6|   1.340E+02|                      NaN|   0.0000000000000000E+00|          0|
 6|   1.360E+02|                      NaN|   0.0000000000000000E+00|          0|
 6|   1.380E+02|                      NaN|   0.0000000000000000E+00|          0|
 6|   1.400E+02|                      NaN|   0.0000000000000000E+00|          0|
 6|   1.420E+02|                      NaN|   0.0000000000000000E+00|          0|
 6|   1.440E+02|                      NaN|   0.0000000000000000E+00|          0|
 6|   1.460E+02|                      NaN|   0.0000000000000000E+00|          0|
 6|   1.480E+02|                      NaN|   0.0000000000000000E+00|          0|
 6|   1.500E+02|                      NaN|   0.0000000000000000E+00|          0|
 6|   1.520E+02|                      NaN|   0.0000000000000000E+00|          0|
 6|   1.540E+02|                      NaN|   0.0000000000000000E+00|          0|
 6|   1.560E+02|                      NaN|   0.0000000000000000E+00|          0|
 6|   1.580E+02|                      NaN|   0.0000000000000000E+00|          0|
 6|   1.600E+02|                      NaN|   0.0000000000000000E+00|          0|
 6|   1.620E+02|                      NaN|   0.0000000000000000E+00|          0|
 6|   1.640E+02|                      NaN|   0.0000000000000000E+00|          0|
 6|   1.660E+02|                      NaN|   0.0000000000000000E+00|          0|
 6|   1.680E+02|                      NaN|   0.0000000000000000E+00|          0|
 6|   1.700E+02|                      NaN|   0.0000000000000000E+00|          0|
 6|   1.720E+02|                      NaN|   0.0000000000000000E+00|          0|
 6|   1.740E+02|                      NaN|   0.0000000000000000E+00|          0|
 6|   1.760E+02|                      NaN|   0.0000000000000000E+00|          0|
 6|   1.780E+02|                      NaN|   0.0000000000000000E+00|          0|
 6|   1.800E+02|                      NaN|   0.0000000000000000E+00|          0|
 6|   1.820E+02|                      NaN|   0.0000000000000000E+00|          0|
 6|   1.840E+02|                      NaN|   0.0000000000000000E+00|          0|
 6|   1.860E+02|                      NaN|   0.0000000000000000E+00|          0|
 6|   1.880E+02|                      NaN|   0.0000000000000000E+00|          0|
 6|   1.900E+02|                      NaN|   0.0000000000000000E+00|          0|
 6|   1.920E+02|                      NaN|   0.0000000000000000E+00|          0|
 6|   1.940E+02|                      NaN|   0.0000000000000000E+00|          0|
 6|   1.960E+02|                      NaN|   0.0000000000000000E+00|          0|
 6|   1.980E+02|                      NaN|   0.0000000000000000E+00|          0|
# integrated result:   4.9050715845306546E-07
#
# Histogram 7: mz2                                               
 7|   0.000E+00|                      NaN|   0.0000000000000000E+00|          0|
 7|   2.000E+00|                      NaN|   0.0000000000000000E+00|          0|
 7|   4.000E+00|                 Infinity|   3.5049981861639080E-02|        814|
 7|   6.000E+00|                 Infinity|   3.8069349381344049E-02|        690|
 7|   8.000E+00|                 Infinity|   3.0671383606587218E-02|       1063|
 7|   1.000E+01|                 Infinity|   2.9074190231479016E-02|       1183|
 7|   1.200E+01|                 Infinity|   3.9344473768231684E-02|        646|
 7|   1.400E+01|                 Infinity|   5.0898659855928764E-02|        386|
 7|   1.600E+01|                 Infinity|   4.6574643283262232E-02|        461|
 7|   1.800E+01|                 Infinity|   4.1558581746169131E-02|        579|
 7|   2.000E+01|                 Infinity|   3.6711154910717615E-02|        742|
 7|   2.200E+01|                 Infinity|   4.6274481338274755E-02|        467|
 7|   2.400E+01|                 Infinity|   3.7582301400141446E-02|        708|
 7|   2.600E+01|                 Infinity|   4.0096346988231273E-02|        622|
 7|   2.800E+01|                 Infinity|   3.5355339059327376E-02|        800|
 7|   3.000E+01|                 Infinity|   3.1023602427884881E-02|       1039|
 7|   3.200E+01|                 Infinity|   3.0772872744833181E-02|       1056|
 7|   3.400E+01|                 Infinity|   5.2486388108147798E-02|        363|
 7|   3.600E+01|                 Infinity|   7.8326044998795738E-02|        163|
 7|   3.800E+01|                 Infinity|   1.1111111111111110E-01|         81|
 7|   4.000E+01|                 Infinity|   1.2909944487358055E-01|         60|
 7|   4.200E+01|                 Infinity|   1.6012815380508713E-01|         39|
 7|   4.400E+01|                 Infinity|   1.4586499149789456E-01|         47|
 7|   4.600E+01|                 Infinity|   1.3018891098082389E-01|         59|
 7|   4.800E+01|                 Infinity|   1.4907119849998599E-01|         45|
 7|   5.000E+01|                 Infinity|   1.1785113019775793E-01|         72|
 7|   5.200E+01|                 Infinity|   1.3245323570650439E-01|         57|
 7|   5.400E+01|                 Infinity|   1.3245323570650439E-01|         57|
 7|   5.600E+01|                 Infinity|   1.4744195615489714E-01|         46|
 7|   5.800E+01|                 Infinity|   1.7960530202677491E-01|         31|
 7|   6.000E+01|                 Infinity|   1.6903085094570330E-01|         35|
 7|   6.200E+01|                 Infinity|   1.6012815380508713E-01|         39|
 7|   6.400E+01|                 Infinity|   1.8257418583505536E-01|         30|
 7|   6.600E+01|                 Infinity|   1.1111111111111110E-01|         81|
 7|   6.800E+01|                 Infinity|   7.9056941504209485E-02|        160|
 7|   7.000E+01|                 Infinity|   8.7705801930702931E-02|        130|
 7|   7.200E+01|                 Infinity|   8.1923192051904056E-02|        149|
 7|   7.400E+01|                 Infinity|   7.3127242412713067E-02|        187|
 7|   7.600E+01|                 Infinity|   3.5897907930886909E-02|        776|
 7|   7.800E+01|                 Infinity|   7.7151674981045956E-02|        168|
 7|   8.000E+01|                 Infinity|   4.5596075258755323E-02|        481|
 7|   8.200E+01|                 Infinity|   4.3726946944662608E-02|        523|
 7|   8.400E+01|                 Infinity|   2.9656491293029667E-02|       1137|
 7|   8.600E+01|                 Infinity|   1.9227214231343204E-02|       2705|
 7|   8.800E+01|                 Infinity|   2.5424641809046068E-02|       1547|
 7|   9.000E+01|                 Infinity|   1.5609763526361568E-02|       4104|
 7|   9.200E+01|                 Infinity|   2.2037982136062999E-02|       2059|
 7|   9.400E+01|                 Infinity|   3.2410186177608220E-02|        952|
 7|   9.600E+01|                 Infinity|   7.2357460529242162E-02|        191|
 7|   9.800E+01|                 Infinity|   7.2547625011001163E-02|        190|
 7|   1.000E+02|                 Infinity|   8.1649658092772609E-02|        150|
 7|   1.020E+02|                 Infinity|   1.2500000000000000E-01|         64|
 7|   1.040E+02|                 Infinity|   1.7960530202677491E-01|         31|
 7|   1.060E+02|                 Infinity|   1.9611613513818404E-01|         26|
 7|   1.080E+02|                 Infinity|   2.4253562503633297E-01|         17|
 7|   1.100E+02|                 Infinity|   3.3333333333333331E-01|          9|
 7|   1.120E+02|                 Infinity|   4.4721359549995793E-01|          5|
 7|   1.140E+02|                 Infinity|   4.4721359549995793E-01|          5|
 7|   1.160E+02|                 Infinity|   7.0710678118654746E-01|          2|
 7|   1.180E+02|                      NaN|   0.0000000000000000E+00|          0|
 7|   1.200E+02|                      NaN|   0.0000000000000000E+00|          0|
 7|   1.220E+02|                      NaN|   0.0000000000000000E+00|          0|
 7|   1.240E+02|                      NaN|   0.0000000000000000E+00|          0|
 7|   1.260E+02|                      NaN|   0.0000000000000000E+00|          0|
 7|   1.280E+02|                      NaN|   0.0000000000000000E+00|          0|
 7|   1.300E+02|                      NaN|   0.0000000000000000E+00|          0|
 7|   1.320E+02|                      NaN|   0.0000000000000000E+00|          0|
 7|   1.340E+02|                      NaN|   0.0000000000000000E+00|          0|
 7|   1.360E+02|                      NaN|   0.0000000000000000E+00|          0|
 7|   1.380E+02|                      NaN|   0.0000000000000000E+00|          0|
 7|   1.400E+02|                      NaN|   0.0000000000000000E+00|          0|
 7|   1.420E+02|                      NaN|   0.0000000000000000E+00|          0|
 7|   1.440E+02|                      NaN|   0.0000000000000000E+00|          0|
 7|   1.460E+02|                      NaN|   0.0000000000000000E+00|          0|
 7|   1.480E+02|                      NaN|   0.0000000000000000E+00|          0|
 7|   1.500E+02|                      NaN|   0.0000000000000000E+00|          0|
 7|   1.520E+02|                      NaN|   0.0000000000000000E+00|          0|
 7|   1.540E+02|                      NaN|   0.0000000000000000E+00|          0|
 7|   1.560E+02|                      NaN|   0.0000000000000000E+00|          0|
 7|   1.580E+02|                      NaN|   0.0000000000000000E+00|          0|
 7|   1.600E+02|                      NaN|   0.0000000000000000E+00|          0|
 7|   1.620E+02|                      NaN|   0.0000000000000000E+00|          0|
 7|   1.640E+02|                      NaN|   0.0000000000000000E+00|          0|
 7|   1.660E+02|                      NaN|   0.0000000000000000E+00|          0|
 7|   1.680E+02|                      NaN|   0.0000000000000000E+00|          0|
 7|   1.700E+02|                      NaN|   0.0000000000000000E+00|          0|
 7|   1.720E+02|                      NaN|   0.0000000000000000E+00|          0|
 7|   1.740E+02|                      NaN|   0.0000000000000000E+00|          0|
 7|   1.760E+02|                      NaN|   0.0000000000000000E+00|          0|
 7|   1.780E+02|                      NaN|   0.0000000000000000E+00|          0|
 7|   1.800E+02|                      NaN|   0.0000000000000000E+00|          0|
 7|   1.820E+02|                      NaN|   0.0000000000000000E+00|          0|
 7|   1.840E+02|                      NaN|   0.0000000000000000E+00|          0|
 7|   1.860E+02|                      NaN|   0.0000000000000000E+00|          0|
 7|   1.880E+02|                      NaN|   0.0000000000000000E+00|          0|
 7|   1.900E+02|                      NaN|   0.0000000000000000E+00|          0|
 7|   1.920E+02|                      NaN|   0.0000000000000000E+00|          0|
 7|   1.940E+02|                      NaN|   0.0000000000000000E+00|          0|
 7|   1.960E+02|                      NaN|   0.0000000000000000E+00|          0|
 7|   1.980E+02|                      NaN|   0.0000000000000000E+00|          0|
# integrated result:   4.9050715845306588E-07
#
# Histogram 8: m_4l                                              
 8|   1.000E+02|                 Infinity|   5.9413396129682208E-03|      28329|
 8|   1.400E+02|                      NaN|   0.0000000000000000E+00|          0|
 8|   1.800E+02|                      NaN|   0.0000000000000000E+00|          0|
 8|   2.200E+02|                      NaN|   0.0000000000000000E+00|          0|
 8|   2.600E+02|                      NaN|   0.0000000000000000E+00|          0|
 8|   3.000E+02|                      NaN|   0.0000000000000000E+00|          0|
 8|   3.400E+02|                      NaN|   0.0000000000000000E+00|          0|
 8|   3.800E+02|                      NaN|   0.0000000000000000E+00|          0|
 8|   4.200E+02|                      NaN|   0.0000000000000000E+00|          0|
 8|   4.600E+02|                      NaN|   0.0000000000000000E+00|          0|
 8|   5.000E+02|                      NaN|   0.0000000000000000E+00|          0|
 8|   5.400E+02|                      NaN|   0.0000000000000000E+00|          0|
 8|   5.800E+02|                      NaN|   0.0000000000000000E+00|          0|
 8|   6.200E+02|                      NaN|   0.0000000000000000E+00|          0|
 8|   6.600E+02|                      NaN|   0.0000000000000000E+00|          0|
 8|   7.000E+02|                      NaN|   0.0000000000000000E+00|          0|
 8|   7.400E+02|                      NaN|   0.0000000000000000E+00|          0|
 8|   7.800E+02|                      NaN|   0.0000000000000000E+00|          0|
 8|   8.200E+02|                      NaN|   0.0000000000000000E+00|          0|
 8|   8.600E+02|                      NaN|   0.0000000000000000E+00|          0|
 8|   9.000E+02|                      NaN|   0.0000000000000000E+00|          0|
 8|   9.400E+02|                      NaN|   0.0000000000000000E+00|          0|
 8|   9.800E+02|                      NaN|   0.0000000000000000E+00|          0|
 8|   1.020E+03|                      NaN|   0.0000000000000000E+00|          0|
 8|   1.060E+03|                      NaN|   0.0000000000000000E+00|          0|
 8|   1.100E+03|                      NaN|   0.0000000000000000E+00|          0|
 8|   1.140E+03|                      NaN|   0.0000000000000000E+00|          0|
 8|   1.180E+03|                      NaN|   0.0000000000000000E+00|          0|
 8|   1.220E+03|                      NaN|   0.0000000000000000E+00|          0|
 8|   1.260E+03|                      NaN|   0.0000000000000000E+00|          0|
 8|   1.300E+03|                      NaN|   0.0000000000000000E+00|          0|
 8|   1.340E+03|                      NaN|   0.0000000000000000E+00|          0|
 8|   1.380E+03|                      NaN|   0.0000000000000000E+00|          0|
 8|   1.420E+03|                      NaN|   0.0000000000000000E+00|          0|
 8|   1.460E+03|                      NaN|   0.0000000000000000E+00|          0|
 8|   1.500E+03|                      NaN|   0.0000000000000000E+00|          0|
 8|   1.540E+03|                      NaN|   0.0000000000000000E+00|          0|
 8|   1.580E+03|                      NaN|   0.0000000000000000E+00|          0|
 8|   1.620E+03|                      NaN|   0.0000000000000000E+00|          0|
 8|   1.660E+03|                      NaN|   0.0000000000000000E+00|          0|
 8|   1.700E+03|                      NaN|   0.0000000000000000E+00|          0|
 8|   1.740E+03|                      NaN|   0.0000000000000000E+00|          0|
 8|   1.780E+03|                      NaN|   0.0000000000000000E+00|          0|
 8|   1.820E+03|                      NaN|   0.0000000000000000E+00|          0|
 8|   1.860E+03|                      NaN|   0.0000000000000000E+00|          0|
 8|   1.900E+03|                      NaN|   0.0000000000000000E+00|          0|
 8|   1.940E+03|                      NaN|   0.0000000000000000E+00|          0|
 8|   1.980E+03|                      NaN|   0.0000000000000000E+00|          0|
 8|   2.020E+03|                      NaN|   0.0000000000000000E+00|          0|
 8|   2.060E+03|                      NaN|   0.0000000000000000E+00|          0|
 8|   2.100E+03|                      NaN|   0.0000000000000000E+00|          0|
 8|   2.140E+03|                      NaN|   0.0000000000000000E+00|          0|
 8|   2.180E+03|                      NaN|   0.0000000000000000E+00|          0|
 8|   2.220E+03|                      NaN|   0.0000000000000000E+00|          0|
 8|   2.260E+03|                      NaN|   0.0000000000000000E+00|          0|
 8|   2.300E+03|                      NaN|   0.0000000000000000E+00|          0|
 8|   2.340E+03|                      NaN|   0.0000000000000000E+00|          0|
 8|   2.380E+03|                      NaN|   0.0000000000000000E+00|          0|
 8|   2.420E+03|                      NaN|   0.0000000000000000E+00|          0|
 8|   2.460E+03|                      NaN|   0.0000000000000000E+00|          0|
 8|   2.500E+03|                      NaN|   0.0000000000000000E+00|          0|
 8|   2.540E+03|                      NaN|   0.0000000000000000E+00|          0|
 8|   2.580E+03|                      NaN|   0.0000000000000000E+00|          0|
 8|   2.620E+03|                      NaN|   0.0000000000000000E+00|          0|
 8|   2.660E+03|                      NaN|   0.0000000000000000E+00|          0|
 8|   2.700E+03|                      NaN|   0.0000000000000000E+00|          0|
 8|   2.740E+03|                      NaN|   0.0000000000000000E+00|          0|
 8|   2.780E+03|                      NaN|   0.0000000000000000E+00|          0|
 8|   2.820E+03|                      NaN|   0.0000000000000000E+00|          0|
 8|   2.860E+03|                      NaN|   0.0000000000000000E+00|          0|
 8|   2.900E+03|                      NaN|   0.0000000000000000E+00|          0|
 8|   2.940E+03|                      NaN|   0.0000000000000000E+00|          0|
 8|   2.980E+03|                      NaN|   0.0000000000000000E+00|          0|
 8|   3.020E+03|                      NaN|   0.0000000000000000E+00|          0|
 8|   3.060E+03|                      NaN|   0.0000000000000000E+00|          0|
 8|   3.100E+03|                      NaN|   0.0000000000000000E+00|          0|
 8|   3.140E+03|                      NaN|   0.0000000000000000E+00|          0|
 8|   3.180E+03|                      NaN|   0.0000000000000000E+00|          0|
 8|   3.220E+03|                      NaN|   0.0000000000000000E+00|          0|
 8|   3.260E+03|                      NaN|   0.0000000000000000E+00|          0|
 8|   3.300E+03|                      NaN|   0.0000000000000000E+00|          0|
 8|   3.340E+03|                      NaN|   0.0000000000000000E+00|          0|
 8|   3.380E+03|                      NaN|   0.0000000000000000E+00|          0|
 8|   3.420E+03|                      NaN|   0.0000000000000000E+00|          0|
 8|   3.460E+03|                      NaN|   0.0000000000000000E+00|          0|
 8|   3.500E+03|                      NaN|   0.0000000000000000E+00|          0|
 8|   3.540E+03|                      NaN|   0.0000000000000000E+00|          0|
 8|   3.580E+03|                      NaN|   0.0000000000000000E+00|          0|
 8|   3.620E+03|                      NaN|   0.0000000000000000E+00|          0|
 8|   3.660E+03|                      NaN|   0.0000000000000000E+00|          0|
 8|   3.700E+03|                      NaN|   0.0000000000000000E+00|          0|
 8|   3.740E+03|                      NaN|   0.0000000000000000E+00|          0|
 8|   3.780E+03|                      NaN|   0.0000000000000000E+00|          0|
 8|   3.820E+03|                      NaN|   0.0000000000000000E+00|          0|
 8|   3.860E+03|                      NaN|   0.0000000000000000E+00|          0|
 8|   3.900E+03|                      NaN|   0.0000000000000000E+00|          0|
 8|   3.940E+03|                      NaN|   0.0000000000000000E+00|          0|
 8|   3.980E+03|                      NaN|   0.0000000000000000E+00|          0|
 8|   4.020E+03|                      NaN|   0.0000000000000000E+00|          0|
 8|   4.060E+03|                      NaN|   0.0000000000000000E+00|          0|
# integrated result:   4.9050715845306789E-07
#
# Histogram 9: m_4l                                              
 9|   8.500E+01|                      NaN|   0.0000000000000000E+00|          0|
 9|   8.600E+01|                      NaN|   0.0000000000000000E+00|          0|
 9|   8.700E+01|                      NaN|   0.0000000000000000E+00|          0|
 9|   8.800E+01|                      NaN|   0.0000000000000000E+00|          0|
 9|   8.900E+01|                      NaN|   0.0000000000000000E+00|          0|
 9|   9.000E+01|                      NaN|   0.0000000000000000E+00|          0|
 9|   9.100E+01|                      NaN|   0.0000000000000000E+00|          0|
 9|   9.200E+01|                      NaN|   0.0000000000000000E+00|          0|
 9|   9.300E+01|                      NaN|   0.0000000000000000E+00|          0|
 9|   9.400E+01|                      NaN|   0.0000000000000000E+00|          0|
 9|   9.500E+01|                      NaN|   0.0000000000000000E+00|          0|
 9|   9.600E+01|                      NaN|   0.0000000000000000E+00|          0|
 9|   9.700E+01|                      NaN|   0.0000000000000000E+00|          0|
 9|   9.800E+01|                      NaN|   0.0000000000000000E+00|          0|
 9|   9.900E+01|                      NaN|   0.0000000000000000E+00|          0|
 9|   1.000E+02|                      NaN|   0.0000000000000000E+00|          0|
 9|   1.010E+02|                      NaN|   0.0000000000000000E+00|          0|
 9|   1.020E+02|                      NaN|   0.0000000000000000E+00|          0|
 9|   1.030E+02|                      NaN|   0.0000000000000000E+00|          0|
 9|   1.040E+02|                      NaN|   0.0000000000000000E+00|          0|
 9|   1.050E+02|                      NaN|   0.0000000000000000E+00|          0|
 9|   1.060E+02|                      NaN|   0.0000000000000000E+00|          0|
 9|   1.070E+02|                      NaN|   0.0000000000000000E+00|          0|
 9|   1.080E+02|                      NaN|   0.0000000000000000E+00|          0|
 9|   1.090E+02|                      NaN|   0.0000000000000000E+00|          0|
 9|   1.100E+02|                      NaN|   0.0000000000000000E+00|          0|
 9|   1.110E+02|                      NaN|   0.0000000000000000E+00|          0|
 9|   1.120E+02|                      NaN|   0.0000000000000000E+00|          0|
 9|   1.130E+02|                      NaN|   0.0000000000000000E+00|          0|
 9|   1.140E+02|                      NaN|   0.0000000000000000E+00|          0|
 9|   1.150E+02|                      NaN|   0.0000000000000000E+00|          0|
 9|   1.160E+02|                      NaN|   0.0000000000000000E+00|          0|
 9|   1.170E+02|                      NaN|   0.0000000000000000E+00|          0|
 9|   1.180E+02|                      NaN|   0.0000000000000000E+00|          0|
 9|   1.190E+02|                      NaN|   0.0000000000000000E+00|          0|
 9|   1.200E+02|                      NaN|   0.0000000000000000E+00|          0|
 9|   1.210E+02|                      NaN|   0.0000000000000000E+00|          0|
 9|   1.220E+02|                      NaN|   0.0000000000000000E+00|          0|
 9|   1.230E+02|                      NaN|   0.0000000000000000E+00|          0|
 9|   1.240E+02|                 Infinity|   9.2481655770874239E-03|      11692|
 9|   1.250E+02|                 Infinity|   7.7528698198143708E-03|      16637|
 9|   1.260E+02|                      NaN|   0.0000000000000000E+00|          0|
 9|   1.270E+02|                      NaN|   0.0000000000000000E+00|          0|
 9|   1.280E+02|                      NaN|   0.0000000000000000E+00|          0|
 9|   1.290E+02|                      NaN|   0.0000000000000000E+00|          0|
 9|   1.300E+02|                      NaN|   0.0000000000000000E+00|          0|
 9|   1.310E+02|                      NaN|   0.0000000000000000E+00|          0|
 9|   1.320E+02|                      NaN|   0.0000000000000000E+00|          0|
 9|   1.330E+02|                      NaN|   0.0000000000000000E+00|          0|
 9|   1.340E+02|                      NaN|   0.0000000000000000E+00|          0|
# integrated result:   4.9050715845306800E-07
#
# Histogram10: Phi1                                              
10|  -3.142E+00|                 Infinity|   3.7216146378239341E-02|        722|
10|  -2.985E+00|                 Infinity|   3.6369648372665396E-02|        756|
10|  -2.827E+00|                 Infinity|   3.7850558205223227E-02|        698|
10|  -2.670E+00|                 Infinity|   3.7769478730024897E-02|        701|
10|  -2.513E+00|                 Infinity|   3.7582301400141446E-02|        708|
10|  -2.356E+00|                 Infinity|   3.4773407121036048E-02|        827|
10|  -2.199E+00|                 Infinity|   3.5646150289975954E-02|        787|
10|  -2.042E+00|                 Infinity|   3.4279558509553047E-02|        851|
10|  -1.885E+00|                 Infinity|   3.5007002100700242E-02|        816|
10|  -1.728E+00|                 Infinity|   3.4879005320757793E-02|        822|
10|  -1.571E+00|                 Infinity|   3.5007002100700242E-02|        816|
10|  -1.414E+00|                 Infinity|   3.5944257734479471E-02|        774|
10|  -1.257E+00|                 Infinity|   3.6563621206356534E-02|        748|
10|  -1.100E+00|                 Infinity|   3.7345684348663553E-02|        717|
10|  -9.425E-01|                 Infinity|   3.9652579285907208E-02|        636|
10|  -7.854E-01|                 Infinity|   4.0455669703136743E-02|        611|
10|  -6.283E-01|                 Infinity|   4.2562826537937429E-02|        552|
10|  -4.713E-01|                 Infinity|   4.3979949713354248E-02|        517|
10|  -3.142E-01|                 Infinity|   4.3193421279068007E-02|        536|
10|  -1.571E-01|                 Infinity|   4.6984098573493956E-02|        453|
10|  -3.000E-05|                 Infinity|   4.4367825470805693E-02|        508|
10|   1.570E-01|                 Infinity|   4.4411559168432757E-02|        507|
10|   3.141E-01|                 Infinity|   4.4151078568834795E-02|        513|
10|   4.712E-01|                 Infinity|   4.1344911529736156E-02|        585|
10|   6.283E-01|                 Infinity|   4.1274417170649801E-02|        587|
10|   7.854E-01|                 Infinity|   3.8180177416060626E-02|        686|
10|   9.424E-01|                 Infinity|   3.7371754637596795E-02|        716|
10|   1.100E+00|                 Infinity|   3.7319668543103798E-02|        718|
10|   1.257E+00|                 Infinity|   3.5533452725935076E-02|        792|
10|   1.414E+00|                 Infinity|   3.3576713893653728E-02|        887|
10|   1.571E+00|                 Infinity|   3.4879005320757793E-02|        822|
10|   1.728E+00|                 Infinity|   3.4259435491376583E-02|        852|
10|   1.885E+00|                 Infinity|   3.5223497683817342E-02|        806|
10|   2.042E+00|                 Infinity|   3.5201667190438143E-02|        807|
10|   2.199E+00|                 Infinity|   3.5805743701971648E-02|        780|
10|   2.356E+00|                 Infinity|   3.5646150289975954E-02|        787|
10|   2.513E+00|                 Infinity|   3.5179877236514591E-02|        808|
10|   2.670E+00|                 Infinity|   3.7190400165280094E-02|        723|
10|   2.827E+00|                 Infinity|   3.7608870722230077E-02|        707|
10|   2.984E+00|                 Infinity|   3.8069349381344049E-02|        690|
# integrated result:   4.9050715845306588E-07
#
