#
# column #1=histogram, #2=x-axis bin, #3=binned cross-section, #4=error, #5=number of events 
# this can be easily plotted in gnuplot with the commands:
#    NHi=3
#    plot 'output.dat' using ($2):($1==NHi ? $3 : 1/0) w st
# where NHi selects the histogram
#
#
# run time =      -0.06min
# TotCS =      4.8806529613E-07           2.56811E-07
#
# Histogram 1: m_jj                                              
 1|   0.000E+00|                 Infinity|   2.5000000000000001E-02|       1600|
 1|   5.000E+01|                 Infinity|   1.2667364798453498E-02|       6232|
 1|   1.000E+02|                 Infinity|   1.3466868491648147E-02|       5514|
 1|   1.500E+02|                 Infinity|   1.6237104234287182E-02|       3793|
 1|   2.000E+02|                 Infinity|   2.1616885058355847E-02|       2140|
 1|   2.500E+02|                 Infinity|   2.8194193721730047E-02|       1258|
 1|   3.000E+02|                 Infinity|   3.4482758620689655E-02|        841|
 1|   3.500E+02|                 Infinity|   4.2756912480901278E-02|        547|
 1|   4.000E+02|                 Infinity|   4.9875466805381644E-02|        402|
 1|   4.500E+02|                 Infinity|   6.0522753266880246E-02|        273|
 1|   5.000E+02|                 Infinity|   6.7728546147859642E-02|        218|
 1|   5.500E+02|                 Infinity|   7.2739296745330792E-02|        189|
 1|   6.000E+02|                 Infinity|   8.1110710565381272E-02|        152|
 1|   6.500E+02|                 Infinity|   8.8735650941611385E-02|        127|
 1|   7.000E+02|                 Infinity|   9.2450032704204849E-02|        117|
 1|   7.500E+02|                 Infinity|   1.2403473458920847E-01|         65|
 1|   8.000E+02|                 Infinity|   1.1470786693528087E-01|         76|
 1|   8.500E+02|                 Infinity|   1.2598815766974239E-01|         63|
 1|   9.000E+02|                 Infinity|   1.5249857033260467E-01|         43|
 1|   9.500E+02|                 Infinity|   1.7149858514250882E-01|         34|
 1|   1.000E+03|                 Infinity|   1.6012815380508713E-01|         39|
 1|   1.050E+03|                 Infinity|   1.8898223650461360E-01|         28|
 1|   1.100E+03|                 Infinity|   2.0412414523193154E-01|         24|
 1|   1.150E+03|                 Infinity|   2.7735009811261457E-01|         13|
 1|   1.200E+03|                 Infinity|   2.0851441405707477E-01|         23|
 1|   1.250E+03|                 Infinity|   2.7735009811261457E-01|         13|
 1|   1.300E+03|                 Infinity|   2.5819888974716110E-01|         15|
 1|   1.350E+03|                 Infinity|   2.6726124191242440E-01|         14|
 1|   1.400E+03|                 Infinity|   3.7796447300922720E-01|          7|
 1|   1.450E+03|                 Infinity|   3.7796447300922720E-01|          7|
 1|   1.500E+03|                 Infinity|   5.7735026918962584E-01|          3|
 1|   1.550E+03|                 Infinity|   5.0000000000000000E-01|          4|
 1|   1.600E+03|                 Infinity|   4.4721359549995793E-01|          5|
 1|   1.650E+03|                 Infinity|   5.0000000000000000E-01|          4|
 1|   1.700E+03|                 Infinity|   1.0000000000000000E+00|          1|
 1|   1.750E+03|                 Infinity|   4.4721359549995793E-01|          5|
 1|   1.800E+03|                 Infinity|   1.0000000000000000E+00|          1|
 1|   1.850E+03|                 Infinity|   1.0000000000000000E+00|          1|
 1|   1.900E+03|                 Infinity|   5.7735026918962584E-01|          3|
 1|   1.950E+03|                 Infinity|   7.0710678118654746E-01|          2|
 1|   2.000E+03|                 Infinity|   7.0710678118654746E-01|          2|
 1|   2.050E+03|                      NaN|   0.0000000000000000E+00|          0|
 1|   2.100E+03|                      NaN|   0.0000000000000000E+00|          0|
 1|   2.150E+03|                 Infinity|   1.0000000000000000E+00|          1|
 1|   2.200E+03|                      NaN|   0.0000000000000000E+00|          0|
 1|   2.250E+03|                      NaN|   0.0000000000000000E+00|          0|
 1|   2.300E+03|                      NaN|   0.0000000000000000E+00|          0|
 1|   2.350E+03|                 Infinity|   7.0710678118654746E-01|          2|
 1|   2.400E+03|                 Infinity|   7.0710678118654746E-01|          2|
 1|   2.450E+03|                 Infinity|   1.0000000000000000E+00|          1|
 1|   2.500E+03|                 Infinity|   1.0000000000000000E+00|          1|
 1|   2.550E+03|                 Infinity|   1.0000000000000000E+00|          1|
 1|   2.600E+03|                      NaN|   0.0000000000000000E+00|          0|
 1|   2.650E+03|                      NaN|   0.0000000000000000E+00|          0|
 1|   2.700E+03|                 Infinity|   7.0710678118654746E-01|          2|
 1|   2.750E+03|                      NaN|   0.0000000000000000E+00|          0|
 1|   2.800E+03|                      NaN|   0.0000000000000000E+00|          0|
 1|   2.850E+03|                      NaN|   0.0000000000000000E+00|          0|
 1|   2.900E+03|                      NaN|   0.0000000000000000E+00|          0|
 1|   2.950E+03|                      NaN|   0.0000000000000000E+00|          0|
 1|   3.000E+03|                      NaN|   0.0000000000000000E+00|          0|
 1|   3.050E+03|                      NaN|   0.0000000000000000E+00|          0|
 1|   3.100E+03|                 Infinity|   1.0000000000000000E+00|          1|
 1|   3.150E+03|                      NaN|   0.0000000000000000E+00|          0|
 1|   3.200E+03|                      NaN|   0.0000000000000000E+00|          0|
 1|   3.250E+03|                      NaN|   0.0000000000000000E+00|          0|
 1|   3.300E+03|                      NaN|   0.0000000000000000E+00|          0|
 1|   3.350E+03|                      NaN|   0.0000000000000000E+00|          0|
 1|   3.400E+03|                      NaN|   0.0000000000000000E+00|          0|
 1|   3.450E+03|                      NaN|   0.0000000000000000E+00|          0|
 1|   3.500E+03|                      NaN|   0.0000000000000000E+00|          0|
 1|   3.550E+03|                 Infinity|   1.0000000000000000E+00|          1|
 1|   3.600E+03|                      NaN|   0.0000000000000000E+00|          0|
 1|   3.650E+03|                      NaN|   0.0000000000000000E+00|          0|
 1|   3.700E+03|                 Infinity|   1.0000000000000000E+00|          1|
 1|   3.750E+03|                      NaN|   0.0000000000000000E+00|          0|
 1|   3.800E+03|                      NaN|   0.0000000000000000E+00|          0|
 1|   3.850E+03|                      NaN|   0.0000000000000000E+00|          0|
 1|   3.900E+03|                      NaN|   0.0000000000000000E+00|          0|
 1|   3.950E+03|                      NaN|   0.0000000000000000E+00|          0|
 1|   4.000E+03|                      NaN|   0.0000000000000000E+00|          0|
 1|   4.050E+03|                      NaN|   0.0000000000000000E+00|          0|
 1|   4.100E+03|                      NaN|   0.0000000000000000E+00|          0|
 1|   4.150E+03|                      NaN|   0.0000000000000000E+00|          0|
 1|   4.200E+03|                      NaN|   0.0000000000000000E+00|          0|
 1|   4.250E+03|                      NaN|   0.0000000000000000E+00|          0|
 1|   4.300E+03|                      NaN|   0.0000000000000000E+00|          0|
 1|   4.350E+03|                      NaN|   0.0000000000000000E+00|          0|
 1|   4.400E+03|                      NaN|   0.0000000000000000E+00|          0|
 1|   4.450E+03|                      NaN|   0.0000000000000000E+00|          0|
 1|   4.500E+03|                      NaN|   0.0000000000000000E+00|          0|
 1|   4.550E+03|                      NaN|   0.0000000000000000E+00|          0|
 1|   4.600E+03|                      NaN|   0.0000000000000000E+00|          0|
 1|   4.650E+03|                      NaN|   0.0000000000000000E+00|          0|
 1|   4.700E+03|                      NaN|   0.0000000000000000E+00|          0|
 1|   4.750E+03|                      NaN|   0.0000000000000000E+00|          0|
 1|   4.800E+03|                      NaN|   0.0000000000000000E+00|          0|
 1|   4.850E+03|                      NaN|   0.0000000000000000E+00|          0|
 1|   4.900E+03|                      NaN|   0.0000000000000000E+00|          0|
 1|   4.950E+03|                      NaN|   0.0000000000000000E+00|          0|
# integrated result:   4.8806529613008831E-07
#
# Histogram 2: m_jj                                              
 2|   0.000E+00|                      NaN|   0.0000000000000000E+00|          0|
 2|   2.000E+00|                      NaN|   0.0000000000000000E+00|          0|
 2|   4.000E+00|                      NaN|   0.0000000000000000E+00|          0|
 2|   6.000E+00|                      NaN|   0.0000000000000000E+00|          0|
 2|   8.000E+00|                      NaN|   0.0000000000000000E+00|          0|
 2|   1.000E+01|                      NaN|   0.0000000000000000E+00|          0|
 2|   1.200E+01|                      NaN|   0.0000000000000000E+00|          0|
 2|   1.400E+01|                      NaN|   0.0000000000000000E+00|          0|
 2|   1.600E+01|                      NaN|   0.0000000000000000E+00|          0|
 2|   1.800E+01|                      NaN|   0.0000000000000000E+00|          0|
 2|   2.000E+01|                      NaN|   0.0000000000000000E+00|          0|
 2|   2.200E+01|                      NaN|   0.0000000000000000E+00|          0|
 2|   2.400E+01|                      NaN|   0.0000000000000000E+00|          0|
 2|   2.600E+01|                      NaN|   0.0000000000000000E+00|          0|
 2|   2.800E+01|                      NaN|   0.0000000000000000E+00|          0|
 2|   3.000E+01|                 Infinity|   6.9171446386607466E-02|        209|
 2|   3.200E+01|                 Infinity|   8.0845208345444328E-02|        153|
 2|   3.400E+01|                 Infinity|   7.7615052570633281E-02|        166|
 2|   3.600E+01|                 Infinity|   8.5749292571254410E-02|        136|
 2|   3.800E+01|                 Infinity|   8.7370405666103795E-02|        131|
 2|   4.000E+01|                 Infinity|   7.9808688446762213E-02|        157|
 2|   4.200E+01|                 Infinity|   7.7615052570633281E-02|        166|
 2|   4.400E+01|                 Infinity|   8.3045479853739973E-02|        145|
 2|   4.600E+01|                 Infinity|   7.6471911290187253E-02|        171|
 2|   4.800E+01|                 Infinity|   7.7615052570633281E-02|        166|
 2|   5.000E+01|                 Infinity|   7.1795815861773818E-02|        194|
 2|   5.200E+01|                 Infinity|   6.8518870982753166E-02|        213|
 2|   5.400E+01|                 Infinity|   6.4820372355216441E-02|        238|
 2|   5.600E+01|                 Infinity|   6.5372045046061339E-02|        234|
 2|   5.800E+01|                 Infinity|   6.2994078834871195E-02|        252|
 2|   6.000E+01|                 Infinity|   6.7267279399631244E-02|        221|
 2|   6.200E+01|                 Infinity|   6.4684622735315084E-02|        239|
 2|   6.400E+01|                 Infinity|   6.4820372355216441E-02|        238|
 2|   6.600E+01|                 Infinity|   6.4684622735315084E-02|        239|
 2|   6.800E+01|                 Infinity|   6.0412209333017698E-02|        274|
 2|   7.000E+01|                 Infinity|   6.3628476297577771E-02|        247|
 2|   7.200E+01|                 Infinity|   6.4956980246163087E-02|        237|
 2|   7.400E+01|                 Infinity|   6.4018439966447988E-02|        244|
 2|   7.600E+01|                 Infinity|   6.2622429108514954E-02|        255|
 2|   7.800E+01|                 Infinity|   6.1545745489666362E-02|        264|
 2|   8.000E+01|                 Infinity|   6.1084722178152612E-02|        268|
 2|   8.200E+01|                 Infinity|   6.3628476297577771E-02|        247|
 2|   8.400E+01|                 Infinity|   5.6077215409204434E-02|        318|
 2|   8.600E+01|                 Infinity|   6.1545745489666362E-02|        264|
 2|   8.800E+01|                 Infinity|   6.3245553203367583E-02|        250|
 2|   9.000E+01|                 Infinity|   6.0302268915552716E-02|        275|
 2|   9.200E+01|                 Infinity|   6.1662641597820735E-02|        263|
 2|   9.400E+01|                 Infinity|   6.3628476297577771E-02|        247|
 2|   9.600E+01|                 Infinity|   6.1780206321521543E-02|        262|
 2|   9.800E+01|                 Infinity|   6.3372425052447792E-02|        249|
 2|   1.000E+02|                 Infinity|   6.4684622735315084E-02|        239|
 2|   1.020E+02|                 Infinity|   6.4684622735315084E-02|        239|
 2|   1.040E+02|                 Infinity|   6.4684622735315084E-02|        239|
 2|   1.060E+02|                 Infinity|   6.5232807305344226E-02|        235|
 2|   1.080E+02|                 Infinity|   6.3628476297577771E-02|        247|
 2|   1.100E+02|                 Infinity|   6.5795169495976899E-02|        231|
 2|   1.120E+02|                 Infinity|   6.3372425052447792E-02|        249|
 2|   1.140E+02|                 Infinity|   6.6815310478106099E-02|        224|
 2|   1.160E+02|                 Infinity|   6.1898446059017294E-02|        261|
 2|   1.180E+02|                 Infinity|   6.5094455490411943E-02|        236|
 2|   1.200E+02|                 Infinity|   6.5653216429861272E-02|        232|
 2|   1.220E+02|                 Infinity|   6.4415662640083082E-02|        241|
 2|   1.240E+02|                 Infinity|   6.6081860045508978E-02|        229|
 2|   1.260E+02|                 Infinity|   6.9171446386607466E-02|        209|
 2|   1.280E+02|                 Infinity|   6.9171446386607466E-02|        209|
 2|   1.300E+02|                 Infinity|   7.3323557510676651E-02|        186|
 2|   1.320E+02|                 Infinity|   7.1611487403943297E-02|        195|
 2|   1.340E+02|                 Infinity|   6.7267279399631244E-02|        221|
 2|   1.360E+02|                 Infinity|   7.1247049987909650E-02|        197|
 2|   1.380E+02|                 Infinity|   7.0014004201400484E-02|        204|
 2|   1.400E+02|                 Infinity|   6.6666666666666666E-02|        225|
 2|   1.420E+02|                 Infinity|   7.1428571428571425E-02|        196|
 2|   1.440E+02|                 Infinity|   7.2168783648703230E-02|        192|
 2|   1.460E+02|                 Infinity|   7.5809804357890337E-02|        174|
 2|   1.480E+02|                 Infinity|   7.0014004201400484E-02|        204|
 2|   1.500E+02|                 Infinity|   7.3922127095457285E-02|        183|
 2|   1.520E+02|                 Infinity|   7.9305158571814416E-02|        159|
 2|   1.540E+02|                 Infinity|   7.1981575074869450E-02|        193|
 2|   1.560E+02|                 Infinity|   7.3922127095457285E-02|        183|
 2|   1.580E+02|                 Infinity|   7.9555728417572996E-02|        158|
 2|   1.600E+02|                 Infinity|   7.3323557510676651E-02|        186|
 2|   1.620E+02|                 Infinity|   8.0064076902543566E-02|        156|
 2|   1.640E+02|                 Infinity|   7.7615052570633281E-02|        166|
 2|   1.660E+02|                 Infinity|   7.4535599249992993E-02|        180|
 2|   1.680E+02|                 Infinity|   8.1649658092772609E-02|        150|
 2|   1.700E+02|                 Infinity|   7.9555728417572996E-02|        158|
 2|   1.720E+02|                 Infinity|   7.9808688446762213E-02|        157|
 2|   1.740E+02|                 Infinity|   8.0845208345444328E-02|        153|
 2|   1.760E+02|                 Infinity|   8.4215192106651904E-02|        141|
 2|   1.780E+02|                 Infinity|   8.3624201000709081E-02|        143|
 2|   1.800E+02|                 Infinity|   8.6066296582387042E-02|        135|
 2|   1.820E+02|                 Infinity|   8.7370405666103795E-02|        131|
 2|   1.840E+02|                 Infinity|   8.6710996952411995E-02|        133|
 2|   1.860E+02|                 Infinity|   8.5125653075874858E-02|        138|
 2|   1.880E+02|                 Infinity|   8.6066296582387042E-02|        135|
 2|   1.900E+02|                 Infinity|   8.5435765771676095E-02|        137|
 2|   1.920E+02|                 Infinity|   8.2760588860236795E-02|        146|
 2|   1.940E+02|                 Infinity|   8.8735650941611385E-02|        127|
 2|   1.960E+02|                 Infinity|   8.6710996952411995E-02|        133|
 2|   1.980E+02|                 Infinity|   9.4491118252306799E-02|        112|
# integrated result:   4.8806529613008778E-07
#
# Histogram 3: pT(H)                                             
 3|   0.000E+00|                 Infinity|   1.5590780467500804E-02|       4114|
 3|   1.000E+01|                 Infinity|   1.9062321291575583E-02|       2752|
 3|   2.000E+01|                 Infinity|   1.9374606457303215E-02|       2664|
 3|   3.000E+01|                 Infinity|   2.0340502363726694E-02|       2417|
 3|   4.000E+01|                 Infinity|   2.1837392736013945E-02|       2097|
 3|   5.000E+01|                 Infinity|   2.4455799402225926E-02|       1672|
 3|   6.000E+01|                 Infinity|   2.7338327590690405E-02|       1338|
 3|   7.000E+01|                 Infinity|   3.0344856451720224E-02|       1086|
 3|   8.000E+01|                 Infinity|   3.3333333333333333E-02|        900|
 3|   9.000E+01|                 Infinity|   3.5990787537434725E-02|        772|
 3|   1.000E+02|                 Infinity|   4.1739193556484110E-02|        574|
 3|   1.100E+02|                 Infinity|   4.5786854649563009E-02|        477|
 3|   1.200E+02|                 Infinity|   4.7511433814557989E-02|        443|
 3|   1.300E+02|                 Infinity|   5.3528772757218922E-02|        349|
 3|   1.400E+02|                 Infinity|   5.8321184351980429E-02|        294|
 3|   1.500E+02|                 Infinity|   6.2017367294604234E-02|        260|
 3|   1.600E+02|                 Infinity|   7.0186240634359645E-02|        203|
 3|   1.700E+02|                 Infinity|   7.9555728417572996E-02|        158|
 3|   1.800E+02|                 Infinity|   8.2478609884232251E-02|        147|
 3|   1.900E+02|                 Infinity|   8.6386842558136015E-02|        134|
 3|   2.000E+02|                 Infinity|   9.8532927816429319E-02|        103|
 3|   2.100E+02|                 Infinity|   1.0721125348377948E-01|         87|
 3|   2.200E+02|                 Infinity|   1.1785113019775793E-01|         72|
 3|   2.300E+02|                 Infinity|   1.2803687993289598E-01|         61|
 3|   2.400E+02|                 Infinity|   1.0910894511799619E-01|         84|
 3|   2.500E+02|                 Infinity|   1.4285714285714285E-01|         49|
 3|   2.600E+02|                 Infinity|   1.6439898730535729E-01|         37|
 3|   2.700E+02|                 Infinity|   1.4433756729740646E-01|         48|
 3|   2.800E+02|                 Infinity|   1.3867504905630729E-01|         52|
 3|   2.900E+02|                 Infinity|   1.4586499149789456E-01|         47|
 3|   3.000E+02|                 Infinity|   2.0000000000000001E-01|         25|
 3|   3.100E+02|                 Infinity|   1.5249857033260467E-01|         43|
 3|   3.200E+02|                 Infinity|   2.0000000000000001E-01|         25|
 3|   3.300E+02|                 Infinity|   1.9611613513818404E-01|         26|
 3|   3.400E+02|                 Infinity|   1.7149858514250882E-01|         34|
 3|   3.500E+02|                 Infinity|   2.2941573387056174E-01|         19|
 3|   3.600E+02|                 Infinity|   2.6726124191242440E-01|         14|
 3|   3.700E+02|                 Infinity|   2.6726124191242440E-01|         14|
 3|   3.800E+02|                 Infinity|   2.1320071635561041E-01|         22|
 3|   3.900E+02|                 Infinity|   2.7735009811261457E-01|         13|
 3|   4.000E+02|                 Infinity|   2.6726124191242440E-01|         14|
 3|   4.100E+02|                 Infinity|   2.8867513459481292E-01|         12|
 3|   4.200E+02|                 Infinity|   3.1622776601683794E-01|         10|
 3|   4.300E+02|                 Infinity|   3.0151134457776363E-01|         11|
 3|   4.400E+02|                 Infinity|   4.4721359549995793E-01|          5|
 3|   4.500E+02|                 Infinity|   3.5355339059327373E-01|          8|
 3|   4.600E+02|                 Infinity|   3.3333333333333331E-01|          9|
 3|   4.700E+02|                 Infinity|   7.0710678118654746E-01|          2|
 3|   4.800E+02|                 Infinity|   3.0151134457776363E-01|         11|
 3|   4.900E+02|                 Infinity|   5.0000000000000000E-01|          4|
# integrated result:   4.8806529613008672E-07
#
# Histogram 4: pT(j1)                                            
 4|   0.000E+00|                      NaN|   0.0000000000000000E+00|          0|
 4|   1.000E+01|                 Infinity|   4.9629166698546508E-02|        406|
 4|   2.000E+01|                 Infinity|   2.1801036009847369E-02|       2104|
 4|   3.000E+01|                 Infinity|   1.9411072904885092E-02|       2654|
 4|   4.000E+01|                 Infinity|   1.9107505086717085E-02|       2739|
 4|   5.000E+01|                 Infinity|   2.0125165247152441E-02|       2469|
 4|   6.000E+01|                 Infinity|   2.1566554640687682E-02|       2150|
 4|   7.000E+01|                 Infinity|   2.3180714250535184E-02|       1861|
 4|   8.000E+01|                 Infinity|   2.5624184243056937E-02|       1523|
 4|   9.000E+01|                 Infinity|   2.8700578896514575E-02|       1214|
 4|   1.000E+02|                 Infinity|   3.1734040798768841E-02|        993|
 4|   1.100E+02|                 Infinity|   3.5355339059327376E-02|        800|
 4|   1.200E+02|                 Infinity|   3.9652579285907208E-02|        636|
 4|   1.300E+02|                 Infinity|   4.1996052556580801E-02|        567|
 4|   1.400E+02|                 Infinity|   4.6625240412015691E-02|        460|
 4|   1.500E+02|                 Infinity|   5.0767308256680958E-02|        388|
 4|   1.600E+02|                 Infinity|   5.6704797712374272E-02|        311|
 4|   1.700E+02|                 Infinity|   6.1898446059017294E-02|        261|
 4|   1.800E+02|                 Infinity|   6.5232807305344226E-02|        235|
 4|   1.900E+02|                 Infinity|   7.1247049987909650E-02|        197|
 4|   2.000E+02|                 Infinity|   7.7849894416152296E-02|        165|
 4|   2.100E+02|                 Infinity|   7.8326044998795738E-02|        163|
 4|   2.200E+02|                 Infinity|   8.0582296402538028E-02|        154|
 4|   2.300E+02|                 Infinity|   9.4072086838359728E-02|        113|
 4|   2.400E+02|                 Infinity|   8.9087080637474794E-02|        126|
 4|   2.500E+02|                 Infinity|   9.6673648904566353E-02|        107|
 4|   2.600E+02|                 Infinity|   1.0910894511799619E-01|         84|
 4|   2.700E+02|                 Infinity|   1.0910894511799619E-01|         84|
 4|   2.800E+02|                 Infinity|   1.2038585308576920E-01|         69|
 4|   2.900E+02|                 Infinity|   1.2803687993289598E-01|         61|
 4|   3.000E+02|                 Infinity|   1.2216944435630522E-01|         67|
 4|   3.100E+02|                 Infinity|   1.4142135623730950E-01|         50|
 4|   3.200E+02|                 Infinity|   1.4586499149789456E-01|         47|
 4|   3.300E+02|                 Infinity|   1.3245323570650439E-01|         57|
 4|   3.400E+02|                 Infinity|   1.3867504905630729E-01|         52|
 4|   3.500E+02|                 Infinity|   1.6439898730535729E-01|         37|
 4|   3.600E+02|                 Infinity|   2.0412414523193154E-01|         24|
 4|   3.700E+02|                 Infinity|   1.7149858514250882E-01|         34|
 4|   3.800E+02|                 Infinity|   1.6903085094570330E-01|         35|
 4|   3.900E+02|                 Infinity|   1.8257418583505536E-01|         30|
 4|   4.000E+02|                 Infinity|   2.3570226039551587E-01|         18|
 4|   4.100E+02|                 Infinity|   1.9611613513818404E-01|         26|
 4|   4.200E+02|                 Infinity|   1.8898223650461360E-01|         28|
 4|   4.300E+02|                 Infinity|   3.0151134457776363E-01|         11|
 4|   4.400E+02|                 Infinity|   1.8569533817705186E-01|         29|
 4|   4.500E+02|                 Infinity|   2.5819888974716110E-01|         15|
 4|   4.600E+02|                 Infinity|   2.4253562503633297E-01|         17|
 4|   4.700E+02|                 Infinity|   2.5819888974716110E-01|         15|
 4|   4.800E+02|                 Infinity|   2.4253562503633297E-01|         17|
 4|   4.900E+02|                 Infinity|   2.7735009811261457E-01|         13|
# integrated result:   4.8806529613008810E-07
#
# Histogram 5: dy(j1,j2)                                         
 5|  -5.000E+00|                 Infinity|   5.7735026918962584E-01|          3|
 5|  -4.800E+00|                 Infinity|   3.7796447300922720E-01|          7|
 5|  -4.600E+00|                 Infinity|   3.0151134457776363E-01|         11|
 5|  -4.400E+00|                 Infinity|   2.8867513459481292E-01|         12|
 5|  -4.200E+00|                 Infinity|   2.4253562503633297E-01|         17|
 5|  -4.000E+00|                 Infinity|   2.2941573387056174E-01|         19|
 5|  -3.800E+00|                 Infinity|   1.5617376188860607E-01|         41|
 5|  -3.600E+00|                 Infinity|   1.0910894511799619E-01|         84|
 5|  -3.400E+00|                 Infinity|   8.4515425472851652E-02|        140|
 5|  -3.200E+00|                 Infinity|   7.2547625011001163E-02|        190|
 5|  -3.000E+00|                 Infinity|   5.6433264798310033E-02|        314|
 5|  -2.800E+00|                 Infinity|   4.8280454958526758E-02|        429|
 5|  -2.600E+00|                 Infinity|   5.8520573598065284E-02|        292|
 5|  -2.400E+00|                 Infinity|   7.0186240634359645E-02|        203|
 5|  -2.200E+00|                 Infinity|   6.4150029909958411E-02|        243|
 5|  -2.000E+00|                 Infinity|   5.5901699437494741E-02|        320|
 5|  -1.800E+00|                 Infinity|   5.5131784641997125E-02|        329|
 5|  -1.600E+00|                 Infinity|   5.1097613030759603E-02|        383|
 5|  -1.400E+00|                 Infinity|   4.8393391849582724E-02|        427|
 5|  -1.200E+00|                 Infinity|   3.9528470752104743E-02|        640|
 5|  -1.000E+00|                 Infinity|   4.1739193556484110E-02|        574|
 5|  -8.000E-01|                 Infinity|   3.7769478730024897E-02|        701|
 5|  -6.000E-01|                 Infinity|   2.6444294267397254E-02|       1430|
 5|  -4.000E-01|                 Infinity|   2.9475578546806908E-02|       1151|
 5|  -2.000E-01|                 Infinity|   4.0996003084539386E-02|        595|
 5|   0.000E+00|                 Infinity|   4.0032038451271783E-02|        624|
 5|   2.000E-01|                 Infinity|   2.9424494316824982E-02|       1155|
 5|   4.000E-01|                 Infinity|   2.7660638840895514E-02|       1307|
 5|   6.000E-01|                 Infinity|   2.2651349466027825E-02|       1949|
 5|   8.000E-01|                 Infinity|   3.3633639699815622E-02|        884|
 5|   1.000E+00|                 Infinity|   3.8490017945975050E-02|        675|
 5|   1.200E+00|                 Infinity|   3.5201667190438143E-02|        807|
 5|   1.400E+00|                 Infinity|   3.5578403348241000E-02|        790|
 5|   1.600E+00|                 Infinity|   3.0096463271442300E-02|       1104|
 5|   1.800E+00|                 Infinity|   2.8250391094058830E-02|       1253|
 5|   2.000E+00|                 Infinity|   3.6131468676496206E-02|        766|
 5|   2.200E+00|                 Infinity|   3.6297700432031385E-02|        759|
 5|   2.400E+00|                 Infinity|   4.0756957296961119E-02|        602|
 5|   2.600E+00|                 Infinity|   5.2342392259021375E-02|        365|
 5|   2.800E+00|                 Infinity|   5.2851642258168990E-02|        358|
 5|   3.000E+00|                 Infinity|   5.5555555555555552E-02|        324|
 5|   3.200E+00|                 Infinity|   5.0898659855928764E-02|        386|
 5|   3.400E+00|                 Infinity|   4.6126560401444250E-02|        470|
 5|   3.600E+00|                 Infinity|   5.7166195047502949E-02|        306|
 5|   3.800E+00|                 Infinity|   7.8567420131838608E-02|        162|
 5|   4.000E+00|                 Infinity|   1.0599978800063600E-01|         89|
 5|   4.200E+00|                 Infinity|   9.6673648904566353E-02|        107|
 5|   4.400E+00|                 Infinity|   1.2598815766974239E-01|         63|
 5|   4.600E+00|                 Infinity|   2.1821789023599239E-01|         21|
 5|   4.800E+00|                 Infinity|   3.0151134457776363E-01|         11|
# integrated result:   4.8806529613008863E-07
#
# Histogram 6: mz1                                               
 6|   0.000E+00|                      NaN|   0.0000000000000000E+00|          0|
 6|   2.000E+00|                      NaN|   0.0000000000000000E+00|          0|
 6|   4.000E+00|                 Infinity|   2.4196695924791362E-02|       1708|
 6|   6.000E+00|                 Infinity|   2.3363465675799888E-02|       1832|
 6|   8.000E+00|                 Infinity|   1.5306919373065674E-02|       4268|
 6|   1.000E+01|                 Infinity|   3.1128640318234518E-02|       1032|
 6|   1.200E+01|                 Infinity|   4.1739193556484110E-02|        574|
 6|   1.400E+01|                 Infinity|   6.4150029909958411E-02|        243|
 6|   1.600E+01|                 Infinity|   3.4752402342845795E-02|        828|
 6|   1.800E+01|                 Infinity|   3.3903175181040524E-02|        870|
 6|   2.000E+01|                 Infinity|   5.3916386601719206E-02|        344|
 6|   2.200E+01|                 Infinity|   4.2409446483998546E-02|        556|
 6|   2.400E+01|                 Infinity|   4.4499415948998478E-02|        505|
 6|   2.600E+01|                 Infinity|   8.6066296582387042E-02|        135|
 6|   2.800E+01|                 Infinity|   1.0153461651336192E-01|         97|
 6|   3.000E+01|                 Infinity|   1.1111111111111110E-01|         81|
 6|   3.200E+01|                 Infinity|   1.2909944487358055E-01|         60|
 6|   3.400E+01|                 Infinity|   1.4433756729740646E-01|         48|
 6|   3.600E+01|                 Infinity|   1.7960530202677491E-01|         31|
 6|   3.800E+01|                 Infinity|   1.5249857033260467E-01|         43|
 6|   4.000E+01|                 Infinity|   1.6012815380508713E-01|         39|
 6|   4.200E+01|                 Infinity|   5.7735026918962584E-01|          3|
 6|   4.400E+01|                 Infinity|   3.5355339059327373E-01|          8|
 6|   4.600E+01|                 Infinity|   4.4721359549995793E-01|          5|
 6|   4.800E+01|                 Infinity|   4.0824829046386307E-01|          6|
 6|   5.000E+01|                 Infinity|   3.1622776601683794E-01|         10|
 6|   5.200E+01|                 Infinity|   3.5355339059327373E-01|          8|
 6|   5.400E+01|                 Infinity|   3.1622776601683794E-01|         10|
 6|   5.600E+01|                 Infinity|   3.0151134457776363E-01|         11|
 6|   5.800E+01|                 Infinity|   2.4253562503633297E-01|         17|
 6|   6.000E+01|                 Infinity|   2.2360679774997896E-01|         20|
 6|   6.200E+01|                 Infinity|   2.7735009811261457E-01|         13|
 6|   6.400E+01|                 Infinity|   2.2360679774997896E-01|         20|
 6|   6.600E+01|                 Infinity|   2.8867513459481292E-01|         12|
 6|   6.800E+01|                 Infinity|   2.1320071635561041E-01|         22|
 6|   7.000E+01|                 Infinity|   2.4253562503633297E-01|         17|
 6|   7.200E+01|                 Infinity|   2.0000000000000001E-01|         25|
 6|   7.400E+01|                 Infinity|   1.5811388300841897E-01|         40|
 6|   7.600E+01|                 Infinity|   1.3736056394868904E-01|         53|
 6|   7.800E+01|                 Infinity|   1.3608276348795434E-01|         54|
 6|   8.000E+01|                 Infinity|   1.3018891098082389E-01|         59|
 6|   8.200E+01|                 Infinity|   9.4491118252306799E-02|        112|
 6|   8.400E+01|                 Infinity|   7.3521462209380772E-02|        185|
 6|   8.600E+01|                 Infinity|   6.6081860045508978E-02|        229|
 6|   8.800E+01|                 Infinity|   1.7786387594901105E-02|       3161|
 6|   9.000E+01|                 Infinity|   1.7223468842473787E-02|       3371|
 6|   9.200E+01|                 Infinity|   2.0562903028816623E-02|       2365|
 6|   9.400E+01|                 Infinity|   6.6666666666666666E-02|        225|
 6|   9.600E+01|                 Infinity|   7.3720978077448568E-02|        184|
 6|   9.800E+01|                 Infinity|   9.2847669088525930E-02|        116|
 6|   1.000E+02|                 Infinity|   1.4586499149789456E-01|         47|
 6|   1.020E+02|                 Infinity|   1.5617376188860607E-01|         41|
 6|   1.040E+02|                 Infinity|   1.3483997249264842E-01|         55|
 6|   1.060E+02|                 Infinity|   1.5249857033260467E-01|         43|
 6|   1.080E+02|                 Infinity|   1.8898223650461360E-01|         28|
 6|   1.100E+02|                 Infinity|   2.1320071635561041E-01|         22|
 6|   1.120E+02|                 Infinity|   3.7796447300922720E-01|          7|
 6|   1.140E+02|                 Infinity|   3.3333333333333331E-01|          9|
 6|   1.160E+02|                 Infinity|   5.7735026918962584E-01|          3|
 6|   1.180E+02|                 Infinity|   1.0000000000000000E+00|          1|
 6|   1.200E+02|                      NaN|   0.0000000000000000E+00|          0|
 6|   1.220E+02|                      NaN|   0.0000000000000000E+00|          0|
 6|   1.240E+02|                      NaN|   0.0000000000000000E+00|          0|
 6|   1.260E+02|                      NaN|   0.0000000000000000E+00|          0|
 6|   1.280E+02|                      NaN|   0.0000000000000000E+00|          0|
 6|   1.300E+02|                      NaN|   0.0000000000000000E+00|          0|
 6|   1.320E+02|                      NaN|   0.0000000000000000E+00|          0|
 6|   1.340E+02|                      NaN|   0.0000000000000000E+00|          0|
 6|   1.360E+02|                      NaN|   0.0000000000000000E+00|          0|
 6|   1.380E+02|                      NaN|   0.0000000000000000E+00|          0|
 6|   1.400E+02|                      NaN|   0.0000000000000000E+00|          0|
 6|   1.420E+02|                      NaN|   0.0000000000000000E+00|          0|
 6|   1.440E+02|                      NaN|   0.0000000000000000E+00|          0|
 6|   1.460E+02|                      NaN|   0.0000000000000000E+00|          0|
 6|   1.480E+02|                      NaN|   0.0000000000000000E+00|          0|
 6|   1.500E+02|                      NaN|   0.0000000000000000E+00|          0|
 6|   1.520E+02|                      NaN|   0.0000000000000000E+00|          0|
 6|   1.540E+02|                      NaN|   0.0000000000000000E+00|          0|
 6|   1.560E+02|                      NaN|   0.0000000000000000E+00|          0|
 6|   1.580E+02|                      NaN|   0.0000000000000000E+00|          0|
 6|   1.600E+02|                      NaN|   0.0000000000000000E+00|          0|
 6|   1.620E+02|                      NaN|   0.0000000000000000E+00|          0|
 6|   1.640E+02|                      NaN|   0.0000000000000000E+00|          0|
 6|   1.660E+02|                      NaN|   0.0000000000000000E+00|          0|
 6|   1.680E+02|                      NaN|   0.0000000000000000E+00|          0|
 6|   1.700E+02|                      NaN|   0.0000000000000000E+00|          0|
 6|   1.720E+02|                      NaN|   0.0000000000000000E+00|          0|
 6|   1.740E+02|                      NaN|   0.0000000000000000E+00|          0|
 6|   1.760E+02|                      NaN|   0.0000000000000000E+00|          0|
 6|   1.780E+02|                      NaN|   0.0000000000000000E+00|          0|
 6|   1.800E+02|                      NaN|   0.0000000000000000E+00|          0|
 6|   1.820E+02|                      NaN|   0.0000000000000000E+00|          0|
 6|   1.840E+02|                      NaN|   0.0000000000000000E+00|          0|
 6|   1.860E+02|                      NaN|   0.0000000000000000E+00|          0|
 6|   1.880E+02|                      NaN|   0.0000000000000000E+00|          0|
 6|   1.900E+02|                      NaN|   0.0000000000000000E+00|          0|
 6|   1.920E+02|                      NaN|   0.0000000000000000E+00|          0|
 6|   1.940E+02|                      NaN|   0.0000000000000000E+00|          0|
 6|   1.960E+02|                      NaN|   0.0000000000000000E+00|          0|
 6|   1.980E+02|                      NaN|   0.0000000000000000E+00|          0|
# integrated result:   4.8806529613008746E-07
#
# Histogram 7: mz2                                               
 7|   0.000E+00|                      NaN|   0.0000000000000000E+00|          0|
 7|   2.000E+00|                      NaN|   0.0000000000000000E+00|          0|
 7|   4.000E+00|                 Infinity|   3.0247530200945175E-02|       1093|
 7|   6.000E+00|                 Infinity|   4.0622223185119377E-02|        606|
 7|   8.000E+00|                 Infinity|   2.9961075885598987E-02|       1114|
 7|   1.000E+01|                 Infinity|   3.0275242098833630E-02|       1091|
 7|   1.200E+01|                 Infinity|   4.0655781409087086E-02|        605|
 7|   1.400E+01|                 Infinity|   5.6796183424706478E-02|        310|
 7|   1.600E+01|                 Infinity|   6.0522753266880246E-02|        273|
 7|   1.800E+01|                 Infinity|   5.0767308256680958E-02|        388|
 7|   2.000E+01|                 Infinity|   4.9206783130512292E-02|        413|
 7|   2.200E+01|                 Infinity|   4.7511433814557989E-02|        443|
 7|   2.400E+01|                 Infinity|   4.0258484111423729E-02|        617|
 7|   2.600E+01|                 Infinity|   4.0522044923655388E-02|        609|
 7|   2.800E+01|                 Infinity|   3.0772872744833181E-02|       1056|
 7|   3.000E+01|                 Infinity|   2.8060676663315687E-02|       1270|
 7|   3.200E+01|                 Infinity|   3.9405520311955031E-02|        644|
 7|   3.400E+01|                 Infinity|   6.2994078834871195E-02|        252|
 7|   3.600E+01|                 Infinity|   1.3130643285972254E-01|         58|
 7|   3.800E+01|                 Infinity|   1.4002800840280097E-01|         51|
 7|   4.000E+01|                 Infinity|   1.6666666666666666E-01|         36|
 7|   4.200E+01|                 Infinity|   1.7149858514250882E-01|         34|
 7|   4.400E+01|                 Infinity|   1.6222142113076254E-01|         38|
 7|   4.600E+01|                 Infinity|   2.0000000000000001E-01|         25|
 7|   4.800E+01|                 Infinity|   2.4253562503633297E-01|         17|
 7|   5.000E+01|                 Infinity|   2.4253562503633297E-01|         17|
 7|   5.200E+01|                 Infinity|   2.5819888974716110E-01|         15|
 7|   5.400E+01|                 Infinity|   2.5000000000000000E-01|         16|
 7|   5.600E+01|                 Infinity|   2.1320071635561041E-01|         22|
 7|   5.800E+01|                 Infinity|   2.1821789023599239E-01|         21|
 7|   6.000E+01|                 Infinity|   2.3570226039551587E-01|         18|
 7|   6.200E+01|                 Infinity|   2.0000000000000001E-01|         25|
 7|   6.400E+01|                 Infinity|   1.7677669529663687E-01|         32|
 7|   6.600E+01|                 Infinity|   1.8898223650461360E-01|         28|
 7|   6.800E+01|                 Infinity|   1.2309149097933272E-01|         66|
 7|   7.000E+01|                 Infinity|   8.3045479853739973E-02|        145|
 7|   7.200E+01|                 Infinity|   3.8320083261967369E-02|        681|
 7|   7.400E+01|                 Infinity|   4.6574643283262232E-02|        461|
 7|   7.600E+01|                 Infinity|   8.0064076902543566E-02|        156|
 7|   7.800E+01|                 Infinity|   8.1649658092772609E-02|        150|
 7|   8.000E+01|                 Infinity|   5.8123819371909642E-02|        296|
 7|   8.200E+01|                 Infinity|   4.5596075258755323E-02|        481|
 7|   8.400E+01|                 Infinity|   3.1734040798768841E-02|        993|
 7|   8.600E+01|                 Infinity|   2.2075539284417398E-02|       2052|
 7|   8.800E+01|                 Infinity|   3.1911282313630142E-02|        982|
 7|   9.000E+01|                 Infinity|   1.8861211158749999E-02|       2811|
 7|   9.200E+01|                 Infinity|   1.8172809104620349E-02|       3028|
 7|   9.400E+01|                 Infinity|   1.0599978800063600E-01|         89|
 7|   9.600E+01|                 Infinity|   1.3130643285972254E-01|         58|
 7|   9.800E+01|                 Infinity|   1.4907119849998599E-01|         45|
 7|   1.000E+02|                 Infinity|   1.6439898730535729E-01|         37|
 7|   1.020E+02|                 Infinity|   1.7149858514250882E-01|         34|
 7|   1.040E+02|                 Infinity|   1.8898223650461360E-01|         28|
 7|   1.060E+02|                 Infinity|   1.9245008972987526E-01|         27|
 7|   1.080E+02|                 Infinity|   2.4253562503633297E-01|         17|
 7|   1.100E+02|                 Infinity|   2.0851441405707477E-01|         23|
 7|   1.120E+02|                 Infinity|   3.7796447300922720E-01|          7|
 7|   1.140E+02|                 Infinity|   5.0000000000000000E-01|          4|
 7|   1.160E+02|                 Infinity|   7.0710678118654746E-01|          2|
 7|   1.180E+02|                 Infinity|   1.0000000000000000E+00|          1|
 7|   1.200E+02|                      NaN|   0.0000000000000000E+00|          0|
 7|   1.220E+02|                      NaN|   0.0000000000000000E+00|          0|
 7|   1.240E+02|                      NaN|   0.0000000000000000E+00|          0|
 7|   1.260E+02|                      NaN|   0.0000000000000000E+00|          0|
 7|   1.280E+02|                      NaN|   0.0000000000000000E+00|          0|
 7|   1.300E+02|                      NaN|   0.0000000000000000E+00|          0|
 7|   1.320E+02|                      NaN|   0.0000000000000000E+00|          0|
 7|   1.340E+02|                      NaN|   0.0000000000000000E+00|          0|
 7|   1.360E+02|                      NaN|   0.0000000000000000E+00|          0|
 7|   1.380E+02|                      NaN|   0.0000000000000000E+00|          0|
 7|   1.400E+02|                      NaN|   0.0000000000000000E+00|          0|
 7|   1.420E+02|                      NaN|   0.0000000000000000E+00|          0|
 7|   1.440E+02|                      NaN|   0.0000000000000000E+00|          0|
 7|   1.460E+02|                      NaN|   0.0000000000000000E+00|          0|
 7|   1.480E+02|                      NaN|   0.0000000000000000E+00|          0|
 7|   1.500E+02|                      NaN|   0.0000000000000000E+00|          0|
 7|   1.520E+02|                      NaN|   0.0000000000000000E+00|          0|
 7|   1.540E+02|                      NaN|   0.0000000000000000E+00|          0|
 7|   1.560E+02|                      NaN|   0.0000000000000000E+00|          0|
 7|   1.580E+02|                      NaN|   0.0000000000000000E+00|          0|
 7|   1.600E+02|                      NaN|   0.0000000000000000E+00|          0|
 7|   1.620E+02|                      NaN|   0.0000000000000000E+00|          0|
 7|   1.640E+02|                      NaN|   0.0000000000000000E+00|          0|
 7|   1.660E+02|                      NaN|   0.0000000000000000E+00|          0|
 7|   1.680E+02|                      NaN|   0.0000000000000000E+00|          0|
 7|   1.700E+02|                      NaN|   0.0000000000000000E+00|          0|
 7|   1.720E+02|                      NaN|   0.0000000000000000E+00|          0|
 7|   1.740E+02|                      NaN|   0.0000000000000000E+00|          0|
 7|   1.760E+02|                      NaN|   0.0000000000000000E+00|          0|
 7|   1.780E+02|                      NaN|   0.0000000000000000E+00|          0|
 7|   1.800E+02|                      NaN|   0.0000000000000000E+00|          0|
 7|   1.820E+02|                      NaN|   0.0000000000000000E+00|          0|
 7|   1.840E+02|                      NaN|   0.0000000000000000E+00|          0|
 7|   1.860E+02|                      NaN|   0.0000000000000000E+00|          0|
 7|   1.880E+02|                      NaN|   0.0000000000000000E+00|          0|
 7|   1.900E+02|                      NaN|   0.0000000000000000E+00|          0|
 7|   1.920E+02|                      NaN|   0.0000000000000000E+00|          0|
 7|   1.940E+02|                      NaN|   0.0000000000000000E+00|          0|
 7|   1.960E+02|                      NaN|   0.0000000000000000E+00|          0|
 7|   1.980E+02|                      NaN|   0.0000000000000000E+00|          0|
# integrated result:   4.8806529613008810E-07
#
# Histogram 8: m_4l                                              
 8|   1.000E+02|                 Infinity|   6.4669742289036021E-03|      23911|
 8|   1.400E+02|                      NaN|   0.0000000000000000E+00|          0|
 8|   1.800E+02|                      NaN|   0.0000000000000000E+00|          0|
 8|   2.200E+02|                      NaN|   0.0000000000000000E+00|          0|
 8|   2.600E+02|                      NaN|   0.0000000000000000E+00|          0|
 8|   3.000E+02|                      NaN|   0.0000000000000000E+00|          0|
 8|   3.400E+02|                      NaN|   0.0000000000000000E+00|          0|
 8|   3.800E+02|                      NaN|   0.0000000000000000E+00|          0|
 8|   4.200E+02|                      NaN|   0.0000000000000000E+00|          0|
 8|   4.600E+02|                      NaN|   0.0000000000000000E+00|          0|
 8|   5.000E+02|                      NaN|   0.0000000000000000E+00|          0|
 8|   5.400E+02|                      NaN|   0.0000000000000000E+00|          0|
 8|   5.800E+02|                      NaN|   0.0000000000000000E+00|          0|
 8|   6.200E+02|                      NaN|   0.0000000000000000E+00|          0|
 8|   6.600E+02|                      NaN|   0.0000000000000000E+00|          0|
 8|   7.000E+02|                      NaN|   0.0000000000000000E+00|          0|
 8|   7.400E+02|                      NaN|   0.0000000000000000E+00|          0|
 8|   7.800E+02|                      NaN|   0.0000000000000000E+00|          0|
 8|   8.200E+02|                      NaN|   0.0000000000000000E+00|          0|
 8|   8.600E+02|                      NaN|   0.0000000000000000E+00|          0|
 8|   9.000E+02|                      NaN|   0.0000000000000000E+00|          0|
 8|   9.400E+02|                      NaN|   0.0000000000000000E+00|          0|
 8|   9.800E+02|                      NaN|   0.0000000000000000E+00|          0|
 8|   1.020E+03|                      NaN|   0.0000000000000000E+00|          0|
 8|   1.060E+03|                      NaN|   0.0000000000000000E+00|          0|
 8|   1.100E+03|                      NaN|   0.0000000000000000E+00|          0|
 8|   1.140E+03|                      NaN|   0.0000000000000000E+00|          0|
 8|   1.180E+03|                      NaN|   0.0000000000000000E+00|          0|
 8|   1.220E+03|                      NaN|   0.0000000000000000E+00|          0|
 8|   1.260E+03|                      NaN|   0.0000000000000000E+00|          0|
 8|   1.300E+03|                      NaN|   0.0000000000000000E+00|          0|
 8|   1.340E+03|                      NaN|   0.0000000000000000E+00|          0|
 8|   1.380E+03|                      NaN|   0.0000000000000000E+00|          0|
 8|   1.420E+03|                      NaN|   0.0000000000000000E+00|          0|
 8|   1.460E+03|                      NaN|   0.0000000000000000E+00|          0|
 8|   1.500E+03|                      NaN|   0.0000000000000000E+00|          0|
 8|   1.540E+03|                      NaN|   0.0000000000000000E+00|          0|
 8|   1.580E+03|                      NaN|   0.0000000000000000E+00|          0|
 8|   1.620E+03|                      NaN|   0.0000000000000000E+00|          0|
 8|   1.660E+03|                      NaN|   0.0000000000000000E+00|          0|
 8|   1.700E+03|                      NaN|   0.0000000000000000E+00|          0|
 8|   1.740E+03|                      NaN|   0.0000000000000000E+00|          0|
 8|   1.780E+03|                      NaN|   0.0000000000000000E+00|          0|
 8|   1.820E+03|                      NaN|   0.0000000000000000E+00|          0|
 8|   1.860E+03|                      NaN|   0.0000000000000000E+00|          0|
 8|   1.900E+03|                      NaN|   0.0000000000000000E+00|          0|
 8|   1.940E+03|                      NaN|   0.0000000000000000E+00|          0|
 8|   1.980E+03|                      NaN|   0.0000000000000000E+00|          0|
 8|   2.020E+03|                      NaN|   0.0000000000000000E+00|          0|
 8|   2.060E+03|                      NaN|   0.0000000000000000E+00|          0|
 8|   2.100E+03|                      NaN|   0.0000000000000000E+00|          0|
 8|   2.140E+03|                      NaN|   0.0000000000000000E+00|          0|
 8|   2.180E+03|                      NaN|   0.0000000000000000E+00|          0|
 8|   2.220E+03|                      NaN|   0.0000000000000000E+00|          0|
 8|   2.260E+03|                      NaN|   0.0000000000000000E+00|          0|
 8|   2.300E+03|                      NaN|   0.0000000000000000E+00|          0|
 8|   2.340E+03|                      NaN|   0.0000000000000000E+00|          0|
 8|   2.380E+03|                      NaN|   0.0000000000000000E+00|          0|
 8|   2.420E+03|                      NaN|   0.0000000000000000E+00|          0|
 8|   2.460E+03|                      NaN|   0.0000000000000000E+00|          0|
 8|   2.500E+03|                      NaN|   0.0000000000000000E+00|          0|
 8|   2.540E+03|                      NaN|   0.0000000000000000E+00|          0|
 8|   2.580E+03|                      NaN|   0.0000000000000000E+00|          0|
 8|   2.620E+03|                      NaN|   0.0000000000000000E+00|          0|
 8|   2.660E+03|                      NaN|   0.0000000000000000E+00|          0|
 8|   2.700E+03|                      NaN|   0.0000000000000000E+00|          0|
 8|   2.740E+03|                      NaN|   0.0000000000000000E+00|          0|
 8|   2.780E+03|                      NaN|   0.0000000000000000E+00|          0|
 8|   2.820E+03|                      NaN|   0.0000000000000000E+00|          0|
 8|   2.860E+03|                      NaN|   0.0000000000000000E+00|          0|
 8|   2.900E+03|                      NaN|   0.0000000000000000E+00|          0|
 8|   2.940E+03|                      NaN|   0.0000000000000000E+00|          0|
 8|   2.980E+03|                      NaN|   0.0000000000000000E+00|          0|
 8|   3.020E+03|                      NaN|   0.0000000000000000E+00|          0|
 8|   3.060E+03|                      NaN|   0.0000000000000000E+00|          0|
 8|   3.100E+03|                      NaN|   0.0000000000000000E+00|          0|
 8|   3.140E+03|                      NaN|   0.0000000000000000E+00|          0|
 8|   3.180E+03|                      NaN|   0.0000000000000000E+00|          0|
 8|   3.220E+03|                      NaN|   0.0000000000000000E+00|          0|
 8|   3.260E+03|                      NaN|   0.0000000000000000E+00|          0|
 8|   3.300E+03|                      NaN|   0.0000000000000000E+00|          0|
 8|   3.340E+03|                      NaN|   0.0000000000000000E+00|          0|
 8|   3.380E+03|                      NaN|   0.0000000000000000E+00|          0|
 8|   3.420E+03|                      NaN|   0.0000000000000000E+00|          0|
 8|   3.460E+03|                      NaN|   0.0000000000000000E+00|          0|
 8|   3.500E+03|                      NaN|   0.0000000000000000E+00|          0|
 8|   3.540E+03|                      NaN|   0.0000000000000000E+00|          0|
 8|   3.580E+03|                      NaN|   0.0000000000000000E+00|          0|
 8|   3.620E+03|                      NaN|   0.0000000000000000E+00|          0|
 8|   3.660E+03|                      NaN|   0.0000000000000000E+00|          0|
 8|   3.700E+03|                      NaN|   0.0000000000000000E+00|          0|
 8|   3.740E+03|                      NaN|   0.0000000000000000E+00|          0|
 8|   3.780E+03|                      NaN|   0.0000000000000000E+00|          0|
 8|   3.820E+03|                      NaN|   0.0000000000000000E+00|          0|
 8|   3.860E+03|                      NaN|   0.0000000000000000E+00|          0|
 8|   3.900E+03|                      NaN|   0.0000000000000000E+00|          0|
 8|   3.940E+03|                      NaN|   0.0000000000000000E+00|          0|
 8|   3.980E+03|                      NaN|   0.0000000000000000E+00|          0|
 8|   4.020E+03|                      NaN|   0.0000000000000000E+00|          0|
 8|   4.060E+03|                      NaN|   0.0000000000000000E+00|          0|
# integrated result:   4.8806529613009022E-07
#
# Histogram 9: m_4l                                              
 9|   8.500E+01|                      NaN|   0.0000000000000000E+00|          0|
 9|   8.600E+01|                      NaN|   0.0000000000000000E+00|          0|
 9|   8.700E+01|                      NaN|   0.0000000000000000E+00|          0|
 9|   8.800E+01|                      NaN|   0.0000000000000000E+00|          0|
 9|   8.900E+01|                      NaN|   0.0000000000000000E+00|          0|
 9|   9.000E+01|                      NaN|   0.0000000000000000E+00|          0|
 9|   9.100E+01|                      NaN|   0.0000000000000000E+00|          0|
 9|   9.200E+01|                      NaN|   0.0000000000000000E+00|          0|
 9|   9.300E+01|                      NaN|   0.0000000000000000E+00|          0|
 9|   9.400E+01|                      NaN|   0.0000000000000000E+00|          0|
 9|   9.500E+01|                      NaN|   0.0000000000000000E+00|          0|
 9|   9.600E+01|                      NaN|   0.0000000000000000E+00|          0|
 9|   9.700E+01|                      NaN|   0.0000000000000000E+00|          0|
 9|   9.800E+01|                      NaN|   0.0000000000000000E+00|          0|
 9|   9.900E+01|                      NaN|   0.0000000000000000E+00|          0|
 9|   1.000E+02|                      NaN|   0.0000000000000000E+00|          0|
 9|   1.010E+02|                      NaN|   0.0000000000000000E+00|          0|
 9|   1.020E+02|                      NaN|   0.0000000000000000E+00|          0|
 9|   1.030E+02|                      NaN|   0.0000000000000000E+00|          0|
 9|   1.040E+02|                      NaN|   0.0000000000000000E+00|          0|
 9|   1.050E+02|                      NaN|   0.0000000000000000E+00|          0|
 9|   1.060E+02|                      NaN|   0.0000000000000000E+00|          0|
 9|   1.070E+02|                      NaN|   0.0000000000000000E+00|          0|
 9|   1.080E+02|                      NaN|   0.0000000000000000E+00|          0|
 9|   1.090E+02|                      NaN|   0.0000000000000000E+00|          0|
 9|   1.100E+02|                      NaN|   0.0000000000000000E+00|          0|
 9|   1.110E+02|                      NaN|   0.0000000000000000E+00|          0|
 9|   1.120E+02|                      NaN|   0.0000000000000000E+00|          0|
 9|   1.130E+02|                      NaN|   0.0000000000000000E+00|          0|
 9|   1.140E+02|                      NaN|   0.0000000000000000E+00|          0|
 9|   1.150E+02|                      NaN|   0.0000000000000000E+00|          0|
 9|   1.160E+02|                      NaN|   0.0000000000000000E+00|          0|
 9|   1.170E+02|                      NaN|   0.0000000000000000E+00|          0|
 9|   1.180E+02|                      NaN|   0.0000000000000000E+00|          0|
 9|   1.190E+02|                      NaN|   0.0000000000000000E+00|          0|
 9|   1.200E+02|                      NaN|   0.0000000000000000E+00|          0|
 9|   1.210E+02|                      NaN|   0.0000000000000000E+00|          0|
 9|   1.220E+02|                      NaN|   0.0000000000000000E+00|          0|
 9|   1.230E+02|                      NaN|   0.0000000000000000E+00|          0|
 9|   1.240E+02|                 Infinity|   9.9444660521966245E-03|      10112|
 9|   1.250E+02|                 Infinity|   8.5128737506300570E-03|      13799|
 9|   1.260E+02|                      NaN|   0.0000000000000000E+00|          0|
 9|   1.270E+02|                      NaN|   0.0000000000000000E+00|          0|
 9|   1.280E+02|                      NaN|   0.0000000000000000E+00|          0|
 9|   1.290E+02|                      NaN|   0.0000000000000000E+00|          0|
 9|   1.300E+02|                      NaN|   0.0000000000000000E+00|          0|
 9|   1.310E+02|                      NaN|   0.0000000000000000E+00|          0|
 9|   1.320E+02|                      NaN|   0.0000000000000000E+00|          0|
 9|   1.330E+02|                      NaN|   0.0000000000000000E+00|          0|
 9|   1.340E+02|                      NaN|   0.0000000000000000E+00|          0|
# integrated result:   4.8806529613008916E-07
#
# Histogram10: Phi1                                              
10|  -3.142E+00|                 Infinity|   4.3768810953240853E-02|        522|
10|  -2.985E+00|                 Infinity|   4.4367825470805693E-02|        508|
10|  -2.827E+00|                 Infinity|   4.2447635997800888E-02|        555|
10|  -2.670E+00|                 Infinity|   3.9904344223381107E-02|        628|
10|  -2.513E+00|                 Infinity|   4.1099746826339323E-02|        592|
10|  -2.356E+00|                 Infinity|   3.9283710065919304E-02|        648|
10|  -2.199E+00|                 Infinity|   4.0096346988231273E-02|        622|
10|  -2.042E+00|                 Infinity|   4.0128617695256406E-02|        621|
10|  -1.885E+00|                 Infinity|   3.7164707312358318E-02|        724|
10|  -1.728E+00|                 Infinity|   3.6178730264621081E-02|        764|
10|  -1.571E+00|                 Infinity|   3.3652679406803228E-02|        883|
10|  -1.414E+00|                 Infinity|   3.5851736969103737E-02|        778|
10|  -1.257E+00|                 Infinity|   3.8518560788567267E-02|        674|
10|  -1.100E+00|                 Infinity|   4.1885390829169547E-02|        570|
10|  -9.425E-01|                 Infinity|   4.3274232240791542E-02|        534|
10|  -7.854E-01|                 Infinity|   4.4856130401625657E-02|        497|
10|  -6.283E-01|                 Infinity|   4.5314325442944378E-02|        487|
10|  -4.713E-01|                 Infinity|   4.5980048987170286E-02|        473|
10|  -3.142E-01|                 Infinity|   4.7140452079103168E-02|        450|
10|  -1.571E-01|                 Infinity|   4.5037734911104493E-02|        493|
10|  -3.000E-05|                 Infinity|   4.6175709653961020E-02|        469|
10|   1.570E-01|                 Infinity|   4.6676002800933661E-02|        459|
10|   3.141E-01|                 Infinity|   4.5548751867427691E-02|        482|
10|   4.712E-01|                 Infinity|   4.4499415948998478E-02|        505|
10|   6.283E-01|                 Infinity|   4.3643578047198477E-02|        525|
10|   7.854E-01|                 Infinity|   4.2953677958755772E-02|        542|
10|   9.424E-01|                 Infinity|   4.0858892322271849E-02|        599|
10|   1.100E+00|                 Infinity|   3.8866103716823586E-02|        662|
10|   1.257E+00|                 Infinity|   3.6735917918532250E-02|        741|
10|   1.414E+00|                 Infinity|   3.4942827890730610E-02|        819|
10|   1.571E+00|                 Infinity|   3.7241946136192937E-02|        721|
10|   1.728E+00|                 Infinity|   3.8778336716474064E-02|        665|
10|   1.885E+00|                 Infinity|   4.0356715613563091E-02|        614|
10|   2.042E+00|                 Infinity|   4.1309619238601381E-02|        586|
10|   2.199E+00|                 Infinity|   3.9683789506627251E-02|        635|
10|   2.356E+00|                 Infinity|   3.8954469356580992E-02|        659|
10|   2.513E+00|                 Infinity|   4.0824829046386304E-02|        600|
10|   2.670E+00|                 Infinity|   4.1558581746169131E-02|        579|
10|   2.827E+00|                 Infinity|   4.4280744277004763E-02|        510|
10|   2.984E+00|                 Infinity|   4.4065264923923174E-02|        515|
# integrated result:   4.8806529613008789E-07
#
