#
# column #1=histogram, #2=x-axis bin, #3=binned cross-section, #4=error, #5=number of events 
# this can be easily plotted in gnuplot with the commands:
#    NHi=3
#    plot 'output.dat' using ($2):($1==NHi ? $3 : 1/0) w st
# where NHi selects the histogram
#
#
# run time =      -0.06min
# TotCS =      5.7604575053E-07           2.06445E-07
#
# Histogram 1: m_jj                                              
 1|   0.000E+00|                 Infinity|   2.4014605321403707E-02|       1734|
 1|   5.000E+01|                 Infinity|   1.1482123332789982E-02|       7585|
 1|   1.000E+02|                 Infinity|   1.3429171643737758E-02|       5545|
 1|   1.500E+02|                 Infinity|   1.6124837996582063E-02|       3846|
 1|   2.000E+02|                 Infinity|   1.9936305570722498E-02|       2516|
 1|   2.500E+02|                 Infinity|   2.4845199749997663E-02|       1620|
 1|   3.000E+02|                 Infinity|   3.2241294010958051E-02|        962|
 1|   3.500E+02|                 Infinity|   3.9904344223381107E-02|        628|
 1|   4.000E+02|                 Infinity|   5.0767308256680958E-02|        388|
 1|   4.500E+02|                 Infinity|   6.2017367294604234E-02|        260|
 1|   5.000E+02|                 Infinity|   8.0064076902543566E-02|        156|
 1|   5.500E+02|                 Infinity|   9.8058067569092022E-02|        104|
 1|   6.000E+02|                 Infinity|   1.1867816581938533E-01|         71|
 1|   6.500E+02|                 Infinity|   1.3867504905630729E-01|         52|
 1|   7.000E+02|                 Infinity|   1.4142135623730950E-01|         50|
 1|   7.500E+02|                 Infinity|   1.9611613513818404E-01|         26|
 1|   8.000E+02|                 Infinity|   1.7960530202677491E-01|         31|
 1|   8.500E+02|                 Infinity|   2.5819888974716110E-01|         15|
 1|   9.000E+02|                 Infinity|   3.3333333333333331E-01|          9|
 1|   9.500E+02|                 Infinity|   3.1622776601683794E-01|         10|
 1|   1.000E+03|                 Infinity|   3.0151134457776363E-01|         11|
 1|   1.050E+03|                 Infinity|   3.7796447300922720E-01|          7|
 1|   1.100E+03|                 Infinity|   3.3333333333333331E-01|          9|
 1|   1.150E+03|                 Infinity|   3.7796447300922720E-01|          7|
 1|   1.200E+03|                 Infinity|   4.4721359549995793E-01|          5|
 1|   1.250E+03|                 Infinity|   5.0000000000000000E-01|          4|
 1|   1.300E+03|                 Infinity|   5.7735026918962584E-01|          3|
 1|   1.350E+03|                 Infinity|   1.0000000000000000E+00|          1|
 1|   1.400E+03|                      NaN|   0.0000000000000000E+00|          0|
 1|   1.450E+03|                 Infinity|   7.0710678118654746E-01|          2|
 1|   1.500E+03|                 Infinity|   5.0000000000000000E-01|          4|
 1|   1.550E+03|                      NaN|   0.0000000000000000E+00|          0|
 1|   1.600E+03|                 Infinity|   1.0000000000000000E+00|          1|
 1|   1.650E+03|                 Infinity|   7.0710678118654746E-01|          2|
 1|   1.700E+03|                 Infinity|   7.0710678118654746E-01|          2|
 1|   1.750E+03|                      NaN|   0.0000000000000000E+00|          0|
 1|   1.800E+03|                 Infinity|   1.0000000000000000E+00|          1|
 1|   1.850E+03|                 Infinity|   7.0710678118654746E-01|          2|
 1|   1.900E+03|                 Infinity|   7.0710678118654746E-01|          2|
 1|   1.950E+03|                 Infinity|   1.0000000000000000E+00|          1|
 1|   2.000E+03|                      NaN|   0.0000000000000000E+00|          0|
 1|   2.050E+03|                      NaN|   0.0000000000000000E+00|          0|
 1|   2.100E+03|                      NaN|   0.0000000000000000E+00|          0|
 1|   2.150E+03|                 Infinity|   1.0000000000000000E+00|          1|
 1|   2.200E+03|                 Infinity|   1.0000000000000000E+00|          1|
 1|   2.250E+03|                      NaN|   0.0000000000000000E+00|          0|
 1|   2.300E+03|                 Infinity|   1.0000000000000000E+00|          1|
 1|   2.350E+03|                      NaN|   0.0000000000000000E+00|          0|
 1|   2.400E+03|                 Infinity|   7.0710678118654746E-01|          2|
 1|   2.450E+03|                      NaN|   0.0000000000000000E+00|          0|
 1|   2.500E+03|                      NaN|   0.0000000000000000E+00|          0|
 1|   2.550E+03|                      NaN|   0.0000000000000000E+00|          0|
 1|   2.600E+03|                      NaN|   0.0000000000000000E+00|          0|
 1|   2.650E+03|                      NaN|   0.0000000000000000E+00|          0|
 1|   2.700E+03|                      NaN|   0.0000000000000000E+00|          0|
 1|   2.750E+03|                      NaN|   0.0000000000000000E+00|          0|
 1|   2.800E+03|                      NaN|   0.0000000000000000E+00|          0|
 1|   2.850E+03|                      NaN|   0.0000000000000000E+00|          0|
 1|   2.900E+03|                      NaN|   0.0000000000000000E+00|          0|
 1|   2.950E+03|                      NaN|   0.0000000000000000E+00|          0|
 1|   3.000E+03|                      NaN|   0.0000000000000000E+00|          0|
 1|   3.050E+03|                      NaN|   0.0000000000000000E+00|          0|
 1|   3.100E+03|                      NaN|   0.0000000000000000E+00|          0|
 1|   3.150E+03|                      NaN|   0.0000000000000000E+00|          0|
 1|   3.200E+03|                      NaN|   0.0000000000000000E+00|          0|
 1|   3.250E+03|                      NaN|   0.0000000000000000E+00|          0|
 1|   3.300E+03|                      NaN|   0.0000000000000000E+00|          0|
 1|   3.350E+03|                      NaN|   0.0000000000000000E+00|          0|
 1|   3.400E+03|                      NaN|   0.0000000000000000E+00|          0|
 1|   3.450E+03|                      NaN|   0.0000000000000000E+00|          0|
 1|   3.500E+03|                      NaN|   0.0000000000000000E+00|          0|
 1|   3.550E+03|                      NaN|   0.0000000000000000E+00|          0|
 1|   3.600E+03|                      NaN|   0.0000000000000000E+00|          0|
 1|   3.650E+03|                      NaN|   0.0000000000000000E+00|          0|
 1|   3.700E+03|                      NaN|   0.0000000000000000E+00|          0|
 1|   3.750E+03|                      NaN|   0.0000000000000000E+00|          0|
 1|   3.800E+03|                      NaN|   0.0000000000000000E+00|          0|
 1|   3.850E+03|                      NaN|   0.0000000000000000E+00|          0|
 1|   3.900E+03|                      NaN|   0.0000000000000000E+00|          0|
 1|   3.950E+03|                      NaN|   0.0000000000000000E+00|          0|
 1|   4.000E+03|                      NaN|   0.0000000000000000E+00|          0|
 1|   4.050E+03|                      NaN|   0.0000000000000000E+00|          0|
 1|   4.100E+03|                      NaN|   0.0000000000000000E+00|          0|
 1|   4.150E+03|                      NaN|   0.0000000000000000E+00|          0|
 1|   4.200E+03|                      NaN|   0.0000000000000000E+00|          0|
 1|   4.250E+03|                      NaN|   0.0000000000000000E+00|          0|
 1|   4.300E+03|                      NaN|   0.0000000000000000E+00|          0|
 1|   4.350E+03|                      NaN|   0.0000000000000000E+00|          0|
 1|   4.400E+03|                      NaN|   0.0000000000000000E+00|          0|
 1|   4.450E+03|                      NaN|   0.0000000000000000E+00|          0|
 1|   4.500E+03|                      NaN|   0.0000000000000000E+00|          0|
 1|   4.550E+03|                      NaN|   0.0000000000000000E+00|          0|
 1|   4.600E+03|                      NaN|   0.0000000000000000E+00|          0|
 1|   4.650E+03|                      NaN|   0.0000000000000000E+00|          0|
 1|   4.700E+03|                      NaN|   0.0000000000000000E+00|          0|
 1|   4.750E+03|                      NaN|   0.0000000000000000E+00|          0|
 1|   4.800E+03|                      NaN|   0.0000000000000000E+00|          0|
 1|   4.850E+03|                      NaN|   0.0000000000000000E+00|          0|
 1|   4.900E+03|                      NaN|   0.0000000000000000E+00|          0|
 1|   4.950E+03|                      NaN|   0.0000000000000000E+00|          0|
# integrated result:   5.7604575053212888E-07
#
# Histogram 2: m_jj                                              
 2|   0.000E+00|                      NaN|   0.0000000000000000E+00|          0|
 2|   2.000E+00|                      NaN|   0.0000000000000000E+00|          0|
 2|   4.000E+00|                      NaN|   0.0000000000000000E+00|          0|
 2|   6.000E+00|                      NaN|   0.0000000000000000E+00|          0|
 2|   8.000E+00|                      NaN|   0.0000000000000000E+00|          0|
 2|   1.000E+01|                      NaN|   0.0000000000000000E+00|          0|
 2|   1.200E+01|                      NaN|   0.0000000000000000E+00|          0|
 2|   1.400E+01|                      NaN|   0.0000000000000000E+00|          0|
 2|   1.600E+01|                      NaN|   0.0000000000000000E+00|          0|
 2|   1.800E+01|                      NaN|   0.0000000000000000E+00|          0|
 2|   2.000E+01|                      NaN|   0.0000000000000000E+00|          0|
 2|   2.200E+01|                      NaN|   0.0000000000000000E+00|          0|
 2|   2.400E+01|                      NaN|   0.0000000000000000E+00|          0|
 2|   2.600E+01|                      NaN|   0.0000000000000000E+00|          0|
 2|   2.800E+01|                      NaN|   0.0000000000000000E+00|          0|
 2|   3.000E+01|                 Infinity|   1.0599978800063600E-01|         89|
 2|   3.200E+01|                 Infinity|   8.9442719099991588E-02|        125|
 2|   3.400E+01|                 Infinity|   8.4215192106651904E-02|        141|
 2|   3.600E+01|                 Infinity|   8.3045479853739973E-02|        145|
 2|   3.800E+01|                 Infinity|   7.6028592126970551E-02|        173|
 2|   4.000E+01|                 Infinity|   7.2168783648703230E-02|        192|
 2|   4.200E+01|                 Infinity|   7.3720978077448568E-02|        184|
 2|   4.400E+01|                 Infinity|   7.1066905451870152E-02|        198|
 2|   4.600E+01|                 Infinity|   6.5094455490411943E-02|        236|
 2|   4.800E+01|                 Infinity|   6.3119440309780311E-02|        251|
 2|   5.000E+01|                 Infinity|   6.5653216429861272E-02|        232|
 2|   5.200E+01|                 Infinity|   6.0971076084969232E-02|        269|
 2|   5.400E+01|                 Infinity|   5.8621038176054921E-02|        291|
 2|   5.600E+01|                 Infinity|   6.1545745489666362E-02|        264|
 2|   5.800E+01|                 Infinity|   5.7928444636349226E-02|        298|
 2|   6.000E+01|                 Infinity|   5.7448498962142602E-02|        303|
 2|   6.200E+01|                 Infinity|   5.5555555555555552E-02|        324|
 2|   6.400E+01|                 Infinity|   5.7166195047502949E-02|        306|
 2|   6.600E+01|                 Infinity|   5.5901699437494741E-02|        320|
 2|   6.800E+01|                 Infinity|   5.4312544659356844E-02|        339|
 2|   7.000E+01|                 Infinity|   5.4717565516458275E-02|        334|
 2|   7.200E+01|                 Infinity|   5.6523341894422152E-02|        313|
 2|   7.400E+01|                 Infinity|   5.7073014553534959E-02|        307|
 2|   7.600E+01|                 Infinity|   5.7259833431386825E-02|        305|
 2|   7.800E+01|                 Infinity|   5.3224629541234948E-02|        353|
 2|   8.000E+01|                 Infinity|   5.9654998627189357E-02|        281|
 2|   8.200E+01|                 Infinity|   5.8520573598065284E-02|        292|
 2|   8.400E+01|                 Infinity|   5.7353933467640436E-02|        304|
 2|   8.600E+01|                 Infinity|   5.8621038176054921E-02|        291|
 2|   8.800E+01|                 Infinity|   5.5048188256318034E-02|        330|
 2|   9.000E+01|                 Infinity|   5.6704797712374272E-02|        311|
 2|   9.200E+01|                 Infinity|   5.4153036107388232E-02|        341|
 2|   9.400E+01|                 Infinity|   5.5727821257535282E-02|        322|
 2|   9.600E+01|                 Infinity|   6.1662641597820735E-02|        263|
 2|   9.800E+01|                 Infinity|   5.8520573598065284E-02|        292|
 2|   1.000E+02|                 Infinity|   5.9868434008924963E-02|        279|
 2|   1.020E+02|                 Infinity|   6.0192926542884599E-02|        276|
 2|   1.040E+02|                 Infinity|   6.3500063500095252E-02|        248|
 2|   1.060E+02|                 Infinity|   6.4956980246163087E-02|        237|
 2|   1.080E+02|                 Infinity|   6.4549722436790274E-02|        240|
 2|   1.100E+02|                 Infinity|   6.3500063500095252E-02|        248|
 2|   1.120E+02|                 Infinity|   6.5232807305344226E-02|        235|
 2|   1.140E+02|                 Infinity|   6.3372425052447792E-02|        249|
 2|   1.160E+02|                 Infinity|   6.1545745489666362E-02|        264|
 2|   1.180E+02|                 Infinity|   6.6666666666666666E-02|        225|
 2|   1.200E+02|                 Infinity|   6.4684622735315084E-02|        239|
 2|   1.220E+02|                 Infinity|   6.8199433947047347E-02|        215|
 2|   1.240E+02|                 Infinity|   6.7419986246324212E-02|        220|
 2|   1.260E+02|                 Infinity|   6.3757671306333821E-02|        246|
 2|   1.280E+02|                 Infinity|   6.6815310478106099E-02|        224|
 2|   1.300E+02|                 Infinity|   7.3922127095457285E-02|        183|
 2|   1.320E+02|                 Infinity|   6.8842839082151427E-02|        211|
 2|   1.340E+02|                 Infinity|   7.1981575074869450E-02|        193|
 2|   1.360E+02|                 Infinity|   6.8199433947047347E-02|        215|
 2|   1.380E+02|                 Infinity|   6.7884423330213065E-02|        217|
 2|   1.400E+02|                 Infinity|   7.4535599249992993E-02|        180|
 2|   1.420E+02|                 Infinity|   7.6249285166302333E-02|        172|
 2|   1.440E+02|                 Infinity|   7.7151674981045956E-02|        168|
 2|   1.460E+02|                 Infinity|   7.4743509275193590E-02|        179|
 2|   1.480E+02|                 Infinity|   7.4124931666110117E-02|        182|
 2|   1.500E+02|                 Infinity|   7.3720978077448568E-02|        184|
 2|   1.520E+02|                 Infinity|   7.5377836144440907E-02|        176|
 2|   1.540E+02|                 Infinity|   7.3127242412713067E-02|        187|
 2|   1.560E+02|                 Infinity|   7.7849894416152296E-02|        165|
 2|   1.580E+02|                 Infinity|   7.4953168899586142E-02|        178|
 2|   1.600E+02|                 Infinity|   7.9305158571814416E-02|        159|
 2|   1.620E+02|                 Infinity|   7.9808688446762213E-02|        157|
 2|   1.640E+02|                 Infinity|   8.0321932890249886E-02|        155|
 2|   1.660E+02|                 Infinity|   7.2168783648703230E-02|        192|
 2|   1.680E+02|                 Infinity|   7.6028592126970551E-02|        173|
 2|   1.700E+02|                 Infinity|   8.1110710565381272E-02|        152|
 2|   1.720E+02|                 Infinity|   8.0582296402538028E-02|        154|
 2|   1.740E+02|                 Infinity|   7.8811040623910061E-02|        161|
 2|   1.760E+02|                 Infinity|   8.0582296402538028E-02|        154|
 2|   1.780E+02|                 Infinity|   8.3624201000709081E-02|        143|
 2|   1.800E+02|                 Infinity|   8.1110710565381272E-02|        152|
 2|   1.820E+02|                 Infinity|   8.2760588860236795E-02|        146|
 2|   1.840E+02|                 Infinity|   8.7038827977848926E-02|        132|
 2|   1.860E+02|                 Infinity|   8.4215192106651904E-02|        141|
 2|   1.880E+02|                 Infinity|   9.0909090909090912E-02|        121|
 2|   1.900E+02|                 Infinity|   8.4215192106651904E-02|        141|
 2|   1.920E+02|                 Infinity|   8.9087080637474794E-02|        126|
 2|   1.940E+02|                 Infinity|   8.7370405666103795E-02|        131|
 2|   1.960E+02|                 Infinity|   8.9087080637474794E-02|        126|
 2|   1.980E+02|                 Infinity|   8.4515425472851652E-02|        140|
# integrated result:   5.7604575053212919E-07
#
# Histogram 3: pT(H)                                             
 3|   0.000E+00|                 Infinity|   1.9810721293758184E-02|       2548|
 3|   1.000E+01|                 Infinity|   1.6816819849907811E-02|       3536|
 3|   2.000E+01|                 Infinity|   1.8787833931763170E-02|       2833|
 3|   3.000E+01|                 Infinity|   2.0646003475383350E-02|       2346|
 3|   4.000E+01|                 Infinity|   2.2070162219599010E-02|       2053|
 3|   5.000E+01|                 Infinity|   2.3642577957022470E-02|       1789|
 3|   6.000E+01|                 Infinity|   2.5976216673306556E-02|       1482|
 3|   7.000E+01|                 Infinity|   2.8071730702217298E-02|       1269|
 3|   8.000E+01|                 Infinity|   2.9840776634222691E-02|       1123|
 3|   9.000E+01|                 Infinity|   3.4441829515914534E-02|        843|
 3|   1.000E+02|                 Infinity|   3.5600942725445221E-02|        789|
 3|   1.100E+02|                 Infinity|   3.8461538461538464E-02|        676|
 3|   1.200E+02|                 Infinity|   4.2524325556256230E-02|        553|
 3|   1.300E+02|                 Infinity|   4.4543540318737397E-02|        504|
 3|   1.400E+02|                 Infinity|   4.9147318718299048E-02|        414|
 3|   1.500E+02|                 Infinity|   5.1231551957855996E-02|        381|
 3|   1.600E+02|                 Infinity|   5.3838190205816552E-02|        345|
 3|   1.700E+02|                 Infinity|   5.8025885318565944E-02|        297|
 3|   1.800E+02|                 Infinity|   6.2017367294604234E-02|        260|
 3|   1.900E+02|                 Infinity|   6.5372045046061339E-02|        234|
 3|   2.000E+02|                 Infinity|   7.3521462209380772E-02|        185|
 3|   2.100E+02|                 Infinity|   7.9305158571814416E-02|        159|
 3|   2.200E+02|                 Infinity|   8.2199493652678646E-02|        148|
 3|   2.300E+02|                 Infinity|   9.0166963466743230E-02|        123|
 3|   2.400E+02|                 Infinity|   9.4491118252306799E-02|        112|
 3|   2.500E+02|                 Infinity|   1.0721125348377948E-01|         87|
 3|   2.600E+02|                 Infinity|   1.2038585308576920E-01|         69|
 3|   2.700E+02|                 Infinity|   1.3363062095621220E-01|         56|
 3|   2.800E+02|                 Infinity|   1.4285714285714285E-01|         49|
 3|   2.900E+02|                 Infinity|   1.5430334996209191E-01|         42|
 3|   3.000E+02|                 Infinity|   1.5617376188860607E-01|         41|
 3|   3.100E+02|                 Infinity|   1.7677669529663687E-01|         32|
 3|   3.200E+02|                 Infinity|   1.6666666666666666E-01|         36|
 3|   3.300E+02|                 Infinity|   2.0851441405707477E-01|         23|
 3|   3.400E+02|                 Infinity|   2.0000000000000001E-01|         25|
 3|   3.500E+02|                 Infinity|   2.1821789023599239E-01|         21|
 3|   3.600E+02|                 Infinity|   2.5819888974716110E-01|         15|
 3|   3.700E+02|                 Infinity|   3.1622776601683794E-01|         10|
 3|   3.800E+02|                 Infinity|   2.5000000000000000E-01|         16|
 3|   3.900E+02|                 Infinity|   2.5819888974716110E-01|         15|
 3|   4.000E+02|                 Infinity|   3.1622776601683794E-01|         10|
 3|   4.100E+02|                 Infinity|   3.3333333333333331E-01|          9|
 3|   4.200E+02|                 Infinity|   2.6726124191242440E-01|         14|
 3|   4.300E+02|                 Infinity|   3.3333333333333331E-01|          9|
 3|   4.400E+02|                 Infinity|   4.0824829046386307E-01|          6|
 3|   4.500E+02|                 Infinity|   4.0824829046386307E-01|          6|
 3|   4.600E+02|                 Infinity|   4.0824829046386307E-01|          6|
 3|   4.700E+02|                 Infinity|   5.0000000000000000E-01|          4|
 3|   4.800E+02|                 Infinity|   5.7735026918962584E-01|          3|
 3|   4.900E+02|                 Infinity|   5.7735026918962584E-01|          3|
# integrated result:   5.7604575053212919E-07
#
# Histogram 4: pT(j1)                                            
 4|   0.000E+00|                      NaN|   0.0000000000000000E+00|          0|
 4|   1.000E+01|                 Infinity|   5.4717565516458275E-02|        334|
 4|   2.000E+01|                 Infinity|   2.1412736228951155E-02|       2181|
 4|   3.000E+01|                 Infinity|   1.8145862013111431E-02|       3037|
 4|   4.000E+01|                 Infinity|   1.8477376753478741E-02|       2929|
 4|   5.000E+01|                 Infinity|   1.9834087593950483E-02|       2542|
 4|   6.000E+01|                 Infinity|   2.1349204063136496E-02|       2194|
 4|   7.000E+01|                 Infinity|   2.3401818860045449E-02|       1826|
 4|   8.000E+01|                 Infinity|   2.4499797877501263E-02|       1666|
 4|   9.000E+01|                 Infinity|   2.6997462357801941E-02|       1372|
 4|   1.000E+02|                 Infinity|   2.9272820655593355E-02|       1167|
 4|   1.100E+02|                 Infinity|   3.1960138605029657E-02|        979|
 4|   1.200E+02|                 Infinity|   3.4060135164508579E-02|        862|
 4|   1.300E+02|                 Infinity|   3.7904902178945168E-02|        696|
 4|   1.400E+02|                 Infinity|   4.0723148118768406E-02|        603|
 4|   1.500E+02|                 Infinity|   4.4676705160877031E-02|        501|
 4|   1.600E+02|                 Infinity|   4.8280454958526758E-02|        429|
 4|   1.700E+02|                 Infinity|   5.5641488407465724E-02|        323|
 4|   1.800E+02|                 Infinity|   5.7543533764843599E-02|        302|
 4|   1.900E+02|                 Infinity|   6.2500000000000000E-02|        256|
 4|   2.000E+02|                 Infinity|   6.6081860045508978E-02|        229|
 4|   2.100E+02|                 Infinity|   7.3720978077448568E-02|        184|
 4|   2.200E+02|                 Infinity|   8.4515425472851652E-02|        140|
 4|   2.300E+02|                 Infinity|   9.0535746042518531E-02|        122|
 4|   2.400E+02|                 Infinity|   9.3250480824031381E-02|        115|
 4|   2.500E+02|                 Infinity|   1.0101525445522107E-01|         98|
 4|   2.600E+02|                 Infinity|   1.2126781251816648E-01|         68|
 4|   2.700E+02|                 Infinity|   1.2700012700019050E-01|         62|
 4|   2.800E+02|                 Infinity|   1.2700012700019050E-01|         62|
 4|   2.900E+02|                 Infinity|   1.6439898730535729E-01|         37|
 4|   3.000E+02|                 Infinity|   1.6012815380508713E-01|         39|
 4|   3.100E+02|                 Infinity|   1.8898223650461360E-01|         28|
 4|   3.200E+02|                 Infinity|   1.7960530202677491E-01|         31|
 4|   3.300E+02|                 Infinity|   1.7960530202677491E-01|         31|
 4|   3.400E+02|                 Infinity|   2.1320071635561041E-01|         22|
 4|   3.500E+02|                 Infinity|   3.0151134457776363E-01|         11|
 4|   3.600E+02|                 Infinity|   3.3333333333333331E-01|          9|
 4|   3.700E+02|                 Infinity|   2.0851441405707477E-01|         23|
 4|   3.800E+02|                 Infinity|   3.5355339059327373E-01|          8|
 4|   3.900E+02|                 Infinity|   3.3333333333333331E-01|          9|
 4|   4.000E+02|                 Infinity|   2.8867513459481292E-01|         12|
 4|   4.100E+02|                 Infinity|   3.1622776601683794E-01|         10|
 4|   4.200E+02|                 Infinity|   3.3333333333333331E-01|          9|
 4|   4.300E+02|                 Infinity|   3.3333333333333331E-01|          9|
 4|   4.400E+02|                 Infinity|   3.7796447300922720E-01|          7|
 4|   4.500E+02|                 Infinity|   3.5355339059327373E-01|          8|
 4|   4.600E+02|                 Infinity|   4.0824829046386307E-01|          6|
 4|   4.700E+02|                 Infinity|   3.5355339059327373E-01|          8|
 4|   4.800E+02|                 Infinity|   4.0824829046386307E-01|          6|
 4|   4.900E+02|                 Infinity|   4.0824829046386307E-01|          6|
# integrated result:   5.7604575053212909E-07
#
# Histogram 5: dy(j1,j2)                                         
 5|  -5.000E+00|                 Infinity|   4.4721359549995793E-01|          5|
 5|  -4.800E+00|                 Infinity|   3.5355339059327373E-01|          8|
 5|  -4.600E+00|                 Infinity|   3.0151134457776363E-01|         11|
 5|  -4.400E+00|                 Infinity|   2.1320071635561041E-01|         22|
 5|  -4.200E+00|                 Infinity|   1.8257418583505536E-01|         30|
 5|  -4.000E+00|                 Infinity|   1.4002800840280097E-01|         51|
 5|  -3.800E+00|                 Infinity|   1.3363062095621220E-01|         56|
 5|  -3.600E+00|                 Infinity|   1.0910894511799619E-01|         84|
 5|  -3.400E+00|                 Infinity|   8.3624201000709081E-02|        143|
 5|  -3.200E+00|                 Infinity|   8.9087080637474794E-02|        126|
 5|  -3.000E+00|                 Infinity|   6.9673301429161769E-02|        206|
 5|  -2.800E+00|                 Infinity|   5.1502620262460476E-02|        377|
 5|  -2.600E+00|                 Infinity|   4.6373889576016833E-02|        465|
 5|  -2.400E+00|                 Infinity|   4.6274481338274755E-02|        467|
 5|  -2.200E+00|                 Infinity|   4.0689422938557970E-02|        604|
 5|  -2.000E+00|                 Infinity|   3.9283710065919304E-02|        648|
 5|  -1.800E+00|                 Infinity|   3.5289233662029275E-02|        803|
 5|  -1.600E+00|                 Infinity|   3.1878835653166911E-02|        984|
 5|  -1.400E+00|                 Infinity|   3.3351867298253506E-02|        899|
 5|  -1.200E+00|                 Infinity|   3.1575448897533630E-02|       1003|
 5|  -1.000E+00|                 Infinity|   3.2308533487561922E-02|        958|
 5|  -8.000E-01|                 Infinity|   3.8547167224584990E-02|        673|
 5|  -6.000E-01|                 Infinity|   4.2409446483998546E-02|        556|
 5|  -4.000E-01|                 Infinity|   4.1065078117659089E-02|        593|
 5|  -2.000E-01|                 Infinity|   4.0756957296961119E-02|        602|
 5|   0.000E+00|                 Infinity|   3.8376477822666816E-02|        679|
 5|   2.000E-01|                 Infinity|   4.2220033092074907E-02|        561|
 5|   4.000E-01|                 Infinity|   3.7190400165280094E-02|        723|
 5|   6.000E-01|                 Infinity|   3.3277916281986085E-02|        903|
 5|   8.000E-01|                 Infinity|   2.9695693545824933E-02|       1134|
 5|   1.000E+00|                 Infinity|   2.8284271247461901E-02|       1250|
 5|   1.200E+00|                 Infinity|   2.8700578896514575E-02|       1214|
 5|   1.400E+00|                 Infinity|   2.5941231853830935E-02|       1486|
 5|   1.600E+00|                 Infinity|   3.0656966974248290E-02|       1064|
 5|   1.800E+00|                 Infinity|   3.3370432213299994E-02|        898|
 5|   2.000E+00|                 Infinity|   3.1497039417435597E-02|       1008|
 5|   2.200E+00|                 Infinity|   3.3333333333333333E-02|        900|
 5|   2.400E+00|                 Infinity|   3.3825504574586919E-02|        874|
 5|   2.600E+00|                 Infinity|   3.6037498507822355E-02|        770|
 5|   2.800E+00|                 Infinity|   3.3241124765726680E-02|        905|
 5|   3.000E+00|                 Infinity|   4.8224282217041212E-02|        430|
 5|   3.200E+00|                 Infinity|   7.3720978077448568E-02|        184|
 5|   3.400E+00|                 Infinity|   9.7590007294853329E-02|        105|
 5|   3.600E+00|                 Infinity|   1.1785113019775793E-01|         72|
 5|   3.800E+00|                 Infinity|   1.6012815380508713E-01|         39|
 5|   4.000E+00|                 Infinity|   1.8898223650461360E-01|         28|
 5|   4.200E+00|                 Infinity|   2.3570226039551587E-01|         18|
 5|   4.400E+00|                 Infinity|   2.2941573387056174E-01|         19|
 5|   4.600E+00|                 Infinity|   3.1622776601683794E-01|         10|
 5|   4.800E+00|                 Infinity|   5.0000000000000000E-01|          4|
# integrated result:   5.7604575053212898E-07
#
# Histogram 6: mz1                                               
 6|   0.000E+00|                      NaN|   0.0000000000000000E+00|          0|
 6|   2.000E+00|                      NaN|   0.0000000000000000E+00|          0|
 6|   4.000E+00|                 Infinity|   1.8979740450028083E-02|       2776|
 6|   6.000E+00|                 Infinity|   2.6462806201248155E-02|       1428|
 6|   8.000E+00|                 Infinity|   2.8239124736245250E-02|       1254|
 6|   1.000E+01|                 Infinity|   2.7820744203732862E-02|       1292|
 6|   1.200E+01|                 Infinity|   3.9283710065919304E-02|        648|
 6|   1.400E+01|                 Infinity|   6.7419986246324212E-02|        220|
 6|   1.600E+01|                 Infinity|   2.9695693545824933E-02|       1134|
 6|   1.800E+01|                 Infinity|   2.8060676663315687E-02|       1270|
 6|   2.000E+01|                 Infinity|   4.1134503489486357E-02|        591|
 6|   2.200E+01|                 Infinity|   5.6433264798310033E-02|        314|
 6|   2.400E+01|                 Infinity|   6.4549722436790274E-02|        240|
 6|   2.600E+01|                 Infinity|   8.9087080637474794E-02|        126|
 6|   2.800E+01|                 Infinity|   1.0369516947304253E-01|         93|
 6|   3.000E+01|                 Infinity|   1.0721125348377948E-01|         87|
 6|   3.200E+01|                 Infinity|   1.3608276348795434E-01|         54|
 6|   3.400E+01|                 Infinity|   1.6012815380508713E-01|         39|
 6|   3.600E+01|                 Infinity|   1.3363062095621220E-01|         56|
 6|   3.800E+01|                 Infinity|   1.3483997249264842E-01|         55|
 6|   4.000E+01|                 Infinity|   1.2403473458920847E-01|         65|
 6|   4.200E+01|                 Infinity|   1.0910894511799619E-01|         84|
 6|   4.400E+01|                 Infinity|   7.0359754473029182E-02|        202|
 6|   4.600E+01|                 Infinity|   6.7419986246324212E-02|        220|
 6|   4.800E+01|                 Infinity|   9.4072086838359728E-02|        113|
 6|   5.000E+01|                 Infinity|   9.4491118252306799E-02|        112|
 6|   5.200E+01|                 Infinity|   8.7038827977848926E-02|        132|
 6|   5.400E+01|                 Infinity|   9.5346258924559238E-02|        110|
 6|   5.600E+01|                 Infinity|   9.4915799575249898E-02|        111|
 6|   5.800E+01|                 Infinity|   1.2700012700019050E-01|         62|
 6|   6.000E+01|                 Infinity|   1.6439898730535729E-01|         37|
 6|   6.200E+01|                 Infinity|   5.0000000000000000E-01|          4|
 6|   6.400E+01|                 Infinity|   3.0151134457776363E-01|         11|
 6|   6.600E+01|                 Infinity|   3.0151134457776363E-01|         11|
 6|   6.800E+01|                 Infinity|   2.8867513459481292E-01|         12|
 6|   7.000E+01|                 Infinity|   2.2360679774997896E-01|         20|
 6|   7.200E+01|                 Infinity|   3.0151134457776363E-01|         11|
 6|   7.400E+01|                 Infinity|   2.4253562503633297E-01|         17|
 6|   7.600E+01|                 Infinity|   2.0000000000000001E-01|         25|
 6|   7.800E+01|                 Infinity|   1.4744195615489714E-01|         46|
 6|   8.000E+01|                 Infinity|   1.2598815766974239E-01|         63|
 6|   8.200E+01|                 Infinity|   9.6673648904566353E-02|        107|
 6|   8.400E+01|                 Infinity|   7.0186240634359645E-02|        203|
 6|   8.600E+01|                 Infinity|   5.0315460542662761E-02|        395|
 6|   8.800E+01|                 Infinity|   2.2200306810360192E-02|       2029|
 6|   9.000E+01|                 Infinity|   1.3344012817090595E-02|       5616|
 6|   9.200E+01|                 Infinity|   1.9729584892914265E-02|       2569|
 6|   9.400E+01|                 Infinity|   3.3022909334191324E-02|        917|
 6|   9.600E+01|                 Infinity|   4.9629166698546508E-02|        406|
 6|   9.800E+01|                 Infinity|   8.7038827977848926E-02|        132|
 6|   1.000E+02|                 Infinity|   1.3363062095621220E-01|         56|
 6|   1.020E+02|                 Infinity|   1.7407765595569785E-01|         33|
 6|   1.040E+02|                 Infinity|   1.9245008972987526E-01|         27|
 6|   1.060E+02|                 Infinity|   3.3333333333333331E-01|          9|
 6|   1.080E+02|                 Infinity|   3.1622776601683794E-01|         10|
 6|   1.100E+02|                 Infinity|   3.3333333333333331E-01|          9|
 6|   1.120E+02|                 Infinity|   5.0000000000000000E-01|          4|
 6|   1.140E+02|                 Infinity|   3.7796447300922720E-01|          7|
 6|   1.160E+02|                 Infinity|   5.7735026918962584E-01|          3|
 6|   1.180E+02|                      NaN|   0.0000000000000000E+00|          0|
 6|   1.200E+02|                      NaN|   0.0000000000000000E+00|          0|
 6|   1.220E+02|                      NaN|   0.0000000000000000E+00|          0|
 6|   1.240E+02|                      NaN|   0.0000000000000000E+00|          0|
 6|   1.260E+02|                      NaN|   0.0000000000000000E+00|          0|
 6|   1.280E+02|                      NaN|   0.0000000000000000E+00|          0|
 6|   1.300E+02|                      NaN|   0.0000000000000000E+00|          0|
 6|   1.320E+02|                      NaN|   0.0000000000000000E+00|          0|
 6|   1.340E+02|                      NaN|   0.0000000000000000E+00|          0|
 6|   1.360E+02|                      NaN|   0.0000000000000000E+00|          0|
 6|   1.380E+02|                      NaN|   0.0000000000000000E+00|          0|
 6|   1.400E+02|                      NaN|   0.0000000000000000E+00|          0|
 6|   1.420E+02|                      NaN|   0.0000000000000000E+00|          0|
 6|   1.440E+02|                      NaN|   0.0000000000000000E+00|          0|
 6|   1.460E+02|                      NaN|   0.0000000000000000E+00|          0|
 6|   1.480E+02|                      NaN|   0.0000000000000000E+00|          0|
 6|   1.500E+02|                      NaN|   0.0000000000000000E+00|          0|
 6|   1.520E+02|                      NaN|   0.0000000000000000E+00|          0|
 6|   1.540E+02|                      NaN|   0.0000000000000000E+00|          0|
 6|   1.560E+02|                      NaN|   0.0000000000000000E+00|          0|
 6|   1.580E+02|                      NaN|   0.0000000000000000E+00|          0|
 6|   1.600E+02|                      NaN|   0.0000000000000000E+00|          0|
 6|   1.620E+02|                      NaN|   0.0000000000000000E+00|          0|
 6|   1.640E+02|                      NaN|   0.0000000000000000E+00|          0|
 6|   1.660E+02|                      NaN|   0.0000000000000000E+00|          0|
 6|   1.680E+02|                      NaN|   0.0000000000000000E+00|          0|
 6|   1.700E+02|                      NaN|   0.0000000000000000E+00|          0|
 6|   1.720E+02|                      NaN|   0.0000000000000000E+00|          0|
 6|   1.740E+02|                      NaN|   0.0000000000000000E+00|          0|
 6|   1.760E+02|                      NaN|   0.0000000000000000E+00|          0|
 6|   1.780E+02|                      NaN|   0.0000000000000000E+00|          0|
 6|   1.800E+02|                      NaN|   0.0000000000000000E+00|          0|
 6|   1.820E+02|                      NaN|   0.0000000000000000E+00|          0|
 6|   1.840E+02|                      NaN|   0.0000000000000000E+00|          0|
 6|   1.860E+02|                      NaN|   0.0000000000000000E+00|          0|
 6|   1.880E+02|                      NaN|   0.0000000000000000E+00|          0|
 6|   1.900E+02|                      NaN|   0.0000000000000000E+00|          0|
 6|   1.920E+02|                      NaN|   0.0000000000000000E+00|          0|
 6|   1.940E+02|                      NaN|   0.0000000000000000E+00|          0|
 6|   1.960E+02|                      NaN|   0.0000000000000000E+00|          0|
 6|   1.980E+02|                      NaN|   0.0000000000000000E+00|          0|
# integrated result:   5.7604575053212951E-07
#
# Histogram 7: mz2                                               
 7|   0.000E+00|                      NaN|   0.0000000000000000E+00|          0|
 7|   2.000E+00|                      NaN|   0.0000000000000000E+00|          0|
 7|   4.000E+00|                 Infinity|   2.4375747470904357E-02|       1683|
 7|   6.000E+00|                 Infinity|   2.4976595407570312E-02|       1603|
 7|   8.000E+00|                 Infinity|   2.8490144114909487E-02|       1232|
 7|   1.000E+01|                 Infinity|   3.6935842757655886E-02|        733|
 7|   1.200E+01|                 Infinity|   4.3033148291193521E-02|        540|
 7|   1.400E+01|                 Infinity|   3.8376477822666816E-02|        679|
 7|   1.600E+01|                 Infinity|   3.8014296063485276E-02|        692|
 7|   1.800E+01|                 Infinity|   3.8954469356580992E-02|        659|
 7|   2.000E+01|                 Infinity|   4.0824829046386304E-02|        600|
 7|   2.200E+01|                 Infinity|   3.7450294313656908E-02|        713|
 7|   2.400E+01|                 Infinity|   3.6131468676496206E-02|        766|
 7|   2.600E+01|                 Infinity|   3.4099716973523674E-02|        860|
 7|   2.800E+01|                 Infinity|   3.1234752377721213E-02|       1025|
 7|   3.000E+01|                 Infinity|   2.9854071701326607E-02|       1122|
 7|   3.200E+01|                 Infinity|   3.3806170189140665E-02|        875|
 7|   3.400E+01|                 Infinity|   5.4964970992931267E-02|        331|
 7|   3.600E+01|                 Infinity|   8.0582296402538028E-02|        154|
 7|   3.800E+01|                 Infinity|   8.2478609884232251E-02|        147|
 7|   4.000E+01|                 Infinity|   9.2847669088525930E-02|        116|
 7|   4.200E+01|                 Infinity|   1.1470786693528087E-01|         76|
 7|   4.400E+01|                 Infinity|   1.2803687993289598E-01|         61|
 7|   4.600E+01|                 Infinity|   1.4586499149789456E-01|         47|
 7|   4.800E+01|                 Infinity|   2.0000000000000001E-01|         25|
 7|   5.000E+01|                 Infinity|   1.8898223650461360E-01|         28|
 7|   5.200E+01|                 Infinity|   1.4907119849998599E-01|         45|
 7|   5.400E+01|                 Infinity|   1.3736056394868904E-01|         53|
 7|   5.600E+01|                 Infinity|   1.5075567228888181E-01|         44|
 7|   5.800E+01|                 Infinity|   1.3736056394868904E-01|         53|
 7|   6.000E+01|                 Infinity|   1.3018891098082389E-01|         59|
 7|   6.200E+01|                 Infinity|   1.1624763874381928E-01|         74|
 7|   6.400E+01|                 Infinity|   9.4072086838359728E-02|        113|
 7|   6.600E+01|                 Infinity|   9.6673648904566353E-02|        107|
 7|   6.800E+01|                 Infinity|   8.9442719099991588E-02|        125|
 7|   7.000E+01|                 Infinity|   5.8823529411764705E-02|        289|
 7|   7.200E+01|                 Infinity|   4.3153185200210310E-02|        537|
 7|   7.400E+01|                 Infinity|   6.1313933948496581E-02|        266|
 7|   7.600E+01|                 Infinity|   5.5300126360933101E-02|        327|
 7|   7.800E+01|                 Infinity|   5.0964719143762556E-02|        385|
 7|   8.000E+01|                 Infinity|   4.8853196874603148E-02|        419|
 7|   8.200E+01|                 Infinity|   2.9335732442442881E-02|       1162|
 7|   8.400E+01|                 Infinity|   4.2333375666730171E-02|        558|
 7|   8.600E+01|                 Infinity|   3.6369648372665396E-02|        756|
 7|   8.800E+01|                 Infinity|   2.8409549486356805E-02|       1239|
 7|   9.000E+01|                 Infinity|   2.0919769632765199E-02|       2285|
 7|   9.200E+01|                 Infinity|   2.5897698962183534E-02|       1491|
 7|   9.400E+01|                 Infinity|   6.8358592702466331E-02|        214|
 7|   9.600E+01|                 Infinity|   8.5749292571254410E-02|        136|
 7|   9.800E+01|                 Infinity|   1.3245323570650439E-01|         57|
 7|   1.000E+02|                 Infinity|   1.4285714285714285E-01|         49|
 7|   1.020E+02|                 Infinity|   2.0000000000000001E-01|         25|
 7|   1.040E+02|                 Infinity|   2.2941573387056174E-01|         19|
 7|   1.060E+02|                 Infinity|   2.8867513459481292E-01|         12|
 7|   1.080E+02|                 Infinity|   1.0000000000000000E+00|          1|
 7|   1.100E+02|                 Infinity|   5.0000000000000000E-01|          4|
 7|   1.120E+02|                 Infinity|   5.7735026918962584E-01|          3|
 7|   1.140E+02|                 Infinity|   7.0710678118654746E-01|          2|
 7|   1.160E+02|                      NaN|   0.0000000000000000E+00|          0|
 7|   1.180E+02|                 Infinity|   1.0000000000000000E+00|          1|
 7|   1.200E+02|                      NaN|   0.0000000000000000E+00|          0|
 7|   1.220E+02|                      NaN|   0.0000000000000000E+00|          0|
 7|   1.240E+02|                      NaN|   0.0000000000000000E+00|          0|
 7|   1.260E+02|                      NaN|   0.0000000000000000E+00|          0|
 7|   1.280E+02|                      NaN|   0.0000000000000000E+00|          0|
 7|   1.300E+02|                      NaN|   0.0000000000000000E+00|          0|
 7|   1.320E+02|                      NaN|   0.0000000000000000E+00|          0|
 7|   1.340E+02|                      NaN|   0.0000000000000000E+00|          0|
 7|   1.360E+02|                      NaN|   0.0000000000000000E+00|          0|
 7|   1.380E+02|                      NaN|   0.0000000000000000E+00|          0|
 7|   1.400E+02|                      NaN|   0.0000000000000000E+00|          0|
 7|   1.420E+02|                      NaN|   0.0000000000000000E+00|          0|
 7|   1.440E+02|                      NaN|   0.0000000000000000E+00|          0|
 7|   1.460E+02|                      NaN|   0.0000000000000000E+00|          0|
 7|   1.480E+02|                      NaN|   0.0000000000000000E+00|          0|
 7|   1.500E+02|                      NaN|   0.0000000000000000E+00|          0|
 7|   1.520E+02|                      NaN|   0.0000000000000000E+00|          0|
 7|   1.540E+02|                      NaN|   0.0000000000000000E+00|          0|
 7|   1.560E+02|                      NaN|   0.0000000000000000E+00|          0|
 7|   1.580E+02|                      NaN|   0.0000000000000000E+00|          0|
 7|   1.600E+02|                      NaN|   0.0000000000000000E+00|          0|
 7|   1.620E+02|                      NaN|   0.0000000000000000E+00|          0|
 7|   1.640E+02|                      NaN|   0.0000000000000000E+00|          0|
 7|   1.660E+02|                      NaN|   0.0000000000000000E+00|          0|
 7|   1.680E+02|                      NaN|   0.0000000000000000E+00|          0|
 7|   1.700E+02|                      NaN|   0.0000000000000000E+00|          0|
 7|   1.720E+02|                      NaN|   0.0000000000000000E+00|          0|
 7|   1.740E+02|                      NaN|   0.0000000000000000E+00|          0|
 7|   1.760E+02|                      NaN|   0.0000000000000000E+00|          0|
 7|   1.780E+02|                      NaN|   0.0000000000000000E+00|          0|
 7|   1.800E+02|                      NaN|   0.0000000000000000E+00|          0|
 7|   1.820E+02|                      NaN|   0.0000000000000000E+00|          0|
 7|   1.840E+02|                      NaN|   0.0000000000000000E+00|          0|
 7|   1.860E+02|                      NaN|   0.0000000000000000E+00|          0|
 7|   1.880E+02|                      NaN|   0.0000000000000000E+00|          0|
 7|   1.900E+02|                      NaN|   0.0000000000000000E+00|          0|
 7|   1.920E+02|                      NaN|   0.0000000000000000E+00|          0|
 7|   1.940E+02|                      NaN|   0.0000000000000000E+00|          0|
 7|   1.960E+02|                      NaN|   0.0000000000000000E+00|          0|
 7|   1.980E+02|                      NaN|   0.0000000000000000E+00|          0|
# integrated result:   5.7604575053212941E-07
#
# Histogram 8: m_4l                                              
 8|   1.000E+02|                 Infinity|   6.2406217366858937E-03|      25677|
 8|   1.400E+02|                      NaN|   0.0000000000000000E+00|          0|
 8|   1.800E+02|                      NaN|   0.0000000000000000E+00|          0|
 8|   2.200E+02|                      NaN|   0.0000000000000000E+00|          0|
 8|   2.600E+02|                      NaN|   0.0000000000000000E+00|          0|
 8|   3.000E+02|                      NaN|   0.0000000000000000E+00|          0|
 8|   3.400E+02|                      NaN|   0.0000000000000000E+00|          0|
 8|   3.800E+02|                      NaN|   0.0000000000000000E+00|          0|
 8|   4.200E+02|                      NaN|   0.0000000000000000E+00|          0|
 8|   4.600E+02|                      NaN|   0.0000000000000000E+00|          0|
 8|   5.000E+02|                      NaN|   0.0000000000000000E+00|          0|
 8|   5.400E+02|                      NaN|   0.0000000000000000E+00|          0|
 8|   5.800E+02|                      NaN|   0.0000000000000000E+00|          0|
 8|   6.200E+02|                      NaN|   0.0000000000000000E+00|          0|
 8|   6.600E+02|                      NaN|   0.0000000000000000E+00|          0|
 8|   7.000E+02|                      NaN|   0.0000000000000000E+00|          0|
 8|   7.400E+02|                      NaN|   0.0000000000000000E+00|          0|
 8|   7.800E+02|                      NaN|   0.0000000000000000E+00|          0|
 8|   8.200E+02|                      NaN|   0.0000000000000000E+00|          0|
 8|   8.600E+02|                      NaN|   0.0000000000000000E+00|          0|
 8|   9.000E+02|                      NaN|   0.0000000000000000E+00|          0|
 8|   9.400E+02|                      NaN|   0.0000000000000000E+00|          0|
 8|   9.800E+02|                      NaN|   0.0000000000000000E+00|          0|
 8|   1.020E+03|                      NaN|   0.0000000000000000E+00|          0|
 8|   1.060E+03|                      NaN|   0.0000000000000000E+00|          0|
 8|   1.100E+03|                      NaN|   0.0000000000000000E+00|          0|
 8|   1.140E+03|                      NaN|   0.0000000000000000E+00|          0|
 8|   1.180E+03|                      NaN|   0.0000000000000000E+00|          0|
 8|   1.220E+03|                      NaN|   0.0000000000000000E+00|          0|
 8|   1.260E+03|                      NaN|   0.0000000000000000E+00|          0|
 8|   1.300E+03|                      NaN|   0.0000000000000000E+00|          0|
 8|   1.340E+03|                      NaN|   0.0000000000000000E+00|          0|
 8|   1.380E+03|                      NaN|   0.0000000000000000E+00|          0|
 8|   1.420E+03|                      NaN|   0.0000000000000000E+00|          0|
 8|   1.460E+03|                      NaN|   0.0000000000000000E+00|          0|
 8|   1.500E+03|                      NaN|   0.0000000000000000E+00|          0|
 8|   1.540E+03|                      NaN|   0.0000000000000000E+00|          0|
 8|   1.580E+03|                      NaN|   0.0000000000000000E+00|          0|
 8|   1.620E+03|                      NaN|   0.0000000000000000E+00|          0|
 8|   1.660E+03|                      NaN|   0.0000000000000000E+00|          0|
 8|   1.700E+03|                      NaN|   0.0000000000000000E+00|          0|
 8|   1.740E+03|                      NaN|   0.0000000000000000E+00|          0|
 8|   1.780E+03|                      NaN|   0.0000000000000000E+00|          0|
 8|   1.820E+03|                      NaN|   0.0000000000000000E+00|          0|
 8|   1.860E+03|                      NaN|   0.0000000000000000E+00|          0|
 8|   1.900E+03|                      NaN|   0.0000000000000000E+00|          0|
 8|   1.940E+03|                      NaN|   0.0000000000000000E+00|          0|
 8|   1.980E+03|                      NaN|   0.0000000000000000E+00|          0|
 8|   2.020E+03|                      NaN|   0.0000000000000000E+00|          0|
 8|   2.060E+03|                      NaN|   0.0000000000000000E+00|          0|
 8|   2.100E+03|                      NaN|   0.0000000000000000E+00|          0|
 8|   2.140E+03|                      NaN|   0.0000000000000000E+00|          0|
 8|   2.180E+03|                      NaN|   0.0000000000000000E+00|          0|
 8|   2.220E+03|                      NaN|   0.0000000000000000E+00|          0|
 8|   2.260E+03|                      NaN|   0.0000000000000000E+00|          0|
 8|   2.300E+03|                      NaN|   0.0000000000000000E+00|          0|
 8|   2.340E+03|                      NaN|   0.0000000000000000E+00|          0|
 8|   2.380E+03|                      NaN|   0.0000000000000000E+00|          0|
 8|   2.420E+03|                      NaN|   0.0000000000000000E+00|          0|
 8|   2.460E+03|                      NaN|   0.0000000000000000E+00|          0|
 8|   2.500E+03|                      NaN|   0.0000000000000000E+00|          0|
 8|   2.540E+03|                      NaN|   0.0000000000000000E+00|          0|
 8|   2.580E+03|                      NaN|   0.0000000000000000E+00|          0|
 8|   2.620E+03|                      NaN|   0.0000000000000000E+00|          0|
 8|   2.660E+03|                      NaN|   0.0000000000000000E+00|          0|
 8|   2.700E+03|                      NaN|   0.0000000000000000E+00|          0|
 8|   2.740E+03|                      NaN|   0.0000000000000000E+00|          0|
 8|   2.780E+03|                      NaN|   0.0000000000000000E+00|          0|
 8|   2.820E+03|                      NaN|   0.0000000000000000E+00|          0|
 8|   2.860E+03|                      NaN|   0.0000000000000000E+00|          0|
 8|   2.900E+03|                      NaN|   0.0000000000000000E+00|          0|
 8|   2.940E+03|                      NaN|   0.0000000000000000E+00|          0|
 8|   2.980E+03|                      NaN|   0.0000000000000000E+00|          0|
 8|   3.020E+03|                      NaN|   0.0000000000000000E+00|          0|
 8|   3.060E+03|                      NaN|   0.0000000000000000E+00|          0|
 8|   3.100E+03|                      NaN|   0.0000000000000000E+00|          0|
 8|   3.140E+03|                      NaN|   0.0000000000000000E+00|          0|
 8|   3.180E+03|                      NaN|   0.0000000000000000E+00|          0|
 8|   3.220E+03|                      NaN|   0.0000000000000000E+00|          0|
 8|   3.260E+03|                      NaN|   0.0000000000000000E+00|          0|
 8|   3.300E+03|                      NaN|   0.0000000000000000E+00|          0|
 8|   3.340E+03|                      NaN|   0.0000000000000000E+00|          0|
 8|   3.380E+03|                      NaN|   0.0000000000000000E+00|          0|
 8|   3.420E+03|                      NaN|   0.0000000000000000E+00|          0|
 8|   3.460E+03|                      NaN|   0.0000000000000000E+00|          0|
 8|   3.500E+03|                      NaN|   0.0000000000000000E+00|          0|
 8|   3.540E+03|                      NaN|   0.0000000000000000E+00|          0|
 8|   3.580E+03|                      NaN|   0.0000000000000000E+00|          0|
 8|   3.620E+03|                      NaN|   0.0000000000000000E+00|          0|
 8|   3.660E+03|                      NaN|   0.0000000000000000E+00|          0|
 8|   3.700E+03|                      NaN|   0.0000000000000000E+00|          0|
 8|   3.740E+03|                      NaN|   0.0000000000000000E+00|          0|
 8|   3.780E+03|                      NaN|   0.0000000000000000E+00|          0|
 8|   3.820E+03|                      NaN|   0.0000000000000000E+00|          0|
 8|   3.860E+03|                      NaN|   0.0000000000000000E+00|          0|
 8|   3.900E+03|                      NaN|   0.0000000000000000E+00|          0|
 8|   3.940E+03|                      NaN|   0.0000000000000000E+00|          0|
 8|   3.980E+03|                      NaN|   0.0000000000000000E+00|          0|
 8|   4.020E+03|                      NaN|   0.0000000000000000E+00|          0|
 8|   4.060E+03|                      NaN|   0.0000000000000000E+00|          0|
# integrated result:   5.7604575053212665E-07
#
# Histogram 9: m_4l                                              
 9|   8.500E+01|                      NaN|   0.0000000000000000E+00|          0|
 9|   8.600E+01|                      NaN|   0.0000000000000000E+00|          0|
 9|   8.700E+01|                      NaN|   0.0000000000000000E+00|          0|
 9|   8.800E+01|                      NaN|   0.0000000000000000E+00|          0|
 9|   8.900E+01|                      NaN|   0.0000000000000000E+00|          0|
 9|   9.000E+01|                      NaN|   0.0000000000000000E+00|          0|
 9|   9.100E+01|                      NaN|   0.0000000000000000E+00|          0|
 9|   9.200E+01|                      NaN|   0.0000000000000000E+00|          0|
 9|   9.300E+01|                      NaN|   0.0000000000000000E+00|          0|
 9|   9.400E+01|                      NaN|   0.0000000000000000E+00|          0|
 9|   9.500E+01|                      NaN|   0.0000000000000000E+00|          0|
 9|   9.600E+01|                      NaN|   0.0000000000000000E+00|          0|
 9|   9.700E+01|                      NaN|   0.0000000000000000E+00|          0|
 9|   9.800E+01|                      NaN|   0.0000000000000000E+00|          0|
 9|   9.900E+01|                      NaN|   0.0000000000000000E+00|          0|
 9|   1.000E+02|                      NaN|   0.0000000000000000E+00|          0|
 9|   1.010E+02|                      NaN|   0.0000000000000000E+00|          0|
 9|   1.020E+02|                      NaN|   0.0000000000000000E+00|          0|
 9|   1.030E+02|                      NaN|   0.0000000000000000E+00|          0|
 9|   1.040E+02|                      NaN|   0.0000000000000000E+00|          0|
 9|   1.050E+02|                      NaN|   0.0000000000000000E+00|          0|
 9|   1.060E+02|                      NaN|   0.0000000000000000E+00|          0|
 9|   1.070E+02|                      NaN|   0.0000000000000000E+00|          0|
 9|   1.080E+02|                      NaN|   0.0000000000000000E+00|          0|
 9|   1.090E+02|                      NaN|   0.0000000000000000E+00|          0|
 9|   1.100E+02|                      NaN|   0.0000000000000000E+00|          0|
 9|   1.110E+02|                      NaN|   0.0000000000000000E+00|          0|
 9|   1.120E+02|                      NaN|   0.0000000000000000E+00|          0|
 9|   1.130E+02|                      NaN|   0.0000000000000000E+00|          0|
 9|   1.140E+02|                      NaN|   0.0000000000000000E+00|          0|
 9|   1.150E+02|                      NaN|   0.0000000000000000E+00|          0|
 9|   1.160E+02|                      NaN|   0.0000000000000000E+00|          0|
 9|   1.170E+02|                      NaN|   0.0000000000000000E+00|          0|
 9|   1.180E+02|                      NaN|   0.0000000000000000E+00|          0|
 9|   1.190E+02|                      NaN|   0.0000000000000000E+00|          0|
 9|   1.200E+02|                      NaN|   0.0000000000000000E+00|          0|
 9|   1.210E+02|                      NaN|   0.0000000000000000E+00|          0|
 9|   1.220E+02|                      NaN|   0.0000000000000000E+00|          0|
 9|   1.230E+02|                      NaN|   0.0000000000000000E+00|          0|
 9|   1.240E+02|                 Infinity|   8.9271482084414717E-03|      12548|
 9|   1.250E+02|                 Infinity|   8.7273858233854473E-03|      13129|
 9|   1.260E+02|                      NaN|   0.0000000000000000E+00|          0|
 9|   1.270E+02|                      NaN|   0.0000000000000000E+00|          0|
 9|   1.280E+02|                      NaN|   0.0000000000000000E+00|          0|
 9|   1.290E+02|                      NaN|   0.0000000000000000E+00|          0|
 9|   1.300E+02|                      NaN|   0.0000000000000000E+00|          0|
 9|   1.310E+02|                      NaN|   0.0000000000000000E+00|          0|
 9|   1.320E+02|                      NaN|   0.0000000000000000E+00|          0|
 9|   1.330E+02|                      NaN|   0.0000000000000000E+00|          0|
 9|   1.340E+02|                      NaN|   0.0000000000000000E+00|          0|
# integrated result:   5.7604575053212983E-07
#
# Histogram10: Phi1                                              
10|  -3.142E+00|                 Infinity|   3.8807526285316640E-02|        664|
10|  -2.985E+00|                 Infinity|   3.7397879600338288E-02|        715|
10|  -2.827E+00|                 Infinity|   4.0032038451271783E-02|        624|
10|  -2.670E+00|                 Infinity|   4.2835293687811936E-02|        545|
10|  -2.513E+00|                 Infinity|   4.0160966445124943E-02|        620|
10|  -2.356E+00|                 Infinity|   3.9043440472151518E-02|        656|
10|  -2.199E+00|                 Infinity|   4.0160966445124943E-02|        620|
10|  -2.042E+00|                 Infinity|   4.1274417170649801E-02|        587|
10|  -1.885E+00|                 Infinity|   3.9872611141444997E-02|        629|
10|  -1.728E+00|                 Infinity|   3.7769478730024897E-02|        701|
10|  -1.571E+00|                 Infinity|   3.8575837490522978E-02|        672|
10|  -1.414E+00|                 Infinity|   3.5071531191594722E-02|        813|
10|  -1.257E+00|                 Infinity|   3.6514837167011073E-02|        750|
10|  -1.100E+00|                 Infinity|   3.7424059428255989E-02|        714|
10|  -9.425E-01|                 Infinity|   3.8235955645093626E-02|        684|
10|  -7.854E-01|                 Infinity|   4.1344911529736156E-02|        585|
10|  -6.283E-01|                 Infinity|   4.0096346988231273E-02|        622|
10|  -4.713E-01|                 Infinity|   4.2409446483998546E-02|        556|
10|  -3.142E-01|                 Infinity|   4.5454545454545456E-02|        484|
10|  -1.571E-01|                 Infinity|   4.8336824452283177E-02|        428|
10|  -3.000E-05|                 Infinity|   4.7836487323493986E-02|        437|
10|   1.570E-01|                 Infinity|   4.4237395520380883E-02|        511|
10|   3.141E-01|                 Infinity|   4.2835293687811936E-02|        545|
10|   4.712E-01|                 Infinity|   4.1239304942116126E-02|        588|
10|   6.283E-01|                 Infinity|   3.8124642583151166E-02|        688|
10|   7.854E-01|                 Infinity|   3.6810508691615514E-02|        738|
10|   9.424E-01|                 Infinity|   3.5114749361031178E-02|        811|
10|   1.100E+00|                 Infinity|   3.6131468676496206E-02|        766|
10|   1.257E+00|                 Infinity|   3.5782813348225660E-02|        781|
10|   1.414E+00|                 Infinity|   3.6369648372665396E-02|        756|
10|   1.571E+00|                 Infinity|   3.7986858819879316E-02|        693|
10|   1.728E+00|                 Infinity|   3.9193090083481028E-02|        651|
10|   1.885E+00|                 Infinity|   4.0096346988231273E-02|        622|
10|   2.042E+00|                 Infinity|   3.8984058779272523E-02|        658|
10|   2.199E+00|                 Infinity|   3.7345684348663553E-02|        717|
10|   2.356E+00|                 Infinity|   3.9559388606461778E-02|        639|
10|   2.513E+00|                 Infinity|   4.2333375666730171E-02|        558|
10|   2.670E+00|                 Infinity|   4.0488816508945799E-02|        610|
10|   2.827E+00|                 Infinity|   3.9840953644479787E-02|        630|
10|   2.984E+00|                 Infinity|   4.0522044923655388E-02|        609|
# integrated result:   5.7604575053212877E-07
#
