#
# column #1=histogram, #2=x-axis bin, #3=binned cross-section, #4=error, #5=number of events 
# this can be easily plotted in gnuplot with the commands:
#    NHi=3
#    plot 'output.dat' using ($2):($1==NHi ? $3 : 1/0) w st
# where NHi selects the histogram
#
#
# run time =      -0.05min
# TotCS =      2.1734495265E-06           1.87509E-07
#
# Histogram 1: m_jj                                              
 1|   0.000E+00|                 Infinity|   1.5787724448766815E-02|       4012|
 1|   5.000E+01|                 Infinity|   1.1387187966856923E-02|       7712|
 1|   1.000E+02|                 Infinity|   1.4546320137365395E-02|       4726|
 1|   1.500E+02|                 Infinity|   1.8966081045272039E-02|       2780|
 1|   2.000E+02|                 Infinity|   2.4239308278185982E-02|       1702|
 1|   2.500E+02|                 Infinity|   3.0055654488914410E-02|       1107|
 1|   3.000E+02|                 Infinity|   3.6563621206356534E-02|        748|
 1|   3.500E+02|                 Infinity|   4.4632184267745179E-02|        502|
 1|   4.000E+02|                 Infinity|   5.5384877562171128E-02|        326|
 1|   4.500E+02|                 Infinity|   6.7884423330213065E-02|        217|
 1|   5.000E+02|                 Infinity|   8.7705801930702931E-02|        130|
 1|   5.500E+02|                 Infinity|   1.0540925533894598E-01|         90|
 1|   6.000E+02|                 Infinity|   1.3608276348795434E-01|         54|
 1|   6.500E+02|                 Infinity|   1.5617376188860607E-01|         41|
 1|   7.000E+02|                 Infinity|   1.5617376188860607E-01|         41|
 1|   7.500E+02|                 Infinity|   1.8569533817705186E-01|         29|
 1|   8.000E+02|                 Infinity|   2.7735009811261457E-01|         13|
 1|   8.500E+02|                 Infinity|   2.6726124191242440E-01|         14|
 1|   9.000E+02|                 Infinity|   4.0824829046386307E-01|          6|
 1|   9.500E+02|                 Infinity|   2.8867513459481292E-01|         12|
 1|   1.000E+03|                 Infinity|   4.0824829046386307E-01|          6|
 1|   1.050E+03|                 Infinity|   4.0824829046386307E-01|          6|
 1|   1.100E+03|                 Infinity|   3.5355339059327373E-01|          8|
 1|   1.150E+03|                 Infinity|   4.0824829046386307E-01|          6|
 1|   1.200E+03|                 Infinity|   5.0000000000000000E-01|          4|
 1|   1.250E+03|                 Infinity|   7.0710678118654746E-01|          2|
 1|   1.300E+03|                 Infinity|   1.0000000000000000E+00|          1|
 1|   1.350E+03|                 Infinity|   7.0710678118654746E-01|          2|
 1|   1.400E+03|                 Infinity|   1.0000000000000000E+00|          1|
 1|   1.450E+03|                 Infinity|   1.0000000000000000E+00|          1|
 1|   1.500E+03|                 Infinity|   7.0710678118654746E-01|          2|
 1|   1.550E+03|                      NaN|   0.0000000000000000E+00|          0|
 1|   1.600E+03|                 Infinity|   1.0000000000000000E+00|          1|
 1|   1.650E+03|                      NaN|   0.0000000000000000E+00|          0|
 1|   1.700E+03|                 Infinity|   1.0000000000000000E+00|          1|
 1|   1.750E+03|                      NaN|   0.0000000000000000E+00|          0|
 1|   1.800E+03|                 Infinity|   1.0000000000000000E+00|          1|
 1|   1.850E+03|                      NaN|   0.0000000000000000E+00|          0|
 1|   1.900E+03|                      NaN|   0.0000000000000000E+00|          0|
 1|   1.950E+03|                      NaN|   0.0000000000000000E+00|          0|
 1|   2.000E+03|                 Infinity|   1.0000000000000000E+00|          1|
 1|   2.050E+03|                      NaN|   0.0000000000000000E+00|          0|
 1|   2.100E+03|                      NaN|   0.0000000000000000E+00|          0|
 1|   2.150E+03|                      NaN|   0.0000000000000000E+00|          0|
 1|   2.200E+03|                 Infinity|   1.0000000000000000E+00|          1|
 1|   2.250E+03|                      NaN|   0.0000000000000000E+00|          0|
 1|   2.300E+03|                      NaN|   0.0000000000000000E+00|          0|
 1|   2.350E+03|                 Infinity|   5.7735026918962584E-01|          3|
 1|   2.400E+03|                      NaN|   0.0000000000000000E+00|          0|
 1|   2.450E+03|                      NaN|   0.0000000000000000E+00|          0|
 1|   2.500E+03|                      NaN|   0.0000000000000000E+00|          0|
 1|   2.550E+03|                      NaN|   0.0000000000000000E+00|          0|
 1|   2.600E+03|                      NaN|   0.0000000000000000E+00|          0|
 1|   2.650E+03|                      NaN|   0.0000000000000000E+00|          0|
 1|   2.700E+03|                      NaN|   0.0000000000000000E+00|          0|
 1|   2.750E+03|                 Infinity|   1.0000000000000000E+00|          1|
 1|   2.800E+03|                 Infinity|   7.0710678118654746E-01|          2|
 1|   2.850E+03|                 Infinity|   1.0000000000000000E+00|          1|
 1|   2.900E+03|                      NaN|   0.0000000000000000E+00|          0|
 1|   2.950E+03|                 Infinity|   1.0000000000000000E+00|          1|
 1|   3.000E+03|                      NaN|   0.0000000000000000E+00|          0|
 1|   3.050E+03|                 Infinity|   1.0000000000000000E+00|          1|
 1|   3.100E+03|                      NaN|   0.0000000000000000E+00|          0|
 1|   3.150E+03|                      NaN|   0.0000000000000000E+00|          0|
 1|   3.200E+03|                      NaN|   0.0000000000000000E+00|          0|
 1|   3.250E+03|                 Infinity|   1.0000000000000000E+00|          1|
 1|   3.300E+03|                      NaN|   0.0000000000000000E+00|          0|
 1|   3.350E+03|                      NaN|   0.0000000000000000E+00|          0|
 1|   3.400E+03|                      NaN|   0.0000000000000000E+00|          0|
 1|   3.450E+03|                 Infinity|   1.0000000000000000E+00|          1|
 1|   3.500E+03|                      NaN|   0.0000000000000000E+00|          0|
 1|   3.550E+03|                      NaN|   0.0000000000000000E+00|          0|
 1|   3.600E+03|                      NaN|   0.0000000000000000E+00|          0|
 1|   3.650E+03|                      NaN|   0.0000000000000000E+00|          0|
 1|   3.700E+03|                      NaN|   0.0000000000000000E+00|          0|
 1|   3.750E+03|                      NaN|   0.0000000000000000E+00|          0|
 1|   3.800E+03|                      NaN|   0.0000000000000000E+00|          0|
 1|   3.850E+03|                      NaN|   0.0000000000000000E+00|          0|
 1|   3.900E+03|                      NaN|   0.0000000000000000E+00|          0|
 1|   3.950E+03|                      NaN|   0.0000000000000000E+00|          0|
 1|   4.000E+03|                      NaN|   0.0000000000000000E+00|          0|
 1|   4.050E+03|                 Infinity|   1.0000000000000000E+00|          1|
 1|   4.100E+03|                      NaN|   0.0000000000000000E+00|          0|
 1|   4.150E+03|                      NaN|   0.0000000000000000E+00|          0|
 1|   4.200E+03|                      NaN|   0.0000000000000000E+00|          0|
 1|   4.250E+03|                      NaN|   0.0000000000000000E+00|          0|
 1|   4.300E+03|                      NaN|   0.0000000000000000E+00|          0|
 1|   4.350E+03|                      NaN|   0.0000000000000000E+00|          0|
 1|   4.400E+03|                      NaN|   0.0000000000000000E+00|          0|
 1|   4.450E+03|                      NaN|   0.0000000000000000E+00|          0|
 1|   4.500E+03|                      NaN|   0.0000000000000000E+00|          0|
 1|   4.550E+03|                      NaN|   0.0000000000000000E+00|          0|
 1|   4.600E+03|                      NaN|   0.0000000000000000E+00|          0|
 1|   4.650E+03|                      NaN|   0.0000000000000000E+00|          0|
 1|   4.700E+03|                      NaN|   0.0000000000000000E+00|          0|
 1|   4.750E+03|                      NaN|   0.0000000000000000E+00|          0|
 1|   4.800E+03|                      NaN|   0.0000000000000000E+00|          0|
 1|   4.850E+03|                      NaN|   0.0000000000000000E+00|          0|
 1|   4.900E+03|                      NaN|   0.0000000000000000E+00|          0|
 1|   4.950E+03|                      NaN|   0.0000000000000000E+00|          0|
# integrated result:   2.1734495264880626E-06
#
# Histogram 2: m_jj                                              
 2|   0.000E+00|                      NaN|   0.0000000000000000E+00|          0|
 2|   2.000E+00|                      NaN|   0.0000000000000000E+00|          0|
 2|   4.000E+00|                      NaN|   0.0000000000000000E+00|          0|
 2|   6.000E+00|                      NaN|   0.0000000000000000E+00|          0|
 2|   8.000E+00|                      NaN|   0.0000000000000000E+00|          0|
 2|   1.000E+01|                      NaN|   0.0000000000000000E+00|          0|
 2|   1.200E+01|                      NaN|   0.0000000000000000E+00|          0|
 2|   1.400E+01|                      NaN|   0.0000000000000000E+00|          0|
 2|   1.600E+01|                      NaN|   0.0000000000000000E+00|          0|
 2|   1.800E+01|                      NaN|   0.0000000000000000E+00|          0|
 2|   2.000E+01|                      NaN|   0.0000000000000000E+00|          0|
 2|   2.200E+01|                      NaN|   0.0000000000000000E+00|          0|
 2|   2.400E+01|                      NaN|   0.0000000000000000E+00|          0|
 2|   2.600E+01|                      NaN|   0.0000000000000000E+00|          0|
 2|   2.800E+01|                      NaN|   0.0000000000000000E+00|          0|
 2|   3.000E+01|                 Infinity|   4.7673129462279619E-02|        440|
 2|   3.200E+01|                 Infinity|   4.6574643283262232E-02|        461|
 2|   3.400E+01|                 Infinity|   5.0251890762960605E-02|        396|
 2|   3.600E+01|                 Infinity|   5.1231551957855996E-02|        381|
 2|   3.800E+01|                 Infinity|   5.0125470711708552E-02|        398|
 2|   4.000E+01|                 Infinity|   5.0251890762960605E-02|        396|
 2|   4.200E+01|                 Infinity|   4.8393391849582724E-02|        427|
 2|   4.400E+01|                 Infinity|   5.0832856777534893E-02|        387|
 2|   4.600E+01|                 Infinity|   5.1366549693751415E-02|        379|
 2|   4.800E+01|                 Infinity|   5.3682812709501898E-02|        347|
 2|   5.000E+01|                 Infinity|   5.1164451009665081E-02|        382|
 2|   5.200E+01|                 Infinity|   5.5641488407465724E-02|        323|
 2|   5.400E+01|                 Infinity|   5.2999894000318001E-02|        356|
 2|   5.600E+01|                 Infinity|   5.2414241836095915E-02|        364|
 2|   5.800E+01|                 Infinity|   5.2486388108147798E-02|        363|
 2|   6.000E+01|                 Infinity|   5.2342392259021375E-02|        365|
 2|   6.200E+01|                 Infinity|   5.3528772757218922E-02|        349|
 2|   6.400E+01|                 Infinity|   5.5384877562171128E-02|        326|
 2|   6.600E+01|                 Infinity|   5.3300179088902604E-02|        352|
 2|   6.800E+01|                 Infinity|   5.4392829322042119E-02|        338|
 2|   7.000E+01|                 Infinity|   5.4392829322042119E-02|        338|
 2|   7.200E+01|                 Infinity|   5.5641488407465724E-02|        323|
 2|   7.400E+01|                 Infinity|   5.8621038176054921E-02|        291|
 2|   7.600E+01|                 Infinity|   5.8722021951470346E-02|        290|
 2|   7.800E+01|                 Infinity|   5.8722021951470346E-02|        290|
 2|   8.000E+01|                 Infinity|   5.8925565098878967E-02|        288|
 2|   8.200E+01|                 Infinity|   6.2500000000000000E-02|        256|
 2|   8.400E+01|                 Infinity|   5.8823529411764705E-02|        289|
 2|   8.600E+01|                 Infinity|   5.8925565098878967E-02|        288|
 2|   8.800E+01|                 Infinity|   6.4684622735315084E-02|        239|
 2|   9.000E+01|                 Infinity|   6.4415662640083082E-02|        241|
 2|   9.200E+01|                 Infinity|   6.0192926542884599E-02|        276|
 2|   9.400E+01|                 Infinity|   6.0084176812610968E-02|        277|
 2|   9.600E+01|                 Infinity|   6.0522753266880246E-02|        273|
 2|   9.800E+01|                 Infinity|   6.5232807305344226E-02|        235|
 2|   1.000E+02|                 Infinity|   6.4549722436790274E-02|        240|
 2|   1.020E+02|                 Infinity|   6.4549722436790274E-02|        240|
 2|   1.040E+02|                 Infinity|   6.7728546147859642E-02|        218|
 2|   1.060E+02|                 Infinity|   6.7884423330213065E-02|        217|
 2|   1.080E+02|                 Infinity|   6.8518870982753166E-02|        213|
 2|   1.100E+02|                 Infinity|   6.7267279399631244E-02|        221|
 2|   1.120E+02|                 Infinity|   6.5653216429861272E-02|        232|
 2|   1.140E+02|                 Infinity|   7.2739296745330792E-02|        189|
 2|   1.160E+02|                 Infinity|   6.8842839082151427E-02|        211|
 2|   1.180E+02|                 Infinity|   7.0014004201400484E-02|        204|
 2|   1.200E+02|                 Infinity|   7.0888120500833582E-02|        199|
 2|   1.220E+02|                 Infinity|   7.1066905451870152E-02|        198|
 2|   1.240E+02|                 Infinity|   7.5809804357890337E-02|        174|
 2|   1.260E+02|                 Infinity|   7.3323557510676651E-02|        186|
 2|   1.280E+02|                 Infinity|   7.5377836144440907E-02|        176|
 2|   1.300E+02|                 Infinity|   8.0064076902543566E-02|        156|
 2|   1.320E+02|                 Infinity|   7.5377836144440907E-02|        176|
 2|   1.340E+02|                 Infinity|   7.1981575074869450E-02|        193|
 2|   1.360E+02|                 Infinity|   7.5164602800282893E-02|        177|
 2|   1.380E+02|                 Infinity|   7.7615052570633281E-02|        166|
 2|   1.400E+02|                 Infinity|   8.2199493652678646E-02|        148|
 2|   1.420E+02|                 Infinity|   8.1110710565381272E-02|        152|
 2|   1.440E+02|                 Infinity|   8.1110710565381272E-02|        152|
 2|   1.460E+02|                 Infinity|   8.2478609884232251E-02|        147|
 2|   1.480E+02|                 Infinity|   8.4215192106651904E-02|        141|
 2|   1.500E+02|                 Infinity|   8.6386842558136015E-02|        134|
 2|   1.520E+02|                 Infinity|   8.6710996952411995E-02|        133|
 2|   1.540E+02|                 Infinity|   8.9442719099991588E-02|        125|
 2|   1.560E+02|                 Infinity|   8.3624201000709081E-02|        143|
 2|   1.580E+02|                 Infinity|   8.7038827977848926E-02|        132|
 2|   1.600E+02|                 Infinity|   9.6225044864937631E-02|        108|
 2|   1.620E+02|                 Infinity|   8.7038827977848926E-02|        132|
 2|   1.640E+02|                 Infinity|   9.4915799575249898E-02|        111|
 2|   1.660E+02|                 Infinity|   9.4072086838359728E-02|        113|
 2|   1.680E+02|                 Infinity|   8.8045090632562384E-02|        129|
 2|   1.700E+02|                 Infinity|   9.4491118252306799E-02|        112|
 2|   1.720E+02|                 Infinity|   8.8388347648318433E-02|        128|
 2|   1.740E+02|                 Infinity|   9.1287092917527679E-02|        120|
 2|   1.760E+02|                 Infinity|   9.3658581158169399E-02|        114|
 2|   1.780E+02|                 Infinity|   9.5782628522115137E-02|        109|
 2|   1.800E+02|                 Infinity|   9.2450032704204849E-02|        117|
 2|   1.820E+02|                 Infinity|   1.1111111111111110E-01|         81|
 2|   1.840E+02|                 Infinity|   1.0101525445522107E-01|         98|
 2|   1.860E+02|                 Infinity|   9.6225044864937631E-02|        108|
 2|   1.880E+02|                 Infinity|   1.0482848367219183E-01|         91|
 2|   1.900E+02|                 Infinity|   1.0976425998969035E-01|         83|
 2|   1.920E+02|                 Infinity|   1.1043152607484653E-01|         82|
 2|   1.940E+02|                 Infinity|   1.0206207261596577E-01|         96|
 2|   1.960E+02|                 Infinity|   1.0846522890932808E-01|         85|
 2|   1.980E+02|                 Infinity|   1.0206207261596577E-01|         96|
# integrated result:   2.1734495264880651E-06
#
# Histogram 3: pT(H)                                             
 3|   0.000E+00|                 Infinity|   3.0556616567607043E-02|       1071|
 3|   1.000E+01|                 Infinity|   2.3014365447458086E-02|       1888|
 3|   2.000E+01|                 Infinity|   2.2097086912079608E-02|       2048|
 3|   3.000E+01|                 Infinity|   2.2145800696175846E-02|       2039|
 3|   4.000E+01|                 Infinity|   2.2733144649015782E-02|       1935|
 3|   5.000E+01|                 Infinity|   2.3287321641631116E-02|       1844|
 3|   6.000E+01|                 Infinity|   2.4161356785259637E-02|       1713|
 3|   7.000E+01|                 Infinity|   2.5449329927964382E-02|       1544|
 3|   8.000E+01|                 Infinity|   2.7703063158526546E-02|       1303|
 3|   9.000E+01|                 Infinity|   2.9037395206952050E-02|       1186|
 3|   1.000E+02|                 Infinity|   3.2091527190283999E-02|        971|
 3|   1.100E+02|                 Infinity|   3.3748365353141352E-02|        878|
 3|   1.200E+02|                 Infinity|   3.6014120303280987E-02|        771|
 3|   1.300E+02|                 Infinity|   3.9344473768231684E-02|        646|
 3|   1.400E+02|                 Infinity|   4.1065078117659089E-02|        593|
 3|   1.500E+02|                 Infinity|   4.5175395145262566E-02|        490|
 3|   1.600E+02|                 Infinity|   4.9629166698546508E-02|        406|
 3|   1.700E+02|                 Infinity|   4.9386479832479478E-02|        410|
 3|   1.800E+02|                 Infinity|   5.4473471070284329E-02|        337|
 3|   1.900E+02|                 Infinity|   5.5215763037423267E-02|        328|
 3|   2.000E+02|                 Infinity|   6.1662641597820735E-02|        263|
 3|   2.100E+02|                 Infinity|   7.2547625011001163E-02|        190|
 3|   2.200E+02|                 Infinity|   8.2760588860236795E-02|        146|
 3|   2.300E+02|                 Infinity|   7.4743509275193590E-02|        179|
 3|   2.400E+02|                 Infinity|   8.5749292571254410E-02|        136|
 3|   2.500E+02|                 Infinity|   9.5346258924559238E-02|        110|
 3|   2.600E+02|                 Infinity|   9.1669849702821132E-02|        119|
 3|   2.700E+02|                 Infinity|   9.8532927816429319E-02|        103|
 3|   2.800E+02|                 Infinity|   1.1704114719613057E-01|         73|
 3|   2.900E+02|                 Infinity|   1.2038585308576920E-01|         69|
 3|   3.000E+02|                 Infinity|   1.1322770341445956E-01|         78|
 3|   3.100E+02|                 Infinity|   1.2909944487358055E-01|         60|
 3|   3.200E+02|                 Infinity|   1.4285714285714285E-01|         49|
 3|   3.300E+02|                 Infinity|   2.0000000000000001E-01|         25|
 3|   3.400E+02|                 Infinity|   1.8257418583505536E-01|         30|
 3|   3.500E+02|                 Infinity|   2.0412414523193154E-01|         24|
 3|   3.600E+02|                 Infinity|   2.1320071635561041E-01|         22|
 3|   3.700E+02|                 Infinity|   2.0851441405707477E-01|         23|
 3|   3.800E+02|                 Infinity|   2.2941573387056174E-01|         19|
 3|   3.900E+02|                 Infinity|   2.4253562503633297E-01|         17|
 3|   4.000E+02|                 Infinity|   3.1622776601683794E-01|         10|
 3|   4.100E+02|                 Infinity|   2.4253562503633297E-01|         17|
 3|   4.200E+02|                 Infinity|   3.5355339059327373E-01|          8|
 3|   4.300E+02|                 Infinity|   2.7735009811261457E-01|         13|
 3|   4.400E+02|                 Infinity|   3.7796447300922720E-01|          7|
 3|   4.500E+02|                 Infinity|   2.7735009811261457E-01|         13|
 3|   4.600E+02|                 Infinity|   4.0824829046386307E-01|          6|
 3|   4.700E+02|                 Infinity|   3.5355339059327373E-01|          8|
 3|   4.800E+02|                 Infinity|   4.4721359549995793E-01|          5|
 3|   4.900E+02|                 Infinity|   5.0000000000000000E-01|          4|
# integrated result:   2.1734495264880668E-06
#
# Histogram 4: pT(j1)                                            
 4|   0.000E+00|                      NaN|   0.0000000000000000E+00|          0|
 4|   1.000E+01|                 Infinity|   7.0710678118654752E-02|        200|
 4|   2.000E+01|                 Infinity|   2.6565321418092751E-02|       1417|
 4|   3.000E+01|                 Infinity|   2.2576182049286544E-02|       1962|
 4|   4.000E+01|                 Infinity|   2.1025856676559002E-02|       2262|
 4|   5.000E+01|                 Infinity|   2.1295885499997998E-02|       2205|
 4|   6.000E+01|                 Infinity|   2.1889647878295008E-02|       2087|
 4|   7.000E+01|                 Infinity|   2.3742322084163121E-02|       1774|
 4|   8.000E+01|                 Infinity|   2.4860550508181419E-02|       1618|
 4|   9.000E+01|                 Infinity|   2.6841406354750949E-02|       1388|
 4|   1.000E+02|                 Infinity|   2.8386647790182979E-02|       1241|
 4|   1.100E+02|                 Infinity|   3.0743773095067282E-02|       1058|
 4|   1.200E+02|                 Infinity|   3.3426313523243781E-02|        895|
 4|   1.300E+02|                 Infinity|   3.4219295541457743E-02|        854|
 4|   1.400E+02|                 Infinity|   3.7662178857735470E-02|        705|
 4|   1.500E+02|                 Infinity|   3.9652579285907208E-02|        636|
 4|   1.600E+02|                 Infinity|   4.2835293687811936E-02|        545|
 4|   1.700E+02|                 Infinity|   4.6829290579084699E-02|        456|
 4|   1.800E+02|                 Infinity|   5.0379272185987839E-02|        394|
 4|   1.900E+02|                 Infinity|   5.1164451009665081E-02|        382|
 4|   2.000E+02|                 Infinity|   5.7448498962142602E-02|        303|
 4|   2.100E+02|                 Infinity|   6.4415662640083082E-02|        241|
 4|   2.200E+02|                 Infinity|   6.6666666666666666E-02|        225|
 4|   2.300E+02|                 Infinity|   7.2357460529242162E-02|        191|
 4|   2.400E+02|                 Infinity|   7.5164602800282893E-02|        177|
 4|   2.500E+02|                 Infinity|   8.5125653075874858E-02|        138|
 4|   2.600E+02|                 Infinity|   9.5346258924559238E-02|        110|
 4|   2.700E+02|                 Infinity|   9.2847669088525930E-02|        116|
 4|   2.800E+02|                 Infinity|   1.0314212462587934E-01|         94|
 4|   2.900E+02|                 Infinity|   1.1952286093343936E-01|         70|
 4|   3.000E+02|                 Infinity|   1.1624763874381928E-01|         74|
 4|   3.100E+02|                 Infinity|   1.3608276348795434E-01|         54|
 4|   3.200E+02|                 Infinity|   1.4907119849998599E-01|         45|
 4|   3.300E+02|                 Infinity|   1.6903085094570330E-01|         35|
 4|   3.400E+02|                 Infinity|   1.8257418583505536E-01|         30|
 4|   3.500E+02|                 Infinity|   1.6222142113076254E-01|         38|
 4|   3.600E+02|                 Infinity|   2.2360679774997896E-01|         20|
 4|   3.700E+02|                 Infinity|   1.9245008972987526E-01|         27|
 4|   3.800E+02|                 Infinity|   2.1320071635561041E-01|         22|
 4|   3.900E+02|                 Infinity|   2.4253562503633297E-01|         17|
 4|   4.000E+02|                 Infinity|   2.3570226039551587E-01|         18|
 4|   4.100E+02|                 Infinity|   2.1821789023599239E-01|         21|
 4|   4.200E+02|                 Infinity|   2.8867513459481292E-01|         12|
 4|   4.300E+02|                 Infinity|   2.6726124191242440E-01|         14|
 4|   4.400E+02|                 Infinity|   3.1622776601683794E-01|         10|
 4|   4.500E+02|                 Infinity|   3.7796447300922720E-01|          7|
 4|   4.600E+02|                 Infinity|   2.6726124191242440E-01|         14|
 4|   4.700E+02|                 Infinity|   3.1622776601683794E-01|         10|
 4|   4.800E+02|                 Infinity|   3.7796447300922720E-01|          7|
 4|   4.900E+02|                 Infinity|   4.4721359549995793E-01|          5|
# integrated result:   2.1734495264880643E-06
#
# Histogram 5: dy(j1,j2)                                         
 5|  -5.000E+00|                 Infinity|   1.0000000000000000E+00|          1|
 5|  -4.800E+00|                 Infinity|   5.0000000000000000E-01|          4|
 5|  -4.600E+00|                 Infinity|   4.0824829046386307E-01|          6|
 5|  -4.400E+00|                 Infinity|   2.4253562503633297E-01|         17|
 5|  -4.200E+00|                 Infinity|   2.0412414523193154E-01|         24|
 5|  -4.000E+00|                 Infinity|   1.7149858514250882E-01|         34|
 5|  -3.800E+00|                 Infinity|   1.8257418583505536E-01|         30|
 5|  -3.600E+00|                 Infinity|   1.1624763874381928E-01|         74|
 5|  -3.400E+00|                 Infinity|   1.1250879009260240E-01|         79|
 5|  -3.200E+00|                 Infinity|   1.1250879009260240E-01|         79|
 5|  -3.000E+00|                 Infinity|   9.0535746042518531E-02|        122|
 5|  -2.800E+00|                 Infinity|   7.3922127095457285E-02|        183|
 5|  -2.600E+00|                 Infinity|   7.1611487403943297E-02|        195|
 5|  -2.400E+00|                 Infinity|   5.5641488407465724E-02|        323|
 5|  -2.200E+00|                 Infinity|   5.2057920629535355E-02|        369|
 5|  -2.000E+00|                 Infinity|   4.4367825470805693E-02|        508|
 5|  -1.800E+00|                 Infinity|   3.9253433598942983E-02|        649|
 5|  -1.600E+00|                 Infinity|   3.5049981861639080E-02|        814|
 5|  -1.400E+00|                 Infinity|   2.9854071701326607E-02|       1122|
 5|  -1.200E+00|                 Infinity|   2.6977806394251295E-02|       1374|
 5|  -1.000E+00|                 Infinity|   2.3537557657892522E-02|       1805|
 5|  -8.000E-01|                 Infinity|   2.4914503091731197E-02|       1611|
 5|  -6.000E-01|                 Infinity|   2.4829877392851134E-02|       1622|
 5|  -4.000E-01|                 Infinity|   2.5441092565739218E-02|       1545|
 5|  -2.000E-01|                 Infinity|   2.6279416561381837E-02|       1448|
 5|   0.000E+00|                 Infinity|   2.5863030005593587E-02|       1495|
 5|   2.000E-01|                 Infinity|   2.4685714930565622E-02|       1641|
 5|   4.000E-01|                 Infinity|   2.1858249849398711E-02|       2093|
 5|   6.000E-01|                 Infinity|   2.6831742481762743E-02|       1389|
 5|   8.000E-01|                 Infinity|   3.0358837035945812E-02|       1085|
 5|   1.000E+00|                 Infinity|   3.5921060405354983E-02|        775|
 5|   1.200E+00|                 Infinity|   4.3073049225394802E-02|        539|
 5|   1.400E+00|                 Infinity|   5.3376051268362382E-02|        351|
 5|   1.600E+00|                 Infinity|   5.8925565098878967E-02|        288|
 5|   1.800E+00|                 Infinity|   6.9673301429161769E-02|        206|
 5|   2.000E+00|                 Infinity|   8.0845208345444328E-02|        153|
 5|   2.200E+00|                 Infinity|   9.8058067569092022E-02|        104|
 5|   2.400E+00|                 Infinity|   1.2909944487358055E-01|         60|
 5|   2.600E+00|                 Infinity|   1.5249857033260467E-01|         43|
 5|   2.800E+00|                 Infinity|   2.4253562503633297E-01|         17|
 5|   3.000E+00|                 Infinity|   2.7735009811261457E-01|         13|
 5|   3.200E+00|                 Infinity|   3.0151134457776363E-01|         11|
 5|   3.400E+00|                 Infinity|   5.0000000000000000E-01|          4|
 5|   3.600E+00|                 Infinity|   7.0710678118654746E-01|          2|
 5|   3.800E+00|                 Infinity|   4.0824829046386307E-01|          6|
 5|   4.000E+00|                 Infinity|   1.0000000000000000E+00|          1|
 5|   4.200E+00|                 Infinity|   1.0000000000000000E+00|          1|
 5|   4.400E+00|                      NaN|   0.0000000000000000E+00|          0|
 5|   4.600E+00|                      NaN|   0.0000000000000000E+00|          0|
 5|   4.800E+00|                      NaN|   0.0000000000000000E+00|          0|
# integrated result:   2.1734495264880647E-06
#
# Histogram 6: mz1                                               
 6|   0.000E+00|                      NaN|   0.0000000000000000E+00|          0|
 6|   2.000E+00|                      NaN|   0.0000000000000000E+00|          0|
 6|   4.000E+00|                 Infinity|   2.1790681682020450E-02|       2106|
 6|   6.000E+00|                 Infinity|   2.1821789023599238E-02|       2100|
 6|   8.000E+00|                 Infinity|   2.7430739102420141E-02|       1329|
 6|   1.000E+01|                 Infinity|   3.0303030303030304E-02|       1089|
 6|   1.200E+01|                 Infinity|   3.8895492079220696E-02|        661|
 6|   1.400E+01|                 Infinity|   3.5578403348241000E-02|        790|
 6|   1.600E+01|                 Infinity|   3.4159349284257755E-02|        857|
 6|   1.800E+01|                 Infinity|   4.4151078568834795E-02|        513|
 6|   2.000E+01|                 Infinity|   5.8722021951470346E-02|        290|
 6|   2.200E+01|                 Infinity|   4.5883146774112350E-02|        475|
 6|   2.400E+01|                 Infinity|   6.0745673923078697E-02|        271|
 6|   2.600E+01|                 Infinity|   6.2745580513815860E-02|        254|
 6|   2.800E+01|                 Infinity|   7.3922127095457285E-02|        183|
 6|   3.000E+01|                 Infinity|   7.8567420131838608E-02|        162|
 6|   3.200E+01|                 Infinity|   9.5782628522115137E-02|        109|
 6|   3.400E+01|                 Infinity|   1.1785113019775793E-01|         72|
 6|   3.600E+01|                 Infinity|   2.2941573387056174E-01|         19|
 6|   3.800E+01|                 Infinity|   2.2941573387056174E-01|         19|
 6|   4.000E+01|                 Infinity|   2.0851441405707477E-01|         23|
 6|   4.200E+01|                 Infinity|   2.2360679774997896E-01|         20|
 6|   4.400E+01|                 Infinity|   1.8898223650461360E-01|         28|
 6|   4.600E+01|                 Infinity|   2.2360679774997896E-01|         20|
 6|   4.800E+01|                 Infinity|   2.0851441405707477E-01|         23|
 6|   5.000E+01|                 Infinity|   2.0412414523193154E-01|         24|
 6|   5.200E+01|                 Infinity|   1.5811388300841897E-01|         40|
 6|   5.400E+01|                 Infinity|   1.8569533817705186E-01|         29|
 6|   5.600E+01|                 Infinity|   1.7149858514250882E-01|         34|
 6|   5.800E+01|                 Infinity|   1.6666666666666666E-01|         36|
 6|   6.000E+01|                 Infinity|   1.3018891098082389E-01|         59|
 6|   6.200E+01|                 Infinity|   1.2038585308576920E-01|         69|
 6|   6.400E+01|                 Infinity|   1.3245323570650439E-01|         57|
 6|   6.600E+01|                 Infinity|   1.4002800840280097E-01|         51|
 6|   6.800E+01|                 Infinity|   1.2909944487358055E-01|         60|
 6|   7.000E+01|                 Infinity|   1.1704114719613057E-01|         73|
 6|   7.200E+01|                 Infinity|   1.0976425998969035E-01|         83|
 6|   7.400E+01|                 Infinity|   9.4491118252306799E-02|        112|
 6|   7.600E+01|                 Infinity|   7.8086880944303036E-02|        164|
 6|   7.800E+01|                 Infinity|   9.6673648904566353E-02|        107|
 6|   8.000E+01|                 Infinity|   1.1396057645963795E-01|         77|
 6|   8.200E+01|                 Infinity|   1.0206207261596577E-01|         96|
 6|   8.400E+01|                 Infinity|   9.5782628522115137E-02|        109|
 6|   8.600E+01|                 Infinity|   5.3300179088902604E-02|        352|
 6|   8.800E+01|                 Infinity|   2.5391835805951279E-02|       1551|
 6|   9.000E+01|                 Infinity|   1.5903095520751125E-02|       3954|
 6|   9.200E+01|                 Infinity|   2.0240261084859691E-02|       2441|
 6|   9.400E+01|                 Infinity|   2.1894894049221930E-02|       2086|
 6|   9.600E+01|                 Infinity|   4.1922180815031851E-02|        569|
 6|   9.800E+01|                 Infinity|   9.2057461789832346E-02|        118|
 6|   1.000E+02|                 Infinity|   1.1111111111111110E-01|         81|
 6|   1.020E+02|                 Infinity|   8.3624201000709081E-02|        143|
 6|   1.040E+02|                 Infinity|   8.8735650941611385E-02|        127|
 6|   1.060E+02|                 Infinity|   1.0910894511799619E-01|         84|
 6|   1.080E+02|                 Infinity|   1.3867504905630729E-01|         52|
 6|   1.100E+02|                 Infinity|   1.8257418583505536E-01|         30|
 6|   1.120E+02|                 Infinity|   2.8867513459481292E-01|         12|
 6|   1.140E+02|                 Infinity|   2.6726124191242440E-01|         14|
 6|   1.160E+02|                 Infinity|   5.0000000000000000E-01|          4|
 6|   1.180E+02|                 Infinity|   3.7796447300922720E-01|          7|
 6|   1.200E+02|                      NaN|   0.0000000000000000E+00|          0|
 6|   1.220E+02|                      NaN|   0.0000000000000000E+00|          0|
 6|   1.240E+02|                      NaN|   0.0000000000000000E+00|          0|
 6|   1.260E+02|                      NaN|   0.0000000000000000E+00|          0|
 6|   1.280E+02|                      NaN|   0.0000000000000000E+00|          0|
 6|   1.300E+02|                      NaN|   0.0000000000000000E+00|          0|
 6|   1.320E+02|                      NaN|   0.0000000000000000E+00|          0|
 6|   1.340E+02|                      NaN|   0.0000000000000000E+00|          0|
 6|   1.360E+02|                      NaN|   0.0000000000000000E+00|          0|
 6|   1.380E+02|                      NaN|   0.0000000000000000E+00|          0|
 6|   1.400E+02|                      NaN|   0.0000000000000000E+00|          0|
 6|   1.420E+02|                      NaN|   0.0000000000000000E+00|          0|
 6|   1.440E+02|                      NaN|   0.0000000000000000E+00|          0|
 6|   1.460E+02|                      NaN|   0.0000000000000000E+00|          0|
 6|   1.480E+02|                      NaN|   0.0000000000000000E+00|          0|
 6|   1.500E+02|                      NaN|   0.0000000000000000E+00|          0|
 6|   1.520E+02|                      NaN|   0.0000000000000000E+00|          0|
 6|   1.540E+02|                      NaN|   0.0000000000000000E+00|          0|
 6|   1.560E+02|                      NaN|   0.0000000000000000E+00|          0|
 6|   1.580E+02|                      NaN|   0.0000000000000000E+00|          0|
 6|   1.600E+02|                      NaN|   0.0000000000000000E+00|          0|
 6|   1.620E+02|                      NaN|   0.0000000000000000E+00|          0|
 6|   1.640E+02|                      NaN|   0.0000000000000000E+00|          0|
 6|   1.660E+02|                      NaN|   0.0000000000000000E+00|          0|
 6|   1.680E+02|                      NaN|   0.0000000000000000E+00|          0|
 6|   1.700E+02|                      NaN|   0.0000000000000000E+00|          0|
 6|   1.720E+02|                      NaN|   0.0000000000000000E+00|          0|
 6|   1.740E+02|                      NaN|   0.0000000000000000E+00|          0|
 6|   1.760E+02|                      NaN|   0.0000000000000000E+00|          0|
 6|   1.780E+02|                      NaN|   0.0000000000000000E+00|          0|
 6|   1.800E+02|                      NaN|   0.0000000000000000E+00|          0|
 6|   1.820E+02|                      NaN|   0.0000000000000000E+00|          0|
 6|   1.840E+02|                      NaN|   0.0000000000000000E+00|          0|
 6|   1.860E+02|                      NaN|   0.0000000000000000E+00|          0|
 6|   1.880E+02|                      NaN|   0.0000000000000000E+00|          0|
 6|   1.900E+02|                      NaN|   0.0000000000000000E+00|          0|
 6|   1.920E+02|                      NaN|   0.0000000000000000E+00|          0|
 6|   1.940E+02|                      NaN|   0.0000000000000000E+00|          0|
 6|   1.960E+02|                      NaN|   0.0000000000000000E+00|          0|
 6|   1.980E+02|                      NaN|   0.0000000000000000E+00|          0|
# integrated result:   2.1734495264880660E-06
#
# Histogram 7: mz2                                               
 7|   0.000E+00|                      NaN|   0.0000000000000000E+00|          0|
 7|   2.000E+00|                      NaN|   0.0000000000000000E+00|          0|
 7|   4.000E+00|                 Infinity|   2.2043335708870276E-02|       2058|
 7|   6.000E+00|                 Infinity|   3.0890103160760771E-02|       1048|
 7|   8.000E+00|                 Infinity|   3.3113308926626096E-02|        912|
 7|   1.000E+01|                 Infinity|   3.7608870722230077E-02|        707|
 7|   1.200E+01|                 Infinity|   3.6321635614607398E-02|        758|
 7|   1.400E+01|                 Infinity|   3.7715714320235710E-02|        703|
 7|   1.600E+01|                 Infinity|   3.6735917918532250E-02|        741|
 7|   1.800E+01|                 Infinity|   3.6466247874473640E-02|        752|
 7|   2.000E+01|                 Infinity|   3.8749212914606430E-02|        666|
 7|   2.200E+01|                 Infinity|   3.8604571824109146E-02|        671|
 7|   2.400E+01|                 Infinity|   3.7011660509880265E-02|        730|
 7|   2.600E+01|                 Infinity|   3.7139067635410375E-02|        725|
 7|   2.800E+01|                 Infinity|   3.4710506725031162E-02|        830|
 7|   3.000E+01|                 Infinity|   3.9621442587516369E-02|        637|
 7|   3.200E+01|                 Infinity|   3.9777864208786498E-02|        632|
 7|   3.400E+01|                 Infinity|   5.4799662435119099E-02|        333|
 7|   3.600E+01|                 Infinity|   9.4491118252306799E-02|        112|
 7|   3.800E+01|                 Infinity|   9.5782628522115137E-02|        109|
 7|   4.000E+01|                 Infinity|   1.0369516947304253E-01|         93|
 7|   4.200E+01|                 Infinity|   9.4915799575249898E-02|        111|
 7|   4.400E+01|                 Infinity|   1.0425720702853739E-01|         92|
 7|   4.600E+01|                 Infinity|   1.1470786693528087E-01|         76|
 7|   4.800E+01|                 Infinity|   1.2403473458920847E-01|         65|
 7|   5.000E+01|                 Infinity|   1.2909944487358055E-01|         60|
 7|   5.200E+01|                 Infinity|   1.1867816581938533E-01|         71|
 7|   5.400E+01|                 Infinity|   1.0910894511799619E-01|         84|
 7|   5.600E+01|                 Infinity|   1.1396057645963795E-01|         77|
 7|   5.800E+01|                 Infinity|   1.4433756729740646E-01|         48|
 7|   6.000E+01|                 Infinity|   1.4586499149789456E-01|         47|
 7|   6.200E+01|                 Infinity|   1.2803687993289598E-01|         61|
 7|   6.400E+01|                 Infinity|   1.2700012700019050E-01|         62|
 7|   6.600E+01|                 Infinity|   1.1704114719613057E-01|         73|
 7|   6.800E+01|                 Infinity|   1.0721125348377948E-01|         87|
 7|   7.000E+01|                 Infinity|   6.1313933948496581E-02|        266|
 7|   7.200E+01|                 Infinity|   6.5094455490411943E-02|        236|
 7|   7.400E+01|                 Infinity|   3.7190400165280094E-02|        723|
 7|   7.600E+01|                 Infinity|   3.8778336716474064E-02|        665|
 7|   7.800E+01|                 Infinity|   6.1313933948496581E-02|        266|
 7|   8.000E+01|                 Infinity|   4.6778026972498797E-02|        457|
 7|   8.200E+01|                 Infinity|   4.7298376984040214E-02|        447|
 7|   8.400E+01|                 Infinity|   3.8749212914606430E-02|        666|
 7|   8.600E+01|                 Infinity|   4.0225899335456484E-02|        618|
 7|   8.800E+01|                 Infinity|   2.5871684190211096E-02|       1494|
 7|   9.000E+01|                 Infinity|   1.9396461632280270E-02|       2658|
 7|   9.200E+01|                 Infinity|   3.4857808718787492E-02|        823|
 7|   9.400E+01|                 Infinity|   5.5555555555555552E-02|        324|
 7|   9.600E+01|                 Infinity|   1.0425720702853739E-01|         92|
 7|   9.800E+01|                 Infinity|   8.7370405666103795E-02|        131|
 7|   1.000E+02|                 Infinity|   9.9503719020998915E-02|        101|
 7|   1.020E+02|                 Infinity|   1.3608276348795434E-01|         54|
 7|   1.040E+02|                 Infinity|   1.9611613513818404E-01|         26|
 7|   1.060E+02|                 Infinity|   2.6726124191242440E-01|         14|
 7|   1.080E+02|                 Infinity|   2.2941573387056174E-01|         19|
 7|   1.100E+02|                 Infinity|   1.0000000000000000E+00|          1|
 7|   1.120E+02|                 Infinity|   5.7735026918962584E-01|          3|
 7|   1.140E+02|                 Infinity|   7.0710678118654746E-01|          2|
 7|   1.160E+02|                 Infinity|   1.0000000000000000E+00|          1|
 7|   1.180E+02|                      NaN|   0.0000000000000000E+00|          0|
 7|   1.200E+02|                      NaN|   0.0000000000000000E+00|          0|
 7|   1.220E+02|                      NaN|   0.0000000000000000E+00|          0|
 7|   1.240E+02|                      NaN|   0.0000000000000000E+00|          0|
 7|   1.260E+02|                      NaN|   0.0000000000000000E+00|          0|
 7|   1.280E+02|                      NaN|   0.0000000000000000E+00|          0|
 7|   1.300E+02|                      NaN|   0.0000000000000000E+00|          0|
 7|   1.320E+02|                      NaN|   0.0000000000000000E+00|          0|
 7|   1.340E+02|                      NaN|   0.0000000000000000E+00|          0|
 7|   1.360E+02|                      NaN|   0.0000000000000000E+00|          0|
 7|   1.380E+02|                      NaN|   0.0000000000000000E+00|          0|
 7|   1.400E+02|                      NaN|   0.0000000000000000E+00|          0|
 7|   1.420E+02|                      NaN|   0.0000000000000000E+00|          0|
 7|   1.440E+02|                      NaN|   0.0000000000000000E+00|          0|
 7|   1.460E+02|                      NaN|   0.0000000000000000E+00|          0|
 7|   1.480E+02|                      NaN|   0.0000000000000000E+00|          0|
 7|   1.500E+02|                      NaN|   0.0000000000000000E+00|          0|
 7|   1.520E+02|                      NaN|   0.0000000000000000E+00|          0|
 7|   1.540E+02|                      NaN|   0.0000000000000000E+00|          0|
 7|   1.560E+02|                      NaN|   0.0000000000000000E+00|          0|
 7|   1.580E+02|                      NaN|   0.0000000000000000E+00|          0|
 7|   1.600E+02|                      NaN|   0.0000000000000000E+00|          0|
 7|   1.620E+02|                      NaN|   0.0000000000000000E+00|          0|
 7|   1.640E+02|                      NaN|   0.0000000000000000E+00|          0|
 7|   1.660E+02|                      NaN|   0.0000000000000000E+00|          0|
 7|   1.680E+02|                      NaN|   0.0000000000000000E+00|          0|
 7|   1.700E+02|                      NaN|   0.0000000000000000E+00|          0|
 7|   1.720E+02|                      NaN|   0.0000000000000000E+00|          0|
 7|   1.740E+02|                      NaN|   0.0000000000000000E+00|          0|
 7|   1.760E+02|                      NaN|   0.0000000000000000E+00|          0|
 7|   1.780E+02|                      NaN|   0.0000000000000000E+00|          0|
 7|   1.800E+02|                      NaN|   0.0000000000000000E+00|          0|
 7|   1.820E+02|                      NaN|   0.0000000000000000E+00|          0|
 7|   1.840E+02|                      NaN|   0.0000000000000000E+00|          0|
 7|   1.860E+02|                      NaN|   0.0000000000000000E+00|          0|
 7|   1.880E+02|                      NaN|   0.0000000000000000E+00|          0|
 7|   1.900E+02|                      NaN|   0.0000000000000000E+00|          0|
 7|   1.920E+02|                      NaN|   0.0000000000000000E+00|          0|
 7|   1.940E+02|                      NaN|   0.0000000000000000E+00|          0|
 7|   1.960E+02|                      NaN|   0.0000000000000000E+00|          0|
 7|   1.980E+02|                      NaN|   0.0000000000000000E+00|          0|
# integrated result:   2.1734495264880651E-06
#
# Histogram 8: m_4l                                              
 8|   1.000E+02|                 Infinity|   6.4126283831073411E-03|      24318|
 8|   1.400E+02|                      NaN|   0.0000000000000000E+00|          0|
 8|   1.800E+02|                      NaN|   0.0000000000000000E+00|          0|
 8|   2.200E+02|                      NaN|   0.0000000000000000E+00|          0|
 8|   2.600E+02|                      NaN|   0.0000000000000000E+00|          0|
 8|   3.000E+02|                      NaN|   0.0000000000000000E+00|          0|
 8|   3.400E+02|                      NaN|   0.0000000000000000E+00|          0|
 8|   3.800E+02|                      NaN|   0.0000000000000000E+00|          0|
 8|   4.200E+02|                      NaN|   0.0000000000000000E+00|          0|
 8|   4.600E+02|                      NaN|   0.0000000000000000E+00|          0|
 8|   5.000E+02|                      NaN|   0.0000000000000000E+00|          0|
 8|   5.400E+02|                      NaN|   0.0000000000000000E+00|          0|
 8|   5.800E+02|                      NaN|   0.0000000000000000E+00|          0|
 8|   6.200E+02|                      NaN|   0.0000000000000000E+00|          0|
 8|   6.600E+02|                      NaN|   0.0000000000000000E+00|          0|
 8|   7.000E+02|                      NaN|   0.0000000000000000E+00|          0|
 8|   7.400E+02|                      NaN|   0.0000000000000000E+00|          0|
 8|   7.800E+02|                      NaN|   0.0000000000000000E+00|          0|
 8|   8.200E+02|                      NaN|   0.0000000000000000E+00|          0|
 8|   8.600E+02|                      NaN|   0.0000000000000000E+00|          0|
 8|   9.000E+02|                      NaN|   0.0000000000000000E+00|          0|
 8|   9.400E+02|                      NaN|   0.0000000000000000E+00|          0|
 8|   9.800E+02|                      NaN|   0.0000000000000000E+00|          0|
 8|   1.020E+03|                      NaN|   0.0000000000000000E+00|          0|
 8|   1.060E+03|                      NaN|   0.0000000000000000E+00|          0|
 8|   1.100E+03|                      NaN|   0.0000000000000000E+00|          0|
 8|   1.140E+03|                      NaN|   0.0000000000000000E+00|          0|
 8|   1.180E+03|                      NaN|   0.0000000000000000E+00|          0|
 8|   1.220E+03|                      NaN|   0.0000000000000000E+00|          0|
 8|   1.260E+03|                      NaN|   0.0000000000000000E+00|          0|
 8|   1.300E+03|                      NaN|   0.0000000000000000E+00|          0|
 8|   1.340E+03|                      NaN|   0.0000000000000000E+00|          0|
 8|   1.380E+03|                      NaN|   0.0000000000000000E+00|          0|
 8|   1.420E+03|                      NaN|   0.0000000000000000E+00|          0|
 8|   1.460E+03|                      NaN|   0.0000000000000000E+00|          0|
 8|   1.500E+03|                      NaN|   0.0000000000000000E+00|          0|
 8|   1.540E+03|                      NaN|   0.0000000000000000E+00|          0|
 8|   1.580E+03|                      NaN|   0.0000000000000000E+00|          0|
 8|   1.620E+03|                      NaN|   0.0000000000000000E+00|          0|
 8|   1.660E+03|                      NaN|   0.0000000000000000E+00|          0|
 8|   1.700E+03|                      NaN|   0.0000000000000000E+00|          0|
 8|   1.740E+03|                      NaN|   0.0000000000000000E+00|          0|
 8|   1.780E+03|                      NaN|   0.0000000000000000E+00|          0|
 8|   1.820E+03|                      NaN|   0.0000000000000000E+00|          0|
 8|   1.860E+03|                      NaN|   0.0000000000000000E+00|          0|
 8|   1.900E+03|                      NaN|   0.0000000000000000E+00|          0|
 8|   1.940E+03|                      NaN|   0.0000000000000000E+00|          0|
 8|   1.980E+03|                      NaN|   0.0000000000000000E+00|          0|
 8|   2.020E+03|                      NaN|   0.0000000000000000E+00|          0|
 8|   2.060E+03|                      NaN|   0.0000000000000000E+00|          0|
 8|   2.100E+03|                      NaN|   0.0000000000000000E+00|          0|
 8|   2.140E+03|                      NaN|   0.0000000000000000E+00|          0|
 8|   2.180E+03|                      NaN|   0.0000000000000000E+00|          0|
 8|   2.220E+03|                      NaN|   0.0000000000000000E+00|          0|
 8|   2.260E+03|                      NaN|   0.0000000000000000E+00|          0|
 8|   2.300E+03|                      NaN|   0.0000000000000000E+00|          0|
 8|   2.340E+03|                      NaN|   0.0000000000000000E+00|          0|
 8|   2.380E+03|                      NaN|   0.0000000000000000E+00|          0|
 8|   2.420E+03|                      NaN|   0.0000000000000000E+00|          0|
 8|   2.460E+03|                      NaN|   0.0000000000000000E+00|          0|
 8|   2.500E+03|                      NaN|   0.0000000000000000E+00|          0|
 8|   2.540E+03|                      NaN|   0.0000000000000000E+00|          0|
 8|   2.580E+03|                      NaN|   0.0000000000000000E+00|          0|
 8|   2.620E+03|                      NaN|   0.0000000000000000E+00|          0|
 8|   2.660E+03|                      NaN|   0.0000000000000000E+00|          0|
 8|   2.700E+03|                      NaN|   0.0000000000000000E+00|          0|
 8|   2.740E+03|                      NaN|   0.0000000000000000E+00|          0|
 8|   2.780E+03|                      NaN|   0.0000000000000000E+00|          0|
 8|   2.820E+03|                      NaN|   0.0000000000000000E+00|          0|
 8|   2.860E+03|                      NaN|   0.0000000000000000E+00|          0|
 8|   2.900E+03|                      NaN|   0.0000000000000000E+00|          0|
 8|   2.940E+03|                      NaN|   0.0000000000000000E+00|          0|
 8|   2.980E+03|                      NaN|   0.0000000000000000E+00|          0|
 8|   3.020E+03|                      NaN|   0.0000000000000000E+00|          0|
 8|   3.060E+03|                      NaN|   0.0000000000000000E+00|          0|
 8|   3.100E+03|                      NaN|   0.0000000000000000E+00|          0|
 8|   3.140E+03|                      NaN|   0.0000000000000000E+00|          0|
 8|   3.180E+03|                      NaN|   0.0000000000000000E+00|          0|
 8|   3.220E+03|                      NaN|   0.0000000000000000E+00|          0|
 8|   3.260E+03|                      NaN|   0.0000000000000000E+00|          0|
 8|   3.300E+03|                      NaN|   0.0000000000000000E+00|          0|
 8|   3.340E+03|                      NaN|   0.0000000000000000E+00|          0|
 8|   3.380E+03|                      NaN|   0.0000000000000000E+00|          0|
 8|   3.420E+03|                      NaN|   0.0000000000000000E+00|          0|
 8|   3.460E+03|                      NaN|   0.0000000000000000E+00|          0|
 8|   3.500E+03|                      NaN|   0.0000000000000000E+00|          0|
 8|   3.540E+03|                      NaN|   0.0000000000000000E+00|          0|
 8|   3.580E+03|                      NaN|   0.0000000000000000E+00|          0|
 8|   3.620E+03|                      NaN|   0.0000000000000000E+00|          0|
 8|   3.660E+03|                      NaN|   0.0000000000000000E+00|          0|
 8|   3.700E+03|                      NaN|   0.0000000000000000E+00|          0|
 8|   3.740E+03|                      NaN|   0.0000000000000000E+00|          0|
 8|   3.780E+03|                      NaN|   0.0000000000000000E+00|          0|
 8|   3.820E+03|                      NaN|   0.0000000000000000E+00|          0|
 8|   3.860E+03|                      NaN|   0.0000000000000000E+00|          0|
 8|   3.900E+03|                      NaN|   0.0000000000000000E+00|          0|
 8|   3.940E+03|                      NaN|   0.0000000000000000E+00|          0|
 8|   3.980E+03|                      NaN|   0.0000000000000000E+00|          0|
 8|   4.020E+03|                      NaN|   0.0000000000000000E+00|          0|
 8|   4.060E+03|                      NaN|   0.0000000000000000E+00|          0|
# integrated result:   2.1734495264880698E-06
#
# Histogram 9: m_4l                                              
 9|   8.500E+01|                      NaN|   0.0000000000000000E+00|          0|
 9|   8.600E+01|                      NaN|   0.0000000000000000E+00|          0|
 9|   8.700E+01|                      NaN|   0.0000000000000000E+00|          0|
 9|   8.800E+01|                      NaN|   0.0000000000000000E+00|          0|
 9|   8.900E+01|                      NaN|   0.0000000000000000E+00|          0|
 9|   9.000E+01|                      NaN|   0.0000000000000000E+00|          0|
 9|   9.100E+01|                      NaN|   0.0000000000000000E+00|          0|
 9|   9.200E+01|                      NaN|   0.0000000000000000E+00|          0|
 9|   9.300E+01|                      NaN|   0.0000000000000000E+00|          0|
 9|   9.400E+01|                      NaN|   0.0000000000000000E+00|          0|
 9|   9.500E+01|                      NaN|   0.0000000000000000E+00|          0|
 9|   9.600E+01|                      NaN|   0.0000000000000000E+00|          0|
 9|   9.700E+01|                      NaN|   0.0000000000000000E+00|          0|
 9|   9.800E+01|                      NaN|   0.0000000000000000E+00|          0|
 9|   9.900E+01|                      NaN|   0.0000000000000000E+00|          0|
 9|   1.000E+02|                      NaN|   0.0000000000000000E+00|          0|
 9|   1.010E+02|                      NaN|   0.0000000000000000E+00|          0|
 9|   1.020E+02|                      NaN|   0.0000000000000000E+00|          0|
 9|   1.030E+02|                      NaN|   0.0000000000000000E+00|          0|
 9|   1.040E+02|                      NaN|   0.0000000000000000E+00|          0|
 9|   1.050E+02|                      NaN|   0.0000000000000000E+00|          0|
 9|   1.060E+02|                      NaN|   0.0000000000000000E+00|          0|
 9|   1.070E+02|                      NaN|   0.0000000000000000E+00|          0|
 9|   1.080E+02|                      NaN|   0.0000000000000000E+00|          0|
 9|   1.090E+02|                      NaN|   0.0000000000000000E+00|          0|
 9|   1.100E+02|                      NaN|   0.0000000000000000E+00|          0|
 9|   1.110E+02|                      NaN|   0.0000000000000000E+00|          0|
 9|   1.120E+02|                      NaN|   0.0000000000000000E+00|          0|
 9|   1.130E+02|                      NaN|   0.0000000000000000E+00|          0|
 9|   1.140E+02|                      NaN|   0.0000000000000000E+00|          0|
 9|   1.150E+02|                      NaN|   0.0000000000000000E+00|          0|
 9|   1.160E+02|                      NaN|   0.0000000000000000E+00|          0|
 9|   1.170E+02|                      NaN|   0.0000000000000000E+00|          0|
 9|   1.180E+02|                      NaN|   0.0000000000000000E+00|          0|
 9|   1.190E+02|                      NaN|   0.0000000000000000E+00|          0|
 9|   1.200E+02|                      NaN|   0.0000000000000000E+00|          0|
 9|   1.210E+02|                      NaN|   0.0000000000000000E+00|          0|
 9|   1.220E+02|                      NaN|   0.0000000000000000E+00|          0|
 9|   1.230E+02|                      NaN|   0.0000000000000000E+00|          0|
 9|   1.240E+02|                 Infinity|   9.5668596321715239E-03|      10926|
 9|   1.250E+02|                 Infinity|   8.6412641227535444E-03|      13392|
 9|   1.260E+02|                      NaN|   0.0000000000000000E+00|          0|
 9|   1.270E+02|                      NaN|   0.0000000000000000E+00|          0|
 9|   1.280E+02|                      NaN|   0.0000000000000000E+00|          0|
 9|   1.290E+02|                      NaN|   0.0000000000000000E+00|          0|
 9|   1.300E+02|                      NaN|   0.0000000000000000E+00|          0|
 9|   1.310E+02|                      NaN|   0.0000000000000000E+00|          0|
 9|   1.320E+02|                      NaN|   0.0000000000000000E+00|          0|
 9|   1.330E+02|                      NaN|   0.0000000000000000E+00|          0|
 9|   1.340E+02|                      NaN|   0.0000000000000000E+00|          0|
# integrated result:   2.1734495264880567E-06
#
# Histogram10: Phi1                                              
10|  -3.142E+00|                 Infinity|   3.9809371432901648E-02|        631|
10|  -2.985E+00|                 Infinity|   3.8662233651352955E-02|        669|
10|  -2.827E+00|                 Infinity|   3.6735917918532250E-02|        741|
10|  -2.670E+00|                 Infinity|   3.7959480900056165E-02|        694|
10|  -2.513E+00|                 Infinity|   3.8348249442368518E-02|        680|
10|  -2.356E+00|                 Infinity|   3.8604571824109146E-02|        671|
10|  -2.199E+00|                 Infinity|   3.8720154633118314E-02|        667|
10|  -2.042E+00|                 Infinity|   3.9746431675858215E-02|        633|
10|  -1.885E+00|                 Infinity|   3.8895492079220696E-02|        661|
10|  -1.728E+00|                 Infinity|   3.8924947208076148E-02|        660|
10|  -1.571E+00|                 Infinity|   3.9043440472151518E-02|        656|
10|  -1.414E+00|                 Infinity|   3.8152379685825785E-02|        687|
10|  -1.257E+00|                 Infinity|   4.0000000000000001E-02|        625|
10|  -1.100E+00|                 Infinity|   4.0522044923655388E-02|        609|
10|  -9.425E-01|                 Infinity|   4.2447635997800888E-02|        555|
10|  -7.854E-01|                 Infinity|   4.4721359549995794E-02|        500|
10|  -6.283E-01|                 Infinity|   4.6473941234017310E-02|        463|
10|  -4.713E-01|                 Infinity|   4.5738935374634825E-02|        478|
10|  -3.142E-01|                 Infinity|   4.8970210687439175E-02|        417|
10|  -1.571E-01|                 Infinity|   4.8056933133221270E-02|        433|
10|  -3.000E-05|                 Infinity|   4.9629166698546508E-02|        406|
10|   1.570E-01|                 Infinity|   4.9875466805381644E-02|        402|
10|   3.141E-01|                 Infinity|   4.5980048987170286E-02|        473|
10|   4.712E-01|                 Infinity|   4.4992127066584751E-02|        494|
10|   6.283E-01|                 Infinity|   4.4367825470805693E-02|        508|
10|   7.854E-01|                 Infinity|   4.3033148291193521E-02|        540|
10|   9.424E-01|                 Infinity|   4.0522044923655388E-02|        609|
10|   1.100E+00|                 Infinity|   4.0160966445124943E-02|        620|
10|   1.257E+00|                 Infinity|   3.9073233258228181E-02|        655|
10|   1.414E+00|                 Infinity|   3.7397879600338288E-02|        715|
10|   1.571E+00|                 Infinity|   3.7688918072220454E-02|        704|
10|   1.728E+00|                 Infinity|   3.8014296063485276E-02|        692|
10|   1.885E+00|                 Infinity|   3.9103094350288754E-02|        654|
10|   2.042E+00|                 Infinity|   3.8404768632128432E-02|        678|
10|   2.199E+00|                 Infinity|   3.7904902178945168E-02|        696|
10|   2.356E+00|                 Infinity|   3.8291979053374177E-02|        682|
10|   2.513E+00|                 Infinity|   3.8836781869030869E-02|        663|
10|   2.670E+00|                 Infinity|   3.7688918072220454E-02|        704|
10|   2.827E+00|                 Infinity|   3.9223227027636809E-02|        650|
10|   2.984E+00|                 Infinity|   3.9436150336254951E-02|        643|
# integrated result:   2.1734495264880647E-06
#
