#
# column #1=histogram, #2=x-axis bin, #3=binned cross-section, #4=error, #5=number of events 
# this can be easily plotted in gnuplot with the commands:
#    NHi=3
#    plot 'output.dat' using ($2):($1==NHi ? $3 : 1/0) w st
# where NHi selects the histogram
#
#
# run time =      -0.05min
# TotCS =      1.0724499848E-07           2.13157E-08
#
# Histogram 1: m_jj                                              
 1|   0.000E+00|                 Infinity|   1.3506116279031572E-02|       5482|
 1|   5.000E+01|                 Infinity|   1.0331813520548985E-02|       9368|
 1|   1.000E+02|                 Infinity|   1.5719307070490657E-02|       4047|
 1|   1.500E+02|                 Infinity|   2.4544034683690801E-02|       1660|
 1|   2.000E+02|                 Infinity|   3.7904902178945168E-02|        696|
 1|   2.500E+02|                 Infinity|   5.3452248382484871E-02|        350|
 1|   3.000E+02|                 Infinity|   7.6028592126970551E-02|        173|
 1|   3.500E+02|                 Infinity|   1.0976425998969035E-01|         83|
 1|   4.000E+02|                 Infinity|   1.2126781251816648E-01|         68|
 1|   4.500E+02|                 Infinity|   1.8569533817705186E-01|         29|
 1|   5.000E+02|                 Infinity|   1.8569533817705186E-01|         29|
 1|   5.500E+02|                 Infinity|   2.2941573387056174E-01|         19|
 1|   6.000E+02|                 Infinity|   3.3333333333333331E-01|          9|
 1|   6.500E+02|                 Infinity|   3.7796447300922720E-01|          7|
 1|   7.000E+02|                 Infinity|   5.0000000000000000E-01|          4|
 1|   7.500E+02|                 Infinity|   5.7735026918962584E-01|          3|
 1|   8.000E+02|                 Infinity|   7.0710678118654746E-01|          2|
 1|   8.500E+02|                 Infinity|   1.0000000000000000E+00|          1|
 1|   9.000E+02|                      NaN|   0.0000000000000000E+00|          0|
 1|   9.500E+02|                 Infinity|   7.0710678118654746E-01|          2|
 1|   1.000E+03|                      NaN|   0.0000000000000000E+00|          0|
 1|   1.050E+03|                      NaN|   0.0000000000000000E+00|          0|
 1|   1.100E+03|                      NaN|   0.0000000000000000E+00|          0|
 1|   1.150E+03|                 Infinity|   1.0000000000000000E+00|          1|
 1|   1.200E+03|                 Infinity|   5.7735026918962584E-01|          3|
 1|   1.250E+03|                      NaN|   0.0000000000000000E+00|          0|
 1|   1.300E+03|                      NaN|   0.0000000000000000E+00|          0|
 1|   1.350E+03|                      NaN|   0.0000000000000000E+00|          0|
 1|   1.400E+03|                      NaN|   0.0000000000000000E+00|          0|
 1|   1.450E+03|                 Infinity|   7.0710678118654746E-01|          2|
 1|   1.500E+03|                 Infinity|   7.0710678118654746E-01|          2|
 1|   1.550E+03|                      NaN|   0.0000000000000000E+00|          0|
 1|   1.600E+03|                      NaN|   0.0000000000000000E+00|          0|
 1|   1.650E+03|                 Infinity|   7.0710678118654746E-01|          2|
 1|   1.700E+03|                      NaN|   0.0000000000000000E+00|          0|
 1|   1.750E+03|                      NaN|   0.0000000000000000E+00|          0|
 1|   1.800E+03|                      NaN|   0.0000000000000000E+00|          0|
 1|   1.850E+03|                 Infinity|   1.0000000000000000E+00|          1|
 1|   1.900E+03|                      NaN|   0.0000000000000000E+00|          0|
 1|   1.950E+03|                 Infinity|   1.0000000000000000E+00|          1|
 1|   2.000E+03|                      NaN|   0.0000000000000000E+00|          0|
 1|   2.050E+03|                      NaN|   0.0000000000000000E+00|          0|
 1|   2.100E+03|                      NaN|   0.0000000000000000E+00|          0|
 1|   2.150E+03|                      NaN|   0.0000000000000000E+00|          0|
 1|   2.200E+03|                      NaN|   0.0000000000000000E+00|          0|
 1|   2.250E+03|                      NaN|   0.0000000000000000E+00|          0|
 1|   2.300E+03|                      NaN|   0.0000000000000000E+00|          0|
 1|   2.350E+03|                      NaN|   0.0000000000000000E+00|          0|
 1|   2.400E+03|                      NaN|   0.0000000000000000E+00|          0|
 1|   2.450E+03|                      NaN|   0.0000000000000000E+00|          0|
 1|   2.500E+03|                      NaN|   0.0000000000000000E+00|          0|
 1|   2.550E+03|                      NaN|   0.0000000000000000E+00|          0|
 1|   2.600E+03|                      NaN|   0.0000000000000000E+00|          0|
 1|   2.650E+03|                      NaN|   0.0000000000000000E+00|          0|
 1|   2.700E+03|                      NaN|   0.0000000000000000E+00|          0|
 1|   2.750E+03|                      NaN|   0.0000000000000000E+00|          0|
 1|   2.800E+03|                      NaN|   0.0000000000000000E+00|          0|
 1|   2.850E+03|                      NaN|   0.0000000000000000E+00|          0|
 1|   2.900E+03|                      NaN|   0.0000000000000000E+00|          0|
 1|   2.950E+03|                      NaN|   0.0000000000000000E+00|          0|
 1|   3.000E+03|                      NaN|   0.0000000000000000E+00|          0|
 1|   3.050E+03|                      NaN|   0.0000000000000000E+00|          0|
 1|   3.100E+03|                      NaN|   0.0000000000000000E+00|          0|
 1|   3.150E+03|                      NaN|   0.0000000000000000E+00|          0|
 1|   3.200E+03|                      NaN|   0.0000000000000000E+00|          0|
 1|   3.250E+03|                      NaN|   0.0000000000000000E+00|          0|
 1|   3.300E+03|                      NaN|   0.0000000000000000E+00|          0|
 1|   3.350E+03|                      NaN|   0.0000000000000000E+00|          0|
 1|   3.400E+03|                      NaN|   0.0000000000000000E+00|          0|
 1|   3.450E+03|                      NaN|   0.0000000000000000E+00|          0|
 1|   3.500E+03|                      NaN|   0.0000000000000000E+00|          0|
 1|   3.550E+03|                      NaN|   0.0000000000000000E+00|          0|
 1|   3.600E+03|                      NaN|   0.0000000000000000E+00|          0|
 1|   3.650E+03|                      NaN|   0.0000000000000000E+00|          0|
 1|   3.700E+03|                      NaN|   0.0000000000000000E+00|          0|
 1|   3.750E+03|                      NaN|   0.0000000000000000E+00|          0|
 1|   3.800E+03|                      NaN|   0.0000000000000000E+00|          0|
 1|   3.850E+03|                      NaN|   0.0000000000000000E+00|          0|
 1|   3.900E+03|                      NaN|   0.0000000000000000E+00|          0|
 1|   3.950E+03|                      NaN|   0.0000000000000000E+00|          0|
 1|   4.000E+03|                      NaN|   0.0000000000000000E+00|          0|
 1|   4.050E+03|                      NaN|   0.0000000000000000E+00|          0|
 1|   4.100E+03|                      NaN|   0.0000000000000000E+00|          0|
 1|   4.150E+03|                      NaN|   0.0000000000000000E+00|          0|
 1|   4.200E+03|                      NaN|   0.0000000000000000E+00|          0|
 1|   4.250E+03|                      NaN|   0.0000000000000000E+00|          0|
 1|   4.300E+03|                      NaN|   0.0000000000000000E+00|          0|
 1|   4.350E+03|                      NaN|   0.0000000000000000E+00|          0|
 1|   4.400E+03|                      NaN|   0.0000000000000000E+00|          0|
 1|   4.450E+03|                      NaN|   0.0000000000000000E+00|          0|
 1|   4.500E+03|                      NaN|   0.0000000000000000E+00|          0|
 1|   4.550E+03|                      NaN|   0.0000000000000000E+00|          0|
 1|   4.600E+03|                      NaN|   0.0000000000000000E+00|          0|
 1|   4.650E+03|                      NaN|   0.0000000000000000E+00|          0|
 1|   4.700E+03|                      NaN|   0.0000000000000000E+00|          0|
 1|   4.750E+03|                      NaN|   0.0000000000000000E+00|          0|
 1|   4.800E+03|                      NaN|   0.0000000000000000E+00|          0|
 1|   4.850E+03|                      NaN|   0.0000000000000000E+00|          0|
 1|   4.900E+03|                      NaN|   0.0000000000000000E+00|          0|
 1|   4.950E+03|                      NaN|   0.0000000000000000E+00|          0|
# integrated result:   1.0724499848111588E-07
#
# Histogram 2: m_jj                                              
 2|   0.000E+00|                      NaN|   0.0000000000000000E+00|          0|
 2|   2.000E+00|                      NaN|   0.0000000000000000E+00|          0|
 2|   4.000E+00|                      NaN|   0.0000000000000000E+00|          0|
 2|   6.000E+00|                      NaN|   0.0000000000000000E+00|          0|
 2|   8.000E+00|                      NaN|   0.0000000000000000E+00|          0|
 2|   1.000E+01|                      NaN|   0.0000000000000000E+00|          0|
 2|   1.200E+01|                      NaN|   0.0000000000000000E+00|          0|
 2|   1.400E+01|                      NaN|   0.0000000000000000E+00|          0|
 2|   1.600E+01|                      NaN|   0.0000000000000000E+00|          0|
 2|   1.800E+01|                      NaN|   0.0000000000000000E+00|          0|
 2|   2.000E+01|                      NaN|   0.0000000000000000E+00|          0|
 2|   2.200E+01|                      NaN|   0.0000000000000000E+00|          0|
 2|   2.400E+01|                      NaN|   0.0000000000000000E+00|          0|
 2|   2.600E+01|                      NaN|   0.0000000000000000E+00|          0|
 2|   2.800E+01|                      NaN|   0.0000000000000000E+00|          0|
 2|   3.000E+01|                 Infinity|   4.4499415948998478E-02|        505|
 2|   3.200E+01|                 Infinity|   4.3193421279068007E-02|        536|
 2|   3.400E+01|                 Infinity|   4.1666666666666664E-02|        576|
 2|   3.600E+01|                 Infinity|   4.1558581746169131E-02|        579|
 2|   3.800E+01|                 Infinity|   4.2220033092074907E-02|        561|
 2|   4.000E+01|                 Infinity|   4.2409446483998546E-02|        556|
 2|   4.200E+01|                 Infinity|   4.2182454060959780E-02|        562|
 2|   4.400E+01|                 Infinity|   4.3314808182420998E-02|        533|
 2|   4.600E+01|                 Infinity|   4.4022545316281192E-02|        516|
 2|   4.800E+01|                 Infinity|   4.2333375666730171E-02|        558|
 2|   5.000E+01|                 Infinity|   4.3643578047198477E-02|        525|
 2|   5.200E+01|                 Infinity|   4.4901325506693728E-02|        496|
 2|   5.400E+01|                 Infinity|   4.7088160934801108E-02|        451|
 2|   5.600E+01|                 Infinity|   4.5643546458763840E-02|        480|
 2|   5.800E+01|                 Infinity|   4.7457899787624949E-02|        444|
 2|   6.000E+01|                 Infinity|   4.6524210519923545E-02|        462|
 2|   6.200E+01|                 Infinity|   4.7351372381037843E-02|        446|
 2|   6.400E+01|                 Infinity|   5.0000000000000003E-02|        400|
 2|   6.600E+01|                 Infinity|   4.7891314261057569E-02|        436|
 2|   6.800E+01|                 Infinity|   5.0251890762960605E-02|        396|
 2|   7.000E+01|                 Infinity|   5.0000000000000003E-02|        400|
 2|   7.200E+01|                 Infinity|   5.1778037307849772E-02|        373|
 2|   7.400E+01|                 Infinity|   5.1917413165116499E-02|        371|
 2|   7.600E+01|                 Infinity|   5.1031036307982884E-02|        384|
 2|   7.800E+01|                 Infinity|   5.3224629541234948E-02|        353|
 2|   8.000E+01|                 Infinity|   5.2486388108147798E-02|        363|
 2|   8.200E+01|                 Infinity|   5.4717565516458275E-02|        334|
 2|   8.400E+01|                 Infinity|   5.7073014553534959E-02|        307|
 2|   8.600E+01|                 Infinity|   5.8025885318565944E-02|        297|
 2|   8.800E+01|                 Infinity|   5.9339082909692663E-02|        284|
 2|   9.000E+01|                 Infinity|   6.0745673923078697E-02|        271|
 2|   9.200E+01|                 Infinity|   5.7543533764843599E-02|        302|
 2|   9.400E+01|                 Infinity|   6.1429511683395117E-02|        265|
 2|   9.600E+01|                 Infinity|   6.1898446059017294E-02|        261|
 2|   9.800E+01|                 Infinity|   6.1199006136210460E-02|        267|
 2|   1.000E+02|                 Infinity|   6.3372425052447792E-02|        249|
 2|   1.020E+02|                 Infinity|   6.8680281974344518E-02|        212|
 2|   1.040E+02|                 Infinity|   6.9843029576957816E-02|        205|
 2|   1.060E+02|                 Infinity|   6.8199433947047347E-02|        215|
 2|   1.080E+02|                 Infinity|   6.7884423330213065E-02|        217|
 2|   1.100E+02|                 Infinity|   7.4743509275193590E-02|        179|
 2|   1.120E+02|                 Infinity|   6.9171446386607466E-02|        209|
 2|   1.140E+02|                 Infinity|   6.9843029576957816E-02|        205|
 2|   1.160E+02|                 Infinity|   7.9056941504209485E-02|        160|
 2|   1.180E+02|                 Infinity|   7.6249285166302333E-02|        172|
 2|   1.200E+02|                 Infinity|   7.8326044998795738E-02|        163|
 2|   1.220E+02|                 Infinity|   7.9305158571814416E-02|        159|
 2|   1.240E+02|                 Infinity|   8.3624201000709081E-02|        143|
 2|   1.260E+02|                 Infinity|   8.0582296402538028E-02|        154|
 2|   1.280E+02|                 Infinity|   8.2199493652678646E-02|        148|
 2|   1.300E+02|                 Infinity|   8.1110710565381272E-02|        152|
 2|   1.320E+02|                 Infinity|   8.4818892967997092E-02|        139|
 2|   1.340E+02|                 Infinity|   8.7038827977848926E-02|        132|
 2|   1.360E+02|                 Infinity|   9.1669849702821132E-02|        119|
 2|   1.380E+02|                 Infinity|   8.5435765771676095E-02|        137|
 2|   1.400E+02|                 Infinity|   9.0909090909090912E-02|        121|
 2|   1.420E+02|                 Infinity|   8.8045090632562384E-02|        129|
 2|   1.440E+02|                 Infinity|   9.5346258924559238E-02|        110|
 2|   1.460E+02|                 Infinity|   9.4491118252306799E-02|        112|
 2|   1.480E+02|                 Infinity|   9.7128586235726413E-02|        106|
 2|   1.500E+02|                 Infinity|   1.0259783520851541E-01|         95|
 2|   1.520E+02|                 Infinity|   1.0050378152592121E-01|         99|
 2|   1.540E+02|                 Infinity|   1.0721125348377948E-01|         87|
 2|   1.560E+02|                 Infinity|   1.0050378152592121E-01|         99|
 2|   1.580E+02|                 Infinity|   1.1704114719613057E-01|         73|
 2|   1.600E+02|                 Infinity|   1.2309149097933272E-01|         66|
 2|   1.620E+02|                 Infinity|   1.0783277320343841E-01|         86|
 2|   1.640E+02|                 Infinity|   1.1111111111111110E-01|         81|
 2|   1.660E+02|                 Infinity|   1.2500000000000000E-01|         64|
 2|   1.680E+02|                 Infinity|   1.1396057645963795E-01|         77|
 2|   1.700E+02|                 Infinity|   1.1547005383792514E-01|         75|
 2|   1.720E+02|                 Infinity|   1.2803687993289598E-01|         61|
 2|   1.740E+02|                 Infinity|   1.1547005383792514E-01|         75|
 2|   1.760E+02|                 Infinity|   1.2126781251816648E-01|         68|
 2|   1.780E+02|                 Infinity|   1.4744195615489714E-01|         46|
 2|   1.800E+02|                 Infinity|   1.3483997249264842E-01|         55|
 2|   1.820E+02|                 Infinity|   1.4002800840280097E-01|         51|
 2|   1.840E+02|                 Infinity|   1.1704114719613057E-01|         73|
 2|   1.860E+02|                 Infinity|   1.2500000000000000E-01|         64|
 2|   1.880E+02|                 Infinity|   1.3736056394868904E-01|         53|
 2|   1.900E+02|                 Infinity|   1.4586499149789456E-01|         47|
 2|   1.920E+02|                 Infinity|   1.4586499149789456E-01|         47|
 2|   1.940E+02|                 Infinity|   1.4433756729740646E-01|         48|
 2|   1.960E+02|                 Infinity|   1.7149858514250882E-01|         34|
 2|   1.980E+02|                 Infinity|   1.6666666666666666E-01|         36|
# integrated result:   1.0724499848111576E-07
#
# Histogram 3: pT(H)                                             
 3|   0.000E+00|                 Infinity|   2.7703063158526546E-02|       1303|
 3|   1.000E+01|                 Infinity|   2.2953657440244430E-02|       1898|
 3|   2.000E+01|                 Infinity|   2.1811405111984108E-02|       2102|
 3|   3.000E+01|                 Infinity|   2.1471887546694362E-02|       2169|
 3|   4.000E+01|                 Infinity|   2.1785510047514955E-02|       2107|
 3|   5.000E+01|                 Infinity|   2.2327214034455325E-02|       2006|
 3|   6.000E+01|                 Infinity|   2.3008272961461865E-02|       1889|
 3|   7.000E+01|                 Infinity|   2.5086383169282252E-02|       1589|
 3|   8.000E+01|                 Infinity|   2.7767067240353285E-02|       1297|
 3|   9.000E+01|                 Infinity|   2.9552706228277083E-02|       1145|
 3|   1.000E+02|                 Infinity|   3.2738530223582557E-02|        933|
 3|   1.100E+02|                 Infinity|   3.7345684348663553E-02|        717|
 3|   1.200E+02|                 Infinity|   4.1702882811414953E-02|        575|
 3|   1.300E+02|                 Infinity|   4.7891314261057569E-02|        436|
 3|   1.400E+02|                 Infinity|   5.2414241836095915E-02|        364|
 3|   1.500E+02|                 Infinity|   6.0302268915552716E-02|        275|
 3|   1.600E+02|                 Infinity|   6.7573737839948592E-02|        219|
 3|   1.700E+02|                 Infinity|   7.5592894601845442E-02|        175|
 3|   1.800E+02|                 Infinity|   8.9087080637474794E-02|        126|
 3|   1.900E+02|                 Infinity|   9.1669849702821132E-02|        119|
 3|   2.000E+02|                 Infinity|   1.0425720702853739E-01|         92|
 3|   2.100E+02|                 Infinity|   1.1624763874381928E-01|         74|
 3|   2.200E+02|                 Infinity|   1.1470786693528087E-01|         76|
 3|   2.300E+02|                 Infinity|   1.3363062095621220E-01|         56|
 3|   2.400E+02|                 Infinity|   1.6439898730535729E-01|         37|
 3|   2.500E+02|                 Infinity|   1.5430334996209191E-01|         42|
 3|   2.600E+02|                 Infinity|   1.8569533817705186E-01|         29|
 3|   2.700E+02|                 Infinity|   2.1320071635561041E-01|         22|
 3|   2.800E+02|                 Infinity|   1.9611613513818404E-01|         26|
 3|   2.900E+02|                 Infinity|   2.1821789023599239E-01|         21|
 3|   3.000E+02|                 Infinity|   3.1622776601683794E-01|         10|
 3|   3.100E+02|                 Infinity|   2.7735009811261457E-01|         13|
 3|   3.200E+02|                 Infinity|   3.0151134457776363E-01|         11|
 3|   3.300E+02|                 Infinity|   2.7735009811261457E-01|         13|
 3|   3.400E+02|                 Infinity|   3.5355339059327373E-01|          8|
 3|   3.500E+02|                 Infinity|   4.4721359549995793E-01|          5|
 3|   3.600E+02|                 Infinity|   7.0710678118654746E-01|          2|
 3|   3.700E+02|                 Infinity|   4.0824829046386307E-01|          6|
 3|   3.800E+02|                 Infinity|   7.0710678118654746E-01|          2|
 3|   3.900E+02|                 Infinity|   5.0000000000000000E-01|          4|
 3|   4.000E+02|                 Infinity|   4.0824829046386307E-01|          6|
 3|   4.100E+02|                 Infinity|   5.0000000000000000E-01|          4|
 3|   4.200E+02|                 Infinity|   7.0710678118654746E-01|          2|
 3|   4.300E+02|                 Infinity|   3.7796447300922720E-01|          7|
 3|   4.400E+02|                      NaN|   0.0000000000000000E+00|          0|
 3|   4.500E+02|                 Infinity|   1.0000000000000000E+00|          1|
 3|   4.600E+02|                 Infinity|   1.0000000000000000E+00|          1|
 3|   4.700E+02|                 Infinity|   1.0000000000000000E+00|          1|
 3|   4.800E+02|                      NaN|   0.0000000000000000E+00|          0|
 3|   4.900E+02|                 Infinity|   7.0710678118654746E-01|          2|
# integrated result:   1.0724499848111572E-07
#
# Histogram 4: pT(j1)                                            
 4|   0.000E+00|                      NaN|   0.0000000000000000E+00|          0|
 4|   1.000E+01|                 Infinity|   4.6373889576016833E-02|        465|
 4|   2.000E+01|                 Infinity|   2.1551523935197731E-02|       2153|
 4|   3.000E+01|                 Infinity|   1.9338344762674490E-02|       2674|
 4|   4.000E+01|                 Infinity|   1.9072719867469376E-02|       2749|
 4|   5.000E+01|                 Infinity|   2.0016019225635891E-02|       2496|
 4|   6.000E+01|                 Infinity|   2.1536524612697401E-02|       2156|
 4|   7.000E+01|                 Infinity|   2.3094010767585032E-02|       1875|
 4|   8.000E+01|                 Infinity|   2.5229689602299696E-02|       1571|
 4|   9.000E+01|                 Infinity|   2.9160592175990215E-02|       1176|
 4|   1.000E+02|                 Infinity|   3.1686212526223896E-02|        996|
 4|   1.100E+02|                 Infinity|   3.7190400165280094E-02|        723|
 4|   1.200E+02|                 Infinity|   4.0323891927275590E-02|        615|
 4|   1.300E+02|                 Infinity|   4.5360921162651446E-02|        486|
 4|   1.400E+02|                 Infinity|   5.1164451009665081E-02|        382|
 4|   1.500E+02|                 Infinity|   6.3245553203367583E-02|        250|
 4|   1.600E+02|                 Infinity|   6.8518870982753166E-02|        213|
 4|   1.700E+02|                 Infinity|   7.3127242412713067E-02|        187|
 4|   1.800E+02|                 Infinity|   8.1110710565381272E-02|        152|
 4|   1.900E+02|                 Infinity|   9.7128586235726413E-02|        106|
 4|   2.000E+02|                 Infinity|   9.8532927816429319E-02|        103|
 4|   2.100E+02|                 Infinity|   1.0314212462587934E-01|         94|
 4|   2.200E+02|                 Infinity|   1.2700012700019050E-01|         62|
 4|   2.300E+02|                 Infinity|   1.3867504905630729E-01|         52|
 4|   2.400E+02|                 Infinity|   1.4142135623730950E-01|         50|
 4|   2.500E+02|                 Infinity|   1.6012815380508713E-01|         39|
 4|   2.600E+02|                 Infinity|   1.8257418583505536E-01|         30|
 4|   2.700E+02|                 Infinity|   2.0000000000000001E-01|         25|
 4|   2.800E+02|                 Infinity|   2.4253562503633297E-01|         17|
 4|   2.900E+02|                 Infinity|   2.1821789023599239E-01|         21|
 4|   3.000E+02|                 Infinity|   3.0151134457776363E-01|         11|
 4|   3.100E+02|                 Infinity|   2.5000000000000000E-01|         16|
 4|   3.200E+02|                 Infinity|   3.0151134457776363E-01|         11|
 4|   3.300E+02|                 Infinity|   4.4721359549995793E-01|          5|
 4|   3.400E+02|                 Infinity|   3.7796447300922720E-01|          7|
 4|   3.500E+02|                 Infinity|   5.7735026918962584E-01|          3|
 4|   3.600E+02|                 Infinity|   2.8867513459481292E-01|         12|
 4|   3.700E+02|                      NaN|   0.0000000000000000E+00|          0|
 4|   3.800E+02|                 Infinity|   4.4721359549995793E-01|          5|
 4|   3.900E+02|                 Infinity|   4.4721359549995793E-01|          5|
 4|   4.000E+02|                      NaN|   0.0000000000000000E+00|          0|
 4|   4.100E+02|                 Infinity|   7.0710678118654746E-01|          2|
 4|   4.200E+02|                 Infinity|   7.0710678118654746E-01|          2|
 4|   4.300E+02|                 Infinity|   5.0000000000000000E-01|          4|
 4|   4.400E+02|                 Infinity|   1.0000000000000000E+00|          1|
 4|   4.500E+02|                 Infinity|   5.0000000000000000E-01|          4|
 4|   4.600E+02|                 Infinity|   5.7735026918962584E-01|          3|
 4|   4.700E+02|                 Infinity|   7.0710678118654746E-01|          2|
 4|   4.800E+02|                 Infinity|   5.7735026918962584E-01|          3|
 4|   4.900E+02|                 Infinity|   7.0710678118654746E-01|          2|
# integrated result:   1.0724499848111572E-07
#
# Histogram 5: dy(j1,j2)                                         
 5|  -5.000E+00|                      NaN|   0.0000000000000000E+00|          0|
 5|  -4.800E+00|                      NaN|   0.0000000000000000E+00|          0|
 5|  -4.600E+00|                      NaN|   0.0000000000000000E+00|          0|
 5|  -4.400E+00|                 Infinity|   7.0710678118654746E-01|          2|
 5|  -4.200E+00|                 Infinity|   5.7735026918962584E-01|          3|
 5|  -4.000E+00|                 Infinity|   5.0000000000000000E-01|          4|
 5|  -3.800E+00|                 Infinity|   5.0000000000000000E-01|          4|
 5|  -3.600E+00|                 Infinity|   3.1622776601683794E-01|         10|
 5|  -3.400E+00|                 Infinity|   2.1821789023599239E-01|         21|
 5|  -3.200E+00|                 Infinity|   2.3570226039551587E-01|         18|
 5|  -3.000E+00|                 Infinity|   1.4907119849998599E-01|         45|
 5|  -2.800E+00|                 Infinity|   1.2598815766974239E-01|         63|
 5|  -2.600E+00|                 Infinity|   9.4915799575249898E-02|        111|
 5|  -2.400E+00|                 Infinity|   8.0064076902543566E-02|        156|
 5|  -2.200E+00|                 Infinity|   6.7884423330213065E-02|        217|
 5|  -2.000E+00|                 Infinity|   6.1313933948496581E-02|        266|
 5|  -1.800E+00|                 Infinity|   5.1778037307849772E-02|        373|
 5|  -1.600E+00|                 Infinity|   4.5834924851410566E-02|        476|
 5|  -1.400E+00|                 Infinity|   3.6661778755338326E-02|        744|
 5|  -1.200E+00|                 Infinity|   3.2108064953396777E-02|        970|
 5|  -1.000E+00|                 Infinity|   2.9025161208007102E-02|       1187|
 5|  -8.000E-01|                 Infinity|   2.7756369082668444E-02|       1298|
 5|  -6.000E-01|                 Infinity|   2.5657900289539272E-02|       1519|
 5|  -4.000E-01|                 Infinity|   2.4860550508181419E-02|       1618|
 5|  -2.000E-01|                 Infinity|   2.1516574145596760E-02|       2160|
 5|   0.000E+00|                 Infinity|   1.7444809066301296E-02|       3286|
 5|   2.000E-01|                 Infinity|   2.2833668863877152E-02|       1918|
 5|   4.000E-01|                 Infinity|   2.5845747658187181E-02|       1497|
 5|   6.000E-01|                 Infinity|   2.7046790851991440E-02|       1367|
 5|   8.000E-01|                 Infinity|   3.2633766658241879E-02|        939|
 5|   1.000E+00|                 Infinity|   4.1309619238601381E-02|        586|
 5|   1.200E+00|                 Infinity|   5.0572173742417362E-02|        391|
 5|   1.400E+00|                 Infinity|   6.4549722436790274E-02|        240|
 5|   1.600E+00|                 Infinity|   7.2739296745330792E-02|        189|
 5|   1.800E+00|                 Infinity|   8.8045090632562384E-02|        129|
 5|   2.000E+00|                 Infinity|   1.1952286093343936E-01|         70|
 5|   2.200E+00|                 Infinity|   1.3867504905630729E-01|         52|
 5|   2.400E+00|                 Infinity|   1.8898223650461360E-01|         28|
 5|   2.600E+00|                 Infinity|   1.7960530202677491E-01|         31|
 5|   2.800E+00|                 Infinity|   2.5819888974716110E-01|         15|
 5|   3.000E+00|                 Infinity|   2.6726124191242440E-01|         14|
 5|   3.200E+00|                 Infinity|   3.7796447300922720E-01|          7|
 5|   3.400E+00|                 Infinity|   3.1622776601683794E-01|         10|
 5|   3.600E+00|                 Infinity|   5.0000000000000000E-01|          4|
 5|   3.800E+00|                 Infinity|   7.0710678118654746E-01|          2|
 5|   4.000E+00|                 Infinity|   1.0000000000000000E+00|          1|
 5|   4.200E+00|                 Infinity|   1.0000000000000000E+00|          1|
 5|   4.400E+00|                      NaN|   0.0000000000000000E+00|          0|
 5|   4.600E+00|                 Infinity|   1.0000000000000000E+00|          1|
 5|   4.800E+00|                      NaN|   0.0000000000000000E+00|          0|
# integrated result:   1.0724499848111574E-07
#
# Histogram 6: mz1                                               
 6|   0.000E+00|                      NaN|   0.0000000000000000E+00|          0|
 6|   2.000E+00|                      NaN|   0.0000000000000000E+00|          0|
 6|   4.000E+00|                 Infinity|   1.9051939705278707E-02|       2755|
 6|   6.000E+00|                 Infinity|   2.8352398856187136E-02|       1244|
 6|   8.000E+00|                 Infinity|   2.7618408833305373E-02|       1311|
 6|   1.000E+01|                 Infinity|   3.4319911152729012E-02|        849|
 6|   1.200E+01|                 Infinity|   3.9840953644479787E-02|        630|
 6|   1.400E+01|                 Infinity|   4.6625240412015691E-02|        460|
 6|   1.600E+01|                 Infinity|   5.2925612402496311E-02|        357|
 6|   1.800E+01|                 Infinity|   6.4549722436790274E-02|        240|
 6|   2.000E+01|                 Infinity|   5.4964970992931267E-02|        331|
 6|   2.200E+01|                 Infinity|   5.1847584736521263E-02|        372|
 6|   2.400E+01|                 Infinity|   7.2357460529242162E-02|        191|
 6|   2.600E+01|                 Infinity|   8.0064076902543566E-02|        156|
 6|   2.800E+01|                 Infinity|   7.2739296745330792E-02|        189|
 6|   3.000E+01|                 Infinity|   1.0540925533894598E-01|         90|
 6|   3.200E+01|                 Infinity|   1.2803687993289598E-01|         61|
 6|   3.400E+01|                 Infinity|   1.5430334996209191E-01|         42|
 6|   3.600E+01|                 Infinity|   1.4142135623730950E-01|         50|
 6|   3.800E+01|                 Infinity|   8.7038827977848926E-02|        132|
 6|   4.000E+01|                 Infinity|   8.2760588860236795E-02|        146|
 6|   4.200E+01|                 Infinity|   8.1923192051904056E-02|        149|
 6|   4.400E+01|                 Infinity|   8.0064076902543566E-02|        156|
 6|   4.600E+01|                 Infinity|   6.9337524528153643E-02|        208|
 6|   4.800E+01|                 Infinity|   6.6815310478106099E-02|        224|
 6|   5.000E+01|                 Infinity|   6.9673301429161769E-02|        206|
 6|   5.200E+01|                 Infinity|   7.2547625011001163E-02|        190|
 6|   5.400E+01|                 Infinity|   7.0710678118654752E-02|        200|
 6|   5.600E+01|                 Infinity|   6.5653216429861272E-02|        232|
 6|   5.800E+01|                 Infinity|   6.1429511683395117E-02|        265|
 6|   6.000E+01|                 Infinity|   4.7351372381037843E-02|        446|
 6|   6.200E+01|                 Infinity|   4.2333375666730171E-02|        558|
 6|   6.400E+01|                 Infinity|   1.0976425998969035E-01|         83|
 6|   6.600E+01|                 Infinity|   1.5249857033260467E-01|         43|
 6|   6.800E+01|                 Infinity|   1.7407765595569785E-01|         33|
 6|   7.000E+01|                 Infinity|   1.3867504905630729E-01|         52|
 6|   7.200E+01|                 Infinity|   1.2403473458920847E-01|         65|
 6|   7.400E+01|                 Infinity|   1.0846522890932808E-01|         85|
 6|   7.600E+01|                 Infinity|   1.0846522890932808E-01|         85|
 6|   7.800E+01|                 Infinity|   7.6696498884737035E-02|        170|
 6|   8.000E+01|                 Infinity|   5.6165595630173037E-02|        317|
 6|   8.200E+01|                 Infinity|   4.6726931351599776E-02|        458|
 6|   8.400E+01|                 Infinity|   4.4946657497549475E-02|        495|
 6|   8.600E+01|                 Infinity|   5.2558833122763673E-02|        362|
 6|   8.800E+01|                 Infinity|   3.3149677206589796E-02|        910|
 6|   9.000E+01|                 Infinity|   1.7708131581681406E-02|       3189|
 6|   9.200E+01|                 Infinity|   2.3008272961461865E-02|       1889|
 6|   9.400E+01|                 Infinity|   4.6473941234017310E-02|        463|
 6|   9.600E+01|                 Infinity|   5.8621038176054921E-02|        291|
 6|   9.800E+01|                 Infinity|   8.3918135829668908E-02|        142|
 6|   1.000E+02|                 Infinity|   1.0721125348377948E-01|         87|
 6|   1.020E+02|                 Infinity|   1.1043152607484653E-01|         82|
 6|   1.040E+02|                 Infinity|   1.3483997249264842E-01|         55|
 6|   1.060E+02|                 Infinity|   1.0000000000000001E-01|        100|
 6|   1.080E+02|                 Infinity|   1.2598815766974239E-01|         63|
 6|   1.100E+02|                 Infinity|   1.3018891098082389E-01|         59|
 6|   1.120E+02|                 Infinity|   2.5000000000000000E-01|         16|
 6|   1.140E+02|                 Infinity|   3.5355339059327373E-01|          8|
 6|   1.160E+02|                 Infinity|   1.0000000000000000E+00|          1|
 6|   1.180E+02|                 Infinity|   1.0000000000000000E+00|          1|
 6|   1.200E+02|                      NaN|   0.0000000000000000E+00|          0|
 6|   1.220E+02|                      NaN|   0.0000000000000000E+00|          0|
 6|   1.240E+02|                      NaN|   0.0000000000000000E+00|          0|
 6|   1.260E+02|                      NaN|   0.0000000000000000E+00|          0|
 6|   1.280E+02|                      NaN|   0.0000000000000000E+00|          0|
 6|   1.300E+02|                      NaN|   0.0000000000000000E+00|          0|
 6|   1.320E+02|                      NaN|   0.0000000000000000E+00|          0|
 6|   1.340E+02|                      NaN|   0.0000000000000000E+00|          0|
 6|   1.360E+02|                      NaN|   0.0000000000000000E+00|          0|
 6|   1.380E+02|                      NaN|   0.0000000000000000E+00|          0|
 6|   1.400E+02|                      NaN|   0.0000000000000000E+00|          0|
 6|   1.420E+02|                      NaN|   0.0000000000000000E+00|          0|
 6|   1.440E+02|                      NaN|   0.0000000000000000E+00|          0|
 6|   1.460E+02|                      NaN|   0.0000000000000000E+00|          0|
 6|   1.480E+02|                      NaN|   0.0000000000000000E+00|          0|
 6|   1.500E+02|                      NaN|   0.0000000000000000E+00|          0|
 6|   1.520E+02|                      NaN|   0.0000000000000000E+00|          0|
 6|   1.540E+02|                      NaN|   0.0000000000000000E+00|          0|
 6|   1.560E+02|                      NaN|   0.0000000000000000E+00|          0|
 6|   1.580E+02|                      NaN|   0.0000000000000000E+00|          0|
 6|   1.600E+02|                      NaN|   0.0000000000000000E+00|          0|
 6|   1.620E+02|                      NaN|   0.0000000000000000E+00|          0|
 6|   1.640E+02|                      NaN|   0.0000000000000000E+00|          0|
 6|   1.660E+02|                      NaN|   0.0000000000000000E+00|          0|
 6|   1.680E+02|                      NaN|   0.0000000000000000E+00|          0|
 6|   1.700E+02|                      NaN|   0.0000000000000000E+00|          0|
 6|   1.720E+02|                      NaN|   0.0000000000000000E+00|          0|
 6|   1.740E+02|                      NaN|   0.0000000000000000E+00|          0|
 6|   1.760E+02|                      NaN|   0.0000000000000000E+00|          0|
 6|   1.780E+02|                      NaN|   0.0000000000000000E+00|          0|
 6|   1.800E+02|                      NaN|   0.0000000000000000E+00|          0|
 6|   1.820E+02|                      NaN|   0.0000000000000000E+00|          0|
 6|   1.840E+02|                      NaN|   0.0000000000000000E+00|          0|
 6|   1.860E+02|                      NaN|   0.0000000000000000E+00|          0|
 6|   1.880E+02|                      NaN|   0.0000000000000000E+00|          0|
 6|   1.900E+02|                      NaN|   0.0000000000000000E+00|          0|
 6|   1.920E+02|                      NaN|   0.0000000000000000E+00|          0|
 6|   1.940E+02|                      NaN|   0.0000000000000000E+00|          0|
 6|   1.960E+02|                      NaN|   0.0000000000000000E+00|          0|
 6|   1.980E+02|                      NaN|   0.0000000000000000E+00|          0|
# integrated result:   1.0724499848111589E-07
#
# Histogram 7: mz2                                               
 7|   0.000E+00|                      NaN|   0.0000000000000000E+00|          0|
 7|   2.000E+00|                      NaN|   0.0000000000000000E+00|          0|
 7|   4.000E+00|                 Infinity|   3.0758312596043249E-02|       1057|
 7|   6.000E+00|                 Infinity|   3.1878835653166911E-02|        984|
 7|   8.000E+00|                 Infinity|   2.9297936765452382E-02|       1165|
 7|   1.000E+01|                 Infinity|   3.7662178857735470E-02|        705|
 7|   1.200E+01|                 Infinity|   3.9163022499397869E-02|        652|
 7|   1.400E+01|                 Infinity|   4.2033135170919861E-02|        566|
 7|   1.600E+01|                 Infinity|   4.1922180815031851E-02|        569|
 7|   1.800E+01|                 Infinity|   4.0927275453502901E-02|        597|
 7|   2.000E+01|                 Infinity|   4.2107596053325952E-02|        564|
 7|   2.200E+01|                 Infinity|   4.2257712736425826E-02|        560|
 7|   2.400E+01|                 Infinity|   4.0961596025952028E-02|        596|
 7|   2.600E+01|                 Infinity|   4.0128617695256406E-02|        621|
 7|   2.800E+01|                 Infinity|   3.6935842757655886E-02|        733|
 7|   3.000E+01|                 Infinity|   3.4773407121036048E-02|        827|
 7|   3.200E+01|                 Infinity|   3.5578403348241000E-02|        790|
 7|   3.400E+01|                 Infinity|   4.3314808182420998E-02|        533|
 7|   3.600E+01|                 Infinity|   5.7166195047502949E-02|        306|
 7|   3.800E+01|                 Infinity|   5.6254395046301198E-02|        316|
 7|   4.000E+01|                 Infinity|   6.0633906259083242E-02|        272|
 7|   4.200E+01|                 Infinity|   8.5125653075874858E-02|        138|
 7|   4.400E+01|                 Infinity|   8.9442719099991588E-02|        125|
 7|   4.600E+01|                 Infinity|   1.0101525445522107E-01|         98|
 7|   4.800E+01|                 Infinity|   9.8058067569092022E-02|        104|
 7|   5.000E+01|                 Infinity|   1.0314212462587934E-01|         94|
 7|   5.200E+01|                 Infinity|   9.2847669088525930E-02|        116|
 7|   5.400E+01|                 Infinity|   9.5782628522115137E-02|        109|
 7|   5.600E+01|                 Infinity|   9.0909090909090912E-02|        121|
 7|   5.800E+01|                 Infinity|   9.6673648904566353E-02|        107|
 7|   6.000E+01|                 Infinity|   8.4818892967997092E-02|        139|
 7|   6.200E+01|                 Infinity|   9.8532927816429319E-02|        103|
 7|   6.400E+01|                 Infinity|   1.0000000000000001E-01|        100|
 7|   6.600E+01|                 Infinity|   1.0721125348377948E-01|         87|
 7|   6.800E+01|                 Infinity|   8.7705801930702931E-02|        130|
 7|   7.000E+01|                 Infinity|   7.3521462209380772E-02|        185|
 7|   7.200E+01|                 Infinity|   5.6613851707229781E-02|        312|
 7|   7.400E+01|                 Infinity|   6.4820372355216441E-02|        238|
 7|   7.600E+01|                 Infinity|   5.8722021951470346E-02|        290|
 7|   7.800E+01|                 Infinity|   5.1571062312939668E-02|        376|
 7|   8.000E+01|                 Infinity|   5.6796183424706478E-02|        310|
 7|   8.200E+01|                 Infinity|   4.6175709653961020E-02|        469|
 7|   8.400E+01|                 Infinity|   3.0164848870338080E-02|       1099|
 7|   8.600E+01|                 Infinity|   3.7397879600338288E-02|        715|
 7|   8.800E+01|                 Infinity|   3.1450273186121945E-02|       1011|
 7|   9.000E+01|                 Infinity|   2.3986954644045835E-02|       1738|
 7|   9.200E+01|                 Infinity|   3.6711154910717615E-02|        742|
 7|   9.400E+01|                 Infinity|   7.1428571428571425E-02|        196|
 7|   9.600E+01|                 Infinity|   1.2598815766974239E-01|         63|
 7|   9.800E+01|                 Infinity|   1.3483997249264842E-01|         55|
 7|   1.000E+02|                 Infinity|   1.5075567228888181E-01|         44|
 7|   1.020E+02|                 Infinity|   1.4586499149789456E-01|         47|
 7|   1.040E+02|                 Infinity|   1.6012815380508713E-01|         39|
 7|   1.060E+02|                 Infinity|   1.3245323570650439E-01|         57|
 7|   1.080E+02|                 Infinity|   1.8257418583505536E-01|         30|
 7|   1.100E+02|                 Infinity|   2.0851441405707477E-01|         23|
 7|   1.120E+02|                 Infinity|   2.7735009811261457E-01|         13|
 7|   1.140E+02|                 Infinity|   3.7796447300922720E-01|          7|
 7|   1.160E+02|                 Infinity|   1.0000000000000000E+00|          1|
 7|   1.180E+02|                      NaN|   0.0000000000000000E+00|          0|
 7|   1.200E+02|                      NaN|   0.0000000000000000E+00|          0|
 7|   1.220E+02|                      NaN|   0.0000000000000000E+00|          0|
 7|   1.240E+02|                      NaN|   0.0000000000000000E+00|          0|
 7|   1.260E+02|                      NaN|   0.0000000000000000E+00|          0|
 7|   1.280E+02|                      NaN|   0.0000000000000000E+00|          0|
 7|   1.300E+02|                      NaN|   0.0000000000000000E+00|          0|
 7|   1.320E+02|                      NaN|   0.0000000000000000E+00|          0|
 7|   1.340E+02|                      NaN|   0.0000000000000000E+00|          0|
 7|   1.360E+02|                      NaN|   0.0000000000000000E+00|          0|
 7|   1.380E+02|                      NaN|   0.0000000000000000E+00|          0|
 7|   1.400E+02|                      NaN|   0.0000000000000000E+00|          0|
 7|   1.420E+02|                      NaN|   0.0000000000000000E+00|          0|
 7|   1.440E+02|                      NaN|   0.0000000000000000E+00|          0|
 7|   1.460E+02|                      NaN|   0.0000000000000000E+00|          0|
 7|   1.480E+02|                      NaN|   0.0000000000000000E+00|          0|
 7|   1.500E+02|                      NaN|   0.0000000000000000E+00|          0|
 7|   1.520E+02|                      NaN|   0.0000000000000000E+00|          0|
 7|   1.540E+02|                      NaN|   0.0000000000000000E+00|          0|
 7|   1.560E+02|                      NaN|   0.0000000000000000E+00|          0|
 7|   1.580E+02|                      NaN|   0.0000000000000000E+00|          0|
 7|   1.600E+02|                      NaN|   0.0000000000000000E+00|          0|
 7|   1.620E+02|                      NaN|   0.0000000000000000E+00|          0|
 7|   1.640E+02|                      NaN|   0.0000000000000000E+00|          0|
 7|   1.660E+02|                      NaN|   0.0000000000000000E+00|          0|
 7|   1.680E+02|                      NaN|   0.0000000000000000E+00|          0|
 7|   1.700E+02|                      NaN|   0.0000000000000000E+00|          0|
 7|   1.720E+02|                      NaN|   0.0000000000000000E+00|          0|
 7|   1.740E+02|                      NaN|   0.0000000000000000E+00|          0|
 7|   1.760E+02|                      NaN|   0.0000000000000000E+00|          0|
 7|   1.780E+02|                      NaN|   0.0000000000000000E+00|          0|
 7|   1.800E+02|                      NaN|   0.0000000000000000E+00|          0|
 7|   1.820E+02|                      NaN|   0.0000000000000000E+00|          0|
 7|   1.840E+02|                      NaN|   0.0000000000000000E+00|          0|
 7|   1.860E+02|                      NaN|   0.0000000000000000E+00|          0|
 7|   1.880E+02|                      NaN|   0.0000000000000000E+00|          0|
 7|   1.900E+02|                      NaN|   0.0000000000000000E+00|          0|
 7|   1.920E+02|                      NaN|   0.0000000000000000E+00|          0|
 7|   1.940E+02|                      NaN|   0.0000000000000000E+00|          0|
 7|   1.960E+02|                      NaN|   0.0000000000000000E+00|          0|
 7|   1.980E+02|                      NaN|   0.0000000000000000E+00|          0|
# integrated result:   1.0724499848111581E-07
#
# Histogram 8: m_4l                                              
 8|   1.000E+02|                 Infinity|   6.7352667221801726E-03|      22044|
 8|   1.400E+02|                      NaN|   0.0000000000000000E+00|          0|
 8|   1.800E+02|                      NaN|   0.0000000000000000E+00|          0|
 8|   2.200E+02|                      NaN|   0.0000000000000000E+00|          0|
 8|   2.600E+02|                      NaN|   0.0000000000000000E+00|          0|
 8|   3.000E+02|                      NaN|   0.0000000000000000E+00|          0|
 8|   3.400E+02|                      NaN|   0.0000000000000000E+00|          0|
 8|   3.800E+02|                      NaN|   0.0000000000000000E+00|          0|
 8|   4.200E+02|                      NaN|   0.0000000000000000E+00|          0|
 8|   4.600E+02|                      NaN|   0.0000000000000000E+00|          0|
 8|   5.000E+02|                      NaN|   0.0000000000000000E+00|          0|
 8|   5.400E+02|                      NaN|   0.0000000000000000E+00|          0|
 8|   5.800E+02|                      NaN|   0.0000000000000000E+00|          0|
 8|   6.200E+02|                      NaN|   0.0000000000000000E+00|          0|
 8|   6.600E+02|                      NaN|   0.0000000000000000E+00|          0|
 8|   7.000E+02|                      NaN|   0.0000000000000000E+00|          0|
 8|   7.400E+02|                      NaN|   0.0000000000000000E+00|          0|
 8|   7.800E+02|                      NaN|   0.0000000000000000E+00|          0|
 8|   8.200E+02|                      NaN|   0.0000000000000000E+00|          0|
 8|   8.600E+02|                      NaN|   0.0000000000000000E+00|          0|
 8|   9.000E+02|                      NaN|   0.0000000000000000E+00|          0|
 8|   9.400E+02|                      NaN|   0.0000000000000000E+00|          0|
 8|   9.800E+02|                      NaN|   0.0000000000000000E+00|          0|
 8|   1.020E+03|                      NaN|   0.0000000000000000E+00|          0|
 8|   1.060E+03|                      NaN|   0.0000000000000000E+00|          0|
 8|   1.100E+03|                      NaN|   0.0000000000000000E+00|          0|
 8|   1.140E+03|                      NaN|   0.0000000000000000E+00|          0|
 8|   1.180E+03|                      NaN|   0.0000000000000000E+00|          0|
 8|   1.220E+03|                      NaN|   0.0000000000000000E+00|          0|
 8|   1.260E+03|                      NaN|   0.0000000000000000E+00|          0|
 8|   1.300E+03|                      NaN|   0.0000000000000000E+00|          0|
 8|   1.340E+03|                      NaN|   0.0000000000000000E+00|          0|
 8|   1.380E+03|                      NaN|   0.0000000000000000E+00|          0|
 8|   1.420E+03|                      NaN|   0.0000000000000000E+00|          0|
 8|   1.460E+03|                      NaN|   0.0000000000000000E+00|          0|
 8|   1.500E+03|                      NaN|   0.0000000000000000E+00|          0|
 8|   1.540E+03|                      NaN|   0.0000000000000000E+00|          0|
 8|   1.580E+03|                      NaN|   0.0000000000000000E+00|          0|
 8|   1.620E+03|                      NaN|   0.0000000000000000E+00|          0|
 8|   1.660E+03|                      NaN|   0.0000000000000000E+00|          0|
 8|   1.700E+03|                      NaN|   0.0000000000000000E+00|          0|
 8|   1.740E+03|                      NaN|   0.0000000000000000E+00|          0|
 8|   1.780E+03|                      NaN|   0.0000000000000000E+00|          0|
 8|   1.820E+03|                      NaN|   0.0000000000000000E+00|          0|
 8|   1.860E+03|                      NaN|   0.0000000000000000E+00|          0|
 8|   1.900E+03|                      NaN|   0.0000000000000000E+00|          0|
 8|   1.940E+03|                      NaN|   0.0000000000000000E+00|          0|
 8|   1.980E+03|                      NaN|   0.0000000000000000E+00|          0|
 8|   2.020E+03|                      NaN|   0.0000000000000000E+00|          0|
 8|   2.060E+03|                      NaN|   0.0000000000000000E+00|          0|
 8|   2.100E+03|                      NaN|   0.0000000000000000E+00|          0|
 8|   2.140E+03|                      NaN|   0.0000000000000000E+00|          0|
 8|   2.180E+03|                      NaN|   0.0000000000000000E+00|          0|
 8|   2.220E+03|                      NaN|   0.0000000000000000E+00|          0|
 8|   2.260E+03|                      NaN|   0.0000000000000000E+00|          0|
 8|   2.300E+03|                      NaN|   0.0000000000000000E+00|          0|
 8|   2.340E+03|                      NaN|   0.0000000000000000E+00|          0|
 8|   2.380E+03|                      NaN|   0.0000000000000000E+00|          0|
 8|   2.420E+03|                      NaN|   0.0000000000000000E+00|          0|
 8|   2.460E+03|                      NaN|   0.0000000000000000E+00|          0|
 8|   2.500E+03|                      NaN|   0.0000000000000000E+00|          0|
 8|   2.540E+03|                      NaN|   0.0000000000000000E+00|          0|
 8|   2.580E+03|                      NaN|   0.0000000000000000E+00|          0|
 8|   2.620E+03|                      NaN|   0.0000000000000000E+00|          0|
 8|   2.660E+03|                      NaN|   0.0000000000000000E+00|          0|
 8|   2.700E+03|                      NaN|   0.0000000000000000E+00|          0|
 8|   2.740E+03|                      NaN|   0.0000000000000000E+00|          0|
 8|   2.780E+03|                      NaN|   0.0000000000000000E+00|          0|
 8|   2.820E+03|                      NaN|   0.0000000000000000E+00|          0|
 8|   2.860E+03|                      NaN|   0.0000000000000000E+00|          0|
 8|   2.900E+03|                      NaN|   0.0000000000000000E+00|          0|
 8|   2.940E+03|                      NaN|   0.0000000000000000E+00|          0|
 8|   2.980E+03|                      NaN|   0.0000000000000000E+00|          0|
 8|   3.020E+03|                      NaN|   0.0000000000000000E+00|          0|
 8|   3.060E+03|                      NaN|   0.0000000000000000E+00|          0|
 8|   3.100E+03|                      NaN|   0.0000000000000000E+00|          0|
 8|   3.140E+03|                      NaN|   0.0000000000000000E+00|          0|
 8|   3.180E+03|                      NaN|   0.0000000000000000E+00|          0|
 8|   3.220E+03|                      NaN|   0.0000000000000000E+00|          0|
 8|   3.260E+03|                      NaN|   0.0000000000000000E+00|          0|
 8|   3.300E+03|                      NaN|   0.0000000000000000E+00|          0|
 8|   3.340E+03|                      NaN|   0.0000000000000000E+00|          0|
 8|   3.380E+03|                      NaN|   0.0000000000000000E+00|          0|
 8|   3.420E+03|                      NaN|   0.0000000000000000E+00|          0|
 8|   3.460E+03|                      NaN|   0.0000000000000000E+00|          0|
 8|   3.500E+03|                      NaN|   0.0000000000000000E+00|          0|
 8|   3.540E+03|                      NaN|   0.0000000000000000E+00|          0|
 8|   3.580E+03|                      NaN|   0.0000000000000000E+00|          0|
 8|   3.620E+03|                      NaN|   0.0000000000000000E+00|          0|
 8|   3.660E+03|                      NaN|   0.0000000000000000E+00|          0|
 8|   3.700E+03|                      NaN|   0.0000000000000000E+00|          0|
 8|   3.740E+03|                      NaN|   0.0000000000000000E+00|          0|
 8|   3.780E+03|                      NaN|   0.0000000000000000E+00|          0|
 8|   3.820E+03|                      NaN|   0.0000000000000000E+00|          0|
 8|   3.860E+03|                      NaN|   0.0000000000000000E+00|          0|
 8|   3.900E+03|                      NaN|   0.0000000000000000E+00|          0|
 8|   3.940E+03|                      NaN|   0.0000000000000000E+00|          0|
 8|   3.980E+03|                      NaN|   0.0000000000000000E+00|          0|
 8|   4.020E+03|                      NaN|   0.0000000000000000E+00|          0|
 8|   4.060E+03|                      NaN|   0.0000000000000000E+00|          0|
# integrated result:   1.0724499848111594E-07
#
# Histogram 9: m_4l                                              
 9|   8.500E+01|                      NaN|   0.0000000000000000E+00|          0|
 9|   8.600E+01|                      NaN|   0.0000000000000000E+00|          0|
 9|   8.700E+01|                      NaN|   0.0000000000000000E+00|          0|
 9|   8.800E+01|                      NaN|   0.0000000000000000E+00|          0|
 9|   8.900E+01|                      NaN|   0.0000000000000000E+00|          0|
 9|   9.000E+01|                      NaN|   0.0000000000000000E+00|          0|
 9|   9.100E+01|                      NaN|   0.0000000000000000E+00|          0|
 9|   9.200E+01|                      NaN|   0.0000000000000000E+00|          0|
 9|   9.300E+01|                      NaN|   0.0000000000000000E+00|          0|
 9|   9.400E+01|                      NaN|   0.0000000000000000E+00|          0|
 9|   9.500E+01|                      NaN|   0.0000000000000000E+00|          0|
 9|   9.600E+01|                      NaN|   0.0000000000000000E+00|          0|
 9|   9.700E+01|                      NaN|   0.0000000000000000E+00|          0|
 9|   9.800E+01|                      NaN|   0.0000000000000000E+00|          0|
 9|   9.900E+01|                      NaN|   0.0000000000000000E+00|          0|
 9|   1.000E+02|                      NaN|   0.0000000000000000E+00|          0|
 9|   1.010E+02|                      NaN|   0.0000000000000000E+00|          0|
 9|   1.020E+02|                      NaN|   0.0000000000000000E+00|          0|
 9|   1.030E+02|                      NaN|   0.0000000000000000E+00|          0|
 9|   1.040E+02|                      NaN|   0.0000000000000000E+00|          0|
 9|   1.050E+02|                      NaN|   0.0000000000000000E+00|          0|
 9|   1.060E+02|                      NaN|   0.0000000000000000E+00|          0|
 9|   1.070E+02|                      NaN|   0.0000000000000000E+00|          0|
 9|   1.080E+02|                      NaN|   0.0000000000000000E+00|          0|
 9|   1.090E+02|                      NaN|   0.0000000000000000E+00|          0|
 9|   1.100E+02|                      NaN|   0.0000000000000000E+00|          0|
 9|   1.110E+02|                      NaN|   0.0000000000000000E+00|          0|
 9|   1.120E+02|                      NaN|   0.0000000000000000E+00|          0|
 9|   1.130E+02|                      NaN|   0.0000000000000000E+00|          0|
 9|   1.140E+02|                      NaN|   0.0000000000000000E+00|          0|
 9|   1.150E+02|                      NaN|   0.0000000000000000E+00|          0|
 9|   1.160E+02|                      NaN|   0.0000000000000000E+00|          0|
 9|   1.170E+02|                      NaN|   0.0000000000000000E+00|          0|
 9|   1.180E+02|                      NaN|   0.0000000000000000E+00|          0|
 9|   1.190E+02|                      NaN|   0.0000000000000000E+00|          0|
 9|   1.200E+02|                      NaN|   0.0000000000000000E+00|          0|
 9|   1.210E+02|                      NaN|   0.0000000000000000E+00|          0|
 9|   1.220E+02|                      NaN|   0.0000000000000000E+00|          0|
 9|   1.230E+02|                      NaN|   0.0000000000000000E+00|          0|
 9|   1.240E+02|                 Infinity|   8.8988259663478914E-03|      12628|
 9|   1.250E+02|                 Infinity|   1.0305445599582160E-02|       9416|
 9|   1.260E+02|                      NaN|   0.0000000000000000E+00|          0|
 9|   1.270E+02|                      NaN|   0.0000000000000000E+00|          0|
 9|   1.280E+02|                      NaN|   0.0000000000000000E+00|          0|
 9|   1.290E+02|                      NaN|   0.0000000000000000E+00|          0|
 9|   1.300E+02|                      NaN|   0.0000000000000000E+00|          0|
 9|   1.310E+02|                      NaN|   0.0000000000000000E+00|          0|
 9|   1.320E+02|                      NaN|   0.0000000000000000E+00|          0|
 9|   1.330E+02|                      NaN|   0.0000000000000000E+00|          0|
 9|   1.340E+02|                      NaN|   0.0000000000000000E+00|          0|
# integrated result:   1.0724499848111590E-07
#
# Histogram10: Phi1                                              
10|  -3.142E+00|                 Infinity|   4.8507125007266595E-02|        425|
10|  -2.985E+00|                 Infinity|   4.9029033784546011E-02|        416|
10|  -2.827E+00|                 Infinity|   4.6932325446393211E-02|        454|
10|  -2.670E+00|                 Infinity|   4.5314325442944378E-02|        487|
10|  -2.513E+00|                 Infinity|   4.4151078568834795E-02|        513|
10|  -2.356E+00|                 Infinity|   4.0927275453502901E-02|        597|
10|  -2.199E+00|                 Infinity|   3.9840953644479787E-02|        630|
10|  -2.042E+00|                 Infinity|   4.1065078117659089E-02|        593|
10|  -1.885E+00|                 Infinity|   4.0723148118768406E-02|        603|
10|  -1.728E+00|                 Infinity|   4.0000000000000001E-02|        625|
10|  -1.571E+00|                 Infinity|   4.0996003084539386E-02|        595|
10|  -1.414E+00|                 Infinity|   3.7293707031410071E-02|        719|
10|  -1.257E+00|                 Infinity|   3.8069349381344049E-02|        690|
10|  -1.100E+00|                 Infinity|   4.0193393552907040E-02|        619|
10|  -9.425E-01|                 Infinity|   4.1959067914834454E-02|        568|
10|  -7.854E-01|                 Infinity|   4.4587796206770981E-02|        503|
10|  -6.283E-01|                 Infinity|   4.4766148103584522E-02|        499|
10|  -4.713E-01|                 Infinity|   4.4367825470805693E-02|        508|
10|  -3.142E-01|                 Infinity|   4.5083481733371615E-02|        492|
10|  -1.571E-01|                 Infinity|   4.7891314261057569E-02|        436|
10|  -3.000E-05|                 Infinity|   4.5834924851410566E-02|        476|
10|   1.570E-01|                 Infinity|   4.5267873021259265E-02|        488|
10|   3.141E-01|                 Infinity|   4.4108109139123088E-02|        514|
10|   4.712E-01|                 Infinity|   4.3979949713354248E-02|        517|
10|   6.283E-01|                 Infinity|   4.2678959977631992E-02|        549|
10|   7.854E-01|                 Infinity|   4.1204282171516463E-02|        589|
10|   9.424E-01|                 Infinity|   3.8518560788567267E-02|        674|
10|   1.100E+00|                 Infinity|   3.7742567804819861E-02|        702|
10|   1.257E+00|                 Infinity|   3.8041792845426678E-02|        691|
10|   1.414E+00|                 Infinity|   3.8604571824109146E-02|        671|
10|   1.571E+00|                 Infinity|   4.0258484111423729E-02|        617|
10|   1.728E+00|                 Infinity|   3.9559388606461778E-02|        639|
10|   1.885E+00|                 Infinity|   4.2257712736425826E-02|        560|
10|   2.042E+00|                 Infinity|   4.0064154010750197E-02|        623|
10|   2.199E+00|                 Infinity|   4.2409446483998546E-02|        556|
10|   2.356E+00|                 Infinity|   4.3979949713354248E-02|        517|
10|   2.513E+00|                 Infinity|   4.6423834544262965E-02|        464|
10|   2.670E+00|                 Infinity|   4.8737017882857933E-02|        421|
10|   2.827E+00|                 Infinity|   4.8564293117863207E-02|        424|
10|   2.984E+00|                 Infinity|   5.1298917604257706E-02|        380|
# integrated result:   1.0724499848111573E-07
#
