#
# column #1=histogram, #2=x-axis bin, #3=binned cross-section, #4=error, #5=number of events 
# this can be easily plotted in gnuplot with the commands:
#    NHi=3
#    plot 'output.dat' using ($2):($1==NHi ? $3 : 1/0) w st
# where NHi selects the histogram
#
#
# run time =      -0.05min
# TotCS =      9.2779539972E-07           5.24551E-08
#
# Histogram 1: m_jj                                              
 1|   0.000E+00|                 Infinity|   1.8330889377669163E-02|       2976|
 1|   5.000E+01|                 Infinity|   1.1945462064187415E-02|       7008|
 1|   1.000E+02|                 Infinity|   1.4230640818761332E-02|       4938|
 1|   1.500E+02|                 Infinity|   1.7357867696094095E-02|       3319|
 1|   2.000E+02|                 Infinity|   2.1496679019617389E-02|       2164|
 1|   2.500E+02|                 Infinity|   2.6773977630083295E-02|       1395|
 1|   3.000E+02|                 Infinity|   3.2826608214930636E-02|        928|
 1|   3.500E+02|                 Infinity|   3.8461538461538464E-02|        676|
 1|   4.000E+02|                 Infinity|   4.5786854649563009E-02|        477|
 1|   4.500E+02|                 Infinity|   5.5384877562171128E-02|        326|
 1|   5.000E+02|                 Infinity|   6.1429511683395117E-02|        265|
 1|   5.500E+02|                 Infinity|   7.1981575074869450E-02|        193|
 1|   6.000E+02|                 Infinity|   8.5435765771676095E-02|        137|
 1|   6.500E+02|                 Infinity|   9.0535746042518531E-02|        122|
 1|   7.000E+02|                 Infinity|   1.0425720702853739E-01|         92|
 1|   7.500E+02|                 Infinity|   1.2216944435630522E-01|         67|
 1|   8.000E+02|                 Infinity|   1.2803687993289598E-01|         61|
 1|   8.500E+02|                 Infinity|   1.6439898730535729E-01|         37|
 1|   9.000E+02|                 Infinity|   1.6666666666666666E-01|         36|
 1|   9.500E+02|                 Infinity|   1.8257418583505536E-01|         30|
 1|   1.000E+03|                 Infinity|   1.8569533817705186E-01|         29|
 1|   1.050E+03|                 Infinity|   2.1821789023599239E-01|         21|
 1|   1.100E+03|                 Infinity|   2.4253562503633297E-01|         17|
 1|   1.150E+03|                 Infinity|   2.8867513459481292E-01|         12|
 1|   1.200E+03|                 Infinity|   3.3333333333333331E-01|          9|
 1|   1.250E+03|                 Infinity|   4.0824829046386307E-01|          6|
 1|   1.300E+03|                 Infinity|   2.8867513459481292E-01|         12|
 1|   1.350E+03|                 Infinity|   3.3333333333333331E-01|          9|
 1|   1.400E+03|                 Infinity|   3.7796447300922720E-01|          7|
 1|   1.450E+03|                 Infinity|   3.7796447300922720E-01|          7|
 1|   1.500E+03|                 Infinity|   5.0000000000000000E-01|          4|
 1|   1.550E+03|                 Infinity|   3.3333333333333331E-01|          9|
 1|   1.600E+03|                 Infinity|   5.7735026918962584E-01|          3|
 1|   1.650E+03|                 Infinity|   3.7796447300922720E-01|          7|
 1|   1.700E+03|                 Infinity|   7.0710678118654746E-01|          2|
 1|   1.750E+03|                 Infinity|   5.0000000000000000E-01|          4|
 1|   1.800E+03|                 Infinity|   7.0710678118654746E-01|          2|
 1|   1.850E+03|                      NaN|   0.0000000000000000E+00|          0|
 1|   1.900E+03|                 Infinity|   5.7735026918962584E-01|          3|
 1|   1.950E+03|                 Infinity|   1.0000000000000000E+00|          1|
 1|   2.000E+03|                      NaN|   0.0000000000000000E+00|          0|
 1|   2.050E+03|                      NaN|   0.0000000000000000E+00|          0|
 1|   2.100E+03|                 Infinity|   1.0000000000000000E+00|          1|
 1|   2.150E+03|                 Infinity|   5.7735026918962584E-01|          3|
 1|   2.200E+03|                 Infinity|   1.0000000000000000E+00|          1|
 1|   2.250E+03|                 Infinity|   5.7735026918962584E-01|          3|
 1|   2.300E+03|                 Infinity|   1.0000000000000000E+00|          1|
 1|   2.350E+03|                 Infinity|   1.0000000000000000E+00|          1|
 1|   2.400E+03|                 Infinity|   1.0000000000000000E+00|          1|
 1|   2.450E+03|                      NaN|   0.0000000000000000E+00|          0|
 1|   2.500E+03|                      NaN|   0.0000000000000000E+00|          0|
 1|   2.550E+03|                      NaN|   0.0000000000000000E+00|          0|
 1|   2.600E+03|                      NaN|   0.0000000000000000E+00|          0|
 1|   2.650E+03|                      NaN|   0.0000000000000000E+00|          0|
 1|   2.700E+03|                 Infinity|   1.0000000000000000E+00|          1|
 1|   2.750E+03|                      NaN|   0.0000000000000000E+00|          0|
 1|   2.800E+03|                 Infinity|   1.0000000000000000E+00|          1|
 1|   2.850E+03|                      NaN|   0.0000000000000000E+00|          0|
 1|   2.900E+03|                      NaN|   0.0000000000000000E+00|          0|
 1|   2.950E+03|                 Infinity|   1.0000000000000000E+00|          1|
 1|   3.000E+03|                      NaN|   0.0000000000000000E+00|          0|
 1|   3.050E+03|                 Infinity|   1.0000000000000000E+00|          1|
 1|   3.100E+03|                      NaN|   0.0000000000000000E+00|          0|
 1|   3.150E+03|                      NaN|   0.0000000000000000E+00|          0|
 1|   3.200E+03|                      NaN|   0.0000000000000000E+00|          0|
 1|   3.250E+03|                      NaN|   0.0000000000000000E+00|          0|
 1|   3.300E+03|                      NaN|   0.0000000000000000E+00|          0|
 1|   3.350E+03|                      NaN|   0.0000000000000000E+00|          0|
 1|   3.400E+03|                      NaN|   0.0000000000000000E+00|          0|
 1|   3.450E+03|                      NaN|   0.0000000000000000E+00|          0|
 1|   3.500E+03|                      NaN|   0.0000000000000000E+00|          0|
 1|   3.550E+03|                      NaN|   0.0000000000000000E+00|          0|
 1|   3.600E+03|                      NaN|   0.0000000000000000E+00|          0|
 1|   3.650E+03|                      NaN|   0.0000000000000000E+00|          0|
 1|   3.700E+03|                      NaN|   0.0000000000000000E+00|          0|
 1|   3.750E+03|                      NaN|   0.0000000000000000E+00|          0|
 1|   3.800E+03|                      NaN|   0.0000000000000000E+00|          0|
 1|   3.850E+03|                 Infinity|   1.0000000000000000E+00|          1|
 1|   3.900E+03|                      NaN|   0.0000000000000000E+00|          0|
 1|   3.950E+03|                      NaN|   0.0000000000000000E+00|          0|
 1|   4.000E+03|                      NaN|   0.0000000000000000E+00|          0|
 1|   4.050E+03|                      NaN|   0.0000000000000000E+00|          0|
 1|   4.100E+03|                      NaN|   0.0000000000000000E+00|          0|
 1|   4.150E+03|                      NaN|   0.0000000000000000E+00|          0|
 1|   4.200E+03|                      NaN|   0.0000000000000000E+00|          0|
 1|   4.250E+03|                      NaN|   0.0000000000000000E+00|          0|
 1|   4.300E+03|                      NaN|   0.0000000000000000E+00|          0|
 1|   4.350E+03|                      NaN|   0.0000000000000000E+00|          0|
 1|   4.400E+03|                      NaN|   0.0000000000000000E+00|          0|
 1|   4.450E+03|                      NaN|   0.0000000000000000E+00|          0|
 1|   4.500E+03|                      NaN|   0.0000000000000000E+00|          0|
 1|   4.550E+03|                      NaN|   0.0000000000000000E+00|          0|
 1|   4.600E+03|                      NaN|   0.0000000000000000E+00|          0|
 1|   4.650E+03|                      NaN|   0.0000000000000000E+00|          0|
 1|   4.700E+03|                      NaN|   0.0000000000000000E+00|          0|
 1|   4.750E+03|                      NaN|   0.0000000000000000E+00|          0|
 1|   4.800E+03|                      NaN|   0.0000000000000000E+00|          0|
 1|   4.850E+03|                      NaN|   0.0000000000000000E+00|          0|
 1|   4.900E+03|                      NaN|   0.0000000000000000E+00|          0|
 1|   4.950E+03|                      NaN|   0.0000000000000000E+00|          0|
# integrated result:   9.2779539971834193E-07
#
# Histogram 2: m_jj                                              
 2|   0.000E+00|                      NaN|   0.0000000000000000E+00|          0|
 2|   2.000E+00|                      NaN|   0.0000000000000000E+00|          0|
 2|   4.000E+00|                      NaN|   0.0000000000000000E+00|          0|
 2|   6.000E+00|                      NaN|   0.0000000000000000E+00|          0|
 2|   8.000E+00|                      NaN|   0.0000000000000000E+00|          0|
 2|   1.000E+01|                      NaN|   0.0000000000000000E+00|          0|
 2|   1.200E+01|                      NaN|   0.0000000000000000E+00|          0|
 2|   1.400E+01|                      NaN|   0.0000000000000000E+00|          0|
 2|   1.600E+01|                      NaN|   0.0000000000000000E+00|          0|
 2|   1.800E+01|                      NaN|   0.0000000000000000E+00|          0|
 2|   2.000E+01|                      NaN|   0.0000000000000000E+00|          0|
 2|   2.200E+01|                      NaN|   0.0000000000000000E+00|          0|
 2|   2.400E+01|                      NaN|   0.0000000000000000E+00|          0|
 2|   2.600E+01|                      NaN|   0.0000000000000000E+00|          0|
 2|   2.800E+01|                      NaN|   0.0000000000000000E+00|          0|
 2|   3.000E+01|                 Infinity|   4.5129368240652418E-02|        491|
 2|   3.200E+01|                 Infinity|   5.5641488407465724E-02|        323|
 2|   3.400E+01|                 Infinity|   5.9761430466719681E-02|        280|
 2|   3.600E+01|                 Infinity|   6.1084722178152612E-02|        268|
 2|   3.800E+01|                 Infinity|   6.2378286155180533E-02|        257|
 2|   4.000E+01|                 Infinity|   6.4150029909958411E-02|        243|
 2|   4.200E+01|                 Infinity|   6.2994078834871195E-02|        252|
 2|   4.400E+01|                 Infinity|   5.8025885318565944E-02|        297|
 2|   4.600E+01|                 Infinity|   5.9234887775909233E-02|        285|
 2|   4.800E+01|                 Infinity|   5.9761430466719681E-02|        280|
 2|   5.000E+01|                 Infinity|   5.6433264798310033E-02|        314|
 2|   5.200E+01|                 Infinity|   5.7928444636349226E-02|        298|
 2|   5.400E+01|                 Infinity|   6.0633906259083242E-02|        272|
 2|   5.600E+01|                 Infinity|   6.0858061945018457E-02|        270|
 2|   5.800E+01|                 Infinity|   5.7639041770423498E-02|        301|
 2|   6.000E+01|                 Infinity|   5.7543533764843599E-02|        302|
 2|   6.200E+01|                 Infinity|   5.5641488407465724E-02|        323|
 2|   6.400E+01|                 Infinity|   5.8520573598065284E-02|        292|
 2|   6.600E+01|                 Infinity|   5.9654998627189357E-02|        281|
 2|   6.800E+01|                 Infinity|   6.2622429108514954E-02|        255|
 2|   7.000E+01|                 Infinity|   5.7928444636349226E-02|        298|
 2|   7.200E+01|                 Infinity|   5.9339082909692663E-02|        284|
 2|   7.400E+01|                 Infinity|   5.6254395046301198E-02|        316|
 2|   7.600E+01|                 Infinity|   5.5215763037423267E-02|        328|
 2|   7.800E+01|                 Infinity|   5.9976014390406722E-02|        278|
 2|   8.000E+01|                 Infinity|   5.8222250973958202E-02|        295|
 2|   8.200E+01|                 Infinity|   6.2257280636469035E-02|        258|
 2|   8.400E+01|                 Infinity|   6.0412209333017698E-02|        274|
 2|   8.600E+01|                 Infinity|   6.0745673923078697E-02|        271|
 2|   8.800E+01|                 Infinity|   5.9976014390406722E-02|        278|
 2|   9.000E+01|                 Infinity|   6.4018439966447988E-02|        244|
 2|   9.200E+01|                 Infinity|   6.2257280636469035E-02|        258|
 2|   9.400E+01|                 Infinity|   6.6226617853252193E-02|        228|
 2|   9.600E+01|                 Infinity|   6.4820372355216441E-02|        238|
 2|   9.800E+01|                 Infinity|   6.2994078834871195E-02|        252|
 2|   1.000E+02|                 Infinity|   6.6519010523773930E-02|        226|
 2|   1.020E+02|                 Infinity|   6.9504804685691590E-02|        207|
 2|   1.040E+02|                 Infinity|   6.5938047339578698E-02|        230|
 2|   1.060E+02|                 Infinity|   6.7884423330213065E-02|        217|
 2|   1.080E+02|                 Infinity|   6.7419986246324212E-02|        220|
 2|   1.100E+02|                 Infinity|   6.4956980246163087E-02|        237|
 2|   1.120E+02|                 Infinity|   6.6372331159997203E-02|        227|
 2|   1.140E+02|                 Infinity|   6.9337524528153643E-02|        208|
 2|   1.160E+02|                 Infinity|   6.8041381743977170E-02|        216|
 2|   1.180E+02|                 Infinity|   6.7884423330213065E-02|        217|
 2|   1.200E+02|                 Infinity|   7.2932495748947279E-02|        188|
 2|   1.220E+02|                 Infinity|   7.1795815861773818E-02|        194|
 2|   1.240E+02|                 Infinity|   6.8199433947047347E-02|        215|
 2|   1.260E+02|                 Infinity|   7.0888120500833582E-02|        199|
 2|   1.280E+02|                 Infinity|   7.8326044998795738E-02|        163|
 2|   1.300E+02|                 Infinity|   6.9337524528153643E-02|        208|
 2|   1.320E+02|                 Infinity|   7.7151674981045956E-02|        168|
 2|   1.340E+02|                 Infinity|   7.1428571428571425E-02|        196|
 2|   1.360E+02|                 Infinity|   7.3521462209380772E-02|        185|
 2|   1.380E+02|                 Infinity|   7.1981575074869450E-02|        193|
 2|   1.400E+02|                 Infinity|   7.7382323253413682E-02|        167|
 2|   1.420E+02|                 Infinity|   8.1110710565381272E-02|        152|
 2|   1.440E+02|                 Infinity|   7.7849894416152296E-02|        165|
 2|   1.460E+02|                 Infinity|   7.5592894601845442E-02|        175|
 2|   1.480E+02|                 Infinity|   7.7849894416152296E-02|        165|
 2|   1.500E+02|                 Infinity|   8.5125653075874858E-02|        138|
 2|   1.520E+02|                 Infinity|   7.8086880944303036E-02|        164|
 2|   1.540E+02|                 Infinity|   8.0845208345444328E-02|        153|
 2|   1.560E+02|                 Infinity|   7.7382323253413682E-02|        167|
 2|   1.580E+02|                 Infinity|   7.8326044998795738E-02|        163|
 2|   1.600E+02|                 Infinity|   8.6710996952411995E-02|        133|
 2|   1.620E+02|                 Infinity|   8.6710996952411995E-02|        133|
 2|   1.640E+02|                 Infinity|   8.0582296402538028E-02|        154|
 2|   1.660E+02|                 Infinity|   8.1923192051904056E-02|        149|
 2|   1.680E+02|                 Infinity|   7.7849894416152296E-02|        165|
 2|   1.700E+02|                 Infinity|   8.3333333333333329E-02|        144|
 2|   1.720E+02|                 Infinity|   9.1287092917527679E-02|        120|
 2|   1.740E+02|                 Infinity|   8.6710996952411995E-02|        133|
 2|   1.760E+02|                 Infinity|   8.4515425472851652E-02|        140|
 2|   1.780E+02|                 Infinity|   8.6386842558136015E-02|        134|
 2|   1.800E+02|                 Infinity|   9.0166963466743230E-02|        123|
 2|   1.820E+02|                 Infinity|   8.7705801930702931E-02|        130|
 2|   1.840E+02|                 Infinity|   8.6710996952411995E-02|        133|
 2|   1.860E+02|                 Infinity|   8.7705801930702931E-02|        130|
 2|   1.880E+02|                 Infinity|   9.3658581158169399E-02|        114|
 2|   1.900E+02|                 Infinity|   9.3658581158169399E-02|        114|
 2|   1.920E+02|                 Infinity|   9.8058067569092022E-02|        104|
 2|   1.940E+02|                 Infinity|   1.1043152607484653E-01|         82|
 2|   1.960E+02|                 Infinity|   1.0000000000000001E-01|        100|
 2|   1.980E+02|                 Infinity|   1.0050378152592121E-01|         99|
# integrated result:   9.2779539971834055E-07
#
# Histogram 3: pT(H)                                             
 3|   0.000E+00|                 Infinity|   2.4566243134638045E-02|       1657|
 3|   1.000E+01|                 Infinity|   1.9536616629114090E-02|       2620|
 3|   2.000E+01|                 Infinity|   1.9451424796105867E-02|       2643|
 3|   3.000E+01|                 Infinity|   2.0265182408994380E-02|       2435|
 3|   4.000E+01|                 Infinity|   2.1105314459656362E-02|       2245|
 3|   5.000E+01|                 Infinity|   2.3014365447458086E-02|       1888|
 3|   6.000E+01|                 Infinity|   2.4693239916239739E-02|       1640|
 3|   7.000E+01|                 Infinity|   2.5906388007541990E-02|       1490|
 3|   8.000E+01|                 Infinity|   2.8712406871010718E-02|       1213|
 3|   9.000E+01|                 Infinity|   3.1434730673096573E-02|       1012|
 3|   1.000E+02|                 Infinity|   3.3748365353141352E-02|        878|
 3|   1.100E+02|                 Infinity|   3.5333262666878668E-02|        801|
 3|   1.200E+02|                 Infinity|   3.9497625276668211E-02|        641|
 3|   1.300E+02|                 Infinity|   4.2874646285627205E-02|        544|
 3|   1.400E+02|                 Infinity|   4.5548751867427691E-02|        482|
 3|   1.500E+02|                 Infinity|   4.8679238351123547E-02|        422|
 3|   1.600E+02|                 Infinity|   5.3376051268362382E-02|        351|
 3|   1.700E+02|                 Infinity|   5.8621038176054921E-02|        291|
 3|   1.800E+02|                 Infinity|   6.0971076084969232E-02|        269|
 3|   1.900E+02|                 Infinity|   6.7728546147859642E-02|        218|
 3|   2.000E+02|                 Infinity|   7.3521462209380772E-02|        185|
 3|   2.100E+02|                 Infinity|   7.6696498884737035E-02|        170|
 3|   2.200E+02|                 Infinity|   8.1110710565381272E-02|        152|
 3|   2.300E+02|                 Infinity|   8.8045090632562384E-02|        129|
 3|   2.400E+02|                 Infinity|   9.4072086838359728E-02|        113|
 3|   2.500E+02|                 Infinity|   1.0050378152592121E-01|         99|
 3|   2.600E+02|                 Infinity|   1.1250879009260240E-01|         79|
 3|   2.700E+02|                 Infinity|   1.1952286093343936E-01|         70|
 3|   2.800E+02|                 Infinity|   1.3608276348795434E-01|         54|
 3|   2.900E+02|                 Infinity|   1.2500000000000000E-01|         64|
 3|   3.000E+02|                 Infinity|   1.4142135623730950E-01|         50|
 3|   3.100E+02|                 Infinity|   1.4907119849998599E-01|         45|
 3|   3.200E+02|                 Infinity|   1.7149858514250882E-01|         34|
 3|   3.300E+02|                 Infinity|   1.7960530202677491E-01|         31|
 3|   3.400E+02|                 Infinity|   1.5617376188860607E-01|         41|
 3|   3.500E+02|                 Infinity|   1.8898223650461360E-01|         28|
 3|   3.600E+02|                 Infinity|   1.8257418583505536E-01|         30|
 3|   3.700E+02|                 Infinity|   2.1821789023599239E-01|         21|
 3|   3.800E+02|                 Infinity|   2.2360679774997896E-01|         20|
 3|   3.900E+02|                 Infinity|   2.1320071635561041E-01|         22|
 3|   4.000E+02|                 Infinity|   2.7735009811261457E-01|         13|
 3|   4.100E+02|                 Infinity|   2.6726124191242440E-01|         14|
 3|   4.200E+02|                 Infinity|   2.3570226039551587E-01|         18|
 3|   4.300E+02|                 Infinity|   3.0151134457776363E-01|         11|
 3|   4.400E+02|                 Infinity|   2.8867513459481292E-01|         12|
 3|   4.500E+02|                 Infinity|   2.8867513459481292E-01|         12|
 3|   4.600E+02|                 Infinity|   3.1622776601683794E-01|         10|
 3|   4.700E+02|                 Infinity|   4.0824829046386307E-01|          6|
 3|   4.800E+02|                 Infinity|   2.7735009811261457E-01|         13|
 3|   4.900E+02|                 Infinity|   2.7735009811261457E-01|         13|
# integrated result:   9.2779539971834066E-07
#
# Histogram 4: pT(j1)                                            
 4|   0.000E+00|                      NaN|   0.0000000000000000E+00|          0|
 4|   1.000E+01|                 Infinity|   6.3628476297577771E-02|        247|
 4|   2.000E+01|                 Infinity|   2.4761275912089115E-02|       1631|
 4|   3.000E+01|                 Infinity|   2.0668039988727800E-02|       2341|
 4|   4.000E+01|                 Infinity|   2.0519567041703081E-02|       2375|
 4|   5.000E+01|                 Infinity|   2.1058465757133063E-02|       2255|
 4|   6.000E+01|                 Infinity|   2.1926450482675733E-02|       2080|
 4|   7.000E+01|                 Infinity|   2.3802777946288958E-02|       1765|
 4|   8.000E+01|                 Infinity|   2.5125945381480302E-02|       1584|
 4|   9.000E+01|                 Infinity|   2.6546593660094948E-02|       1419|
 4|   1.000E+02|                 Infinity|   2.8444006199428714E-02|       1236|
 4|   1.100E+02|                 Infinity|   3.1173984319427479E-02|       1029|
 4|   1.200E+02|                 Infinity|   3.2308533487561922E-02|        958|
 4|   1.300E+02|                 Infinity|   3.5805743701971648E-02|        780|
 4|   1.400E+02|                 Infinity|   3.8208035995043507E-02|        685|
 4|   1.500E+02|                 Infinity|   4.0893041005476534E-02|        598|
 4|   1.600E+02|                 Infinity|   4.4411559168432757E-02|        507|
 4|   1.700E+02|                 Infinity|   4.7891314261057569E-02|        436|
 4|   1.800E+02|                 Infinity|   5.0188561322849559E-02|        397|
 4|   1.900E+02|                 Infinity|   5.5384877562171128E-02|        326|
 4|   2.000E+02|                 Infinity|   5.8222250973958202E-02|        295|
 4|   2.100E+02|                 Infinity|   6.0192926542884599E-02|        276|
 4|   2.200E+02|                 Infinity|   6.7267279399631244E-02|        221|
 4|   2.300E+02|                 Infinity|   7.7382323253413682E-02|        167|
 4|   2.400E+02|                 Infinity|   7.4535599249992993E-02|        180|
 4|   2.500E+02|                 Infinity|   7.7151674981045956E-02|        168|
 4|   2.600E+02|                 Infinity|   8.5125653075874858E-02|        138|
 4|   2.700E+02|                 Infinity|   9.1669849702821132E-02|        119|
 4|   2.800E+02|                 Infinity|   9.8058067569092022E-02|        104|
 4|   2.900E+02|                 Infinity|   1.0846522890932808E-01|         85|
 4|   3.000E+02|                 Infinity|   1.0599978800063600E-01|         89|
 4|   3.100E+02|                 Infinity|   1.0721125348377948E-01|         87|
 4|   3.200E+02|                 Infinity|   1.1704114719613057E-01|         73|
 4|   3.300E+02|                 Infinity|   1.3130643285972254E-01|         58|
 4|   3.400E+02|                 Infinity|   1.2909944487358055E-01|         60|
 4|   3.500E+02|                 Infinity|   1.3608276348795434E-01|         54|
 4|   3.600E+02|                 Infinity|   1.3867504905630729E-01|         52|
 4|   3.700E+02|                 Infinity|   1.6012815380508713E-01|         39|
 4|   3.800E+02|                 Infinity|   1.5811388300841897E-01|         40|
 4|   3.900E+02|                 Infinity|   1.6222142113076254E-01|         38|
 4|   4.000E+02|                 Infinity|   1.5811388300841897E-01|         40|
 4|   4.100E+02|                 Infinity|   1.9245008972987526E-01|         27|
 4|   4.200E+02|                 Infinity|   1.8898223650461360E-01|         28|
 4|   4.300E+02|                 Infinity|   2.0851441405707477E-01|         23|
 4|   4.400E+02|                 Infinity|   2.0000000000000001E-01|         25|
 4|   4.500E+02|                 Infinity|   2.3570226039551587E-01|         18|
 4|   4.600E+02|                 Infinity|   2.1821789023599239E-01|         21|
 4|   4.700E+02|                 Infinity|   2.5000000000000000E-01|         16|
 4|   4.800E+02|                 Infinity|   3.1622776601683794E-01|         10|
 4|   4.900E+02|                 Infinity|   2.7735009811261457E-01|         13|
# integrated result:   9.2779539971834087E-07
#
# Histogram 5: dy(j1,j2)                                         
 5|  -5.000E+00|                 Infinity|   1.0000000000000000E+00|          1|
 5|  -4.800E+00|                 Infinity|   1.0000000000000000E+00|          1|
 5|  -4.600E+00|                 Infinity|   3.1622776601683794E-01|         10|
 5|  -4.400E+00|                 Infinity|   5.7735026918962584E-01|          3|
 5|  -4.200E+00|                 Infinity|   3.7796447300922720E-01|          7|
 5|  -4.000E+00|                 Infinity|   3.7796447300922720E-01|          7|
 5|  -3.800E+00|                 Infinity|   2.5819888974716110E-01|         15|
 5|  -3.600E+00|                 Infinity|   2.2941573387056174E-01|         19|
 5|  -3.400E+00|                 Infinity|   1.7407765595569785E-01|         33|
 5|  -3.200E+00|                 Infinity|   1.5617376188860607E-01|         41|
 5|  -3.000E+00|                 Infinity|   1.1704114719613057E-01|         73|
 5|  -2.800E+00|                 Infinity|   8.7370405666103795E-02|        131|
 5|  -2.600E+00|                 Infinity|   9.2057461789832346E-02|        118|
 5|  -2.400E+00|                 Infinity|   8.5125653075874858E-02|        138|
 5|  -2.200E+00|                 Infinity|   7.0888120500833582E-02|        199|
 5|  -2.000E+00|                 Infinity|   5.4799662435119099E-02|        333|
 5|  -1.800E+00|                 Infinity|   5.2414241836095915E-02|        364|
 5|  -1.600E+00|                 Infinity|   5.6254395046301198E-02|        316|
 5|  -1.400E+00|                 Infinity|   4.6126560401444250E-02|        470|
 5|  -1.200E+00|                 Infinity|   4.1065078117659089E-02|        593|
 5|  -1.000E+00|                 Infinity|   3.3786868919974296E-02|        876|
 5|  -8.000E-01|                 Infinity|   2.9399051601892736E-02|       1157|
 5|  -6.000E-01|                 Infinity|   2.8976379389987237E-02|       1191|
 5|  -4.000E-01|                 Infinity|   2.5854384499750957E-02|       1496|
 5|  -2.000E-01|                 Infinity|   2.6180163474687157E-02|       1459|
 5|   0.000E+00|                 Infinity|   2.4499797877501263E-02|       1666|
 5|   2.000E-01|                 Infinity|   2.5565499628245683E-02|       1530|
 5|   4.000E-01|                 Infinity|   2.3823032760289849E-02|       1762|
 5|   6.000E-01|                 Infinity|   2.3124864503144014E-02|       1870|
 5|   8.000E-01|                 Infinity|   2.5205634593236811E-02|       1574|
 5|   1.000E+00|                 Infinity|   2.8665182485640765E-02|       1217|
 5|   1.200E+00|                 Infinity|   3.0656966974248290E-02|       1064|
 5|   1.400E+00|                 Infinity|   3.3351867298253506E-02|        899|
 5|   1.600E+00|                 Infinity|   3.4879005320757793E-02|        822|
 5|   1.800E+00|                 Infinity|   3.7113480951260276E-02|        726|
 5|   2.000E+00|                 Infinity|   3.7087947077614203E-02|        727|
 5|   2.200E+00|                 Infinity|   3.5990787537434725E-02|        772|
 5|   2.400E+00|                 Infinity|   4.3768810953240853E-02|        522|
 5|   2.600E+00|                 Infinity|   5.2558833122763673E-02|        362|
 5|   2.800E+00|                 Infinity|   6.1199006136210460E-02|        267|
 5|   3.000E+00|                 Infinity|   6.9504804685691590E-02|        207|
 5|   3.200E+00|                 Infinity|   9.7128586235726413E-02|        106|
 5|   3.400E+00|                 Infinity|   1.1547005383792514E-01|         75|
 5|   3.600E+00|                 Infinity|   1.2126781251816648E-01|         68|
 5|   3.800E+00|                 Infinity|   1.3245323570650439E-01|         57|
 5|   4.000E+00|                 Infinity|   2.0000000000000001E-01|         25|
 5|   4.200E+00|                 Infinity|   2.3570226039551587E-01|         18|
 5|   4.400E+00|                 Infinity|   4.0824829046386307E-01|          6|
 5|   4.600E+00|                 Infinity|   4.4721359549995793E-01|          5|
 5|   4.800E+00|                 Infinity|   3.0151134457776363E-01|         11|
# integrated result:   9.2779539971834055E-07
#
# Histogram 6: mz1                                               
 6|   0.000E+00|                      NaN|   0.0000000000000000E+00|          0|
 6|   2.000E+00|                      NaN|   0.0000000000000000E+00|          0|
 6|   4.000E+00|                 Infinity|   1.7931631503020816E-02|       3110|
 6|   6.000E+00|                 Infinity|   2.1858249849398711E-02|       2093|
 6|   8.000E+00|                 Infinity|   2.4485105343719588E-02|       1668|
 6|   1.000E+01|                 Infinity|   2.8952080535072162E-02|       1193|
 6|   1.200E+01|                 Infinity|   3.2879797461071454E-02|        925|
 6|   1.400E+01|                 Infinity|   3.0137438733945612E-02|       1101|
 6|   1.600E+01|                 Infinity|   4.8450158311150918E-02|        426|
 6|   1.800E+01|                 Infinity|   6.2869461346193145E-02|        253|
 6|   2.000E+01|                 Infinity|   5.0125470711708552E-02|        398|
 6|   2.200E+01|                 Infinity|   5.4717565516458275E-02|        334|
 6|   2.400E+01|                 Infinity|   5.6433264798310033E-02|        314|
 6|   2.600E+01|                 Infinity|   7.4743509275193590E-02|        179|
 6|   2.800E+01|                 Infinity|   7.7849894416152296E-02|        165|
 6|   3.000E+01|                 Infinity|   7.4743509275193590E-02|        179|
 6|   3.200E+01|                 Infinity|   9.1669849702821132E-02|        119|
 6|   3.400E+01|                 Infinity|   1.1785113019775793E-01|         72|
 6|   3.600E+01|                 Infinity|   1.3245323570650439E-01|         57|
 6|   3.800E+01|                 Infinity|   1.3608276348795434E-01|         54|
 6|   4.000E+01|                 Infinity|   1.5430334996209191E-01|         42|
 6|   4.200E+01|                 Infinity|   1.5075567228888181E-01|         44|
 6|   4.400E+01|                 Infinity|   1.5430334996209191E-01|         42|
 6|   4.600E+01|                 Infinity|   1.5617376188860607E-01|         41|
 6|   4.800E+01|                 Infinity|   1.6903085094570330E-01|         35|
 6|   5.000E+01|                 Infinity|   1.6222142113076254E-01|         38|
 6|   5.200E+01|                 Infinity|   1.7677669529663687E-01|         32|
 6|   5.400E+01|                 Infinity|   1.4002800840280097E-01|         51|
 6|   5.600E+01|                 Infinity|   1.3130643285972254E-01|         58|
 6|   5.800E+01|                 Infinity|   1.3867504905630729E-01|         52|
 6|   6.000E+01|                 Infinity|   1.2500000000000000E-01|         64|
 6|   6.200E+01|                 Infinity|   1.1470786693528087E-01|         76|
 6|   6.400E+01|                 Infinity|   1.2803687993289598E-01|         61|
 6|   6.600E+01|                 Infinity|   1.1043152607484653E-01|         82|
 6|   6.800E+01|                 Infinity|   1.1952286093343936E-01|         70|
 6|   7.000E+01|                 Infinity|   1.6439898730535729E-01|         37|
 6|   7.200E+01|                 Infinity|   1.8569533817705186E-01|         29|
 6|   7.400E+01|                 Infinity|   1.5075567228888181E-01|         44|
 6|   7.600E+01|                 Infinity|   1.4907119849998599E-01|         45|
 6|   7.800E+01|                 Infinity|   1.1867816581938533E-01|         71|
 6|   8.000E+01|                 Infinity|   1.3736056394868904E-01|         53|
 6|   8.200E+01|                 Infinity|   1.2126781251816648E-01|         68|
 6|   8.400E+01|                 Infinity|   7.3922127095457285E-02|        183|
 6|   8.600E+01|                 Infinity|   4.0689422938557970E-02|        604|
 6|   8.800E+01|                 Infinity|   2.4463116021507716E-02|       1671|
 6|   9.000E+01|                 Infinity|   1.2705136772327610E-02|       6195|
 6|   9.200E+01|                 Infinity|   2.1291058142914557E-02|       2206|
 6|   9.400E+01|                 Infinity|   5.4882129994845173E-02|        332|
 6|   9.600E+01|                 Infinity|   9.5782628522115137E-02|        109|
 6|   9.800E+01|                 Infinity|   1.1952286093343936E-01|         70|
 6|   1.000E+02|                 Infinity|   1.4002800840280097E-01|         51|
 6|   1.020E+02|                 Infinity|   1.4002800840280097E-01|         51|
 6|   1.040E+02|                 Infinity|   1.2598815766974239E-01|         63|
 6|   1.060E+02|                 Infinity|   1.2909944487358055E-01|         60|
 6|   1.080E+02|                 Infinity|   2.0851441405707477E-01|         23|
 6|   1.100E+02|                 Infinity|   2.8867513459481292E-01|         12|
 6|   1.120E+02|                 Infinity|   2.7735009811261457E-01|         13|
 6|   1.140E+02|                 Infinity|   5.0000000000000000E-01|          4|
 6|   1.160E+02|                 Infinity|   4.4721359549995793E-01|          5|
 6|   1.180E+02|                      NaN|   0.0000000000000000E+00|          0|
 6|   1.200E+02|                      NaN|   0.0000000000000000E+00|          0|
 6|   1.220E+02|                      NaN|   0.0000000000000000E+00|          0|
 6|   1.240E+02|                      NaN|   0.0000000000000000E+00|          0|
 6|   1.260E+02|                      NaN|   0.0000000000000000E+00|          0|
 6|   1.280E+02|                      NaN|   0.0000000000000000E+00|          0|
 6|   1.300E+02|                      NaN|   0.0000000000000000E+00|          0|
 6|   1.320E+02|                      NaN|   0.0000000000000000E+00|          0|
 6|   1.340E+02|                      NaN|   0.0000000000000000E+00|          0|
 6|   1.360E+02|                      NaN|   0.0000000000000000E+00|          0|
 6|   1.380E+02|                      NaN|   0.0000000000000000E+00|          0|
 6|   1.400E+02|                      NaN|   0.0000000000000000E+00|          0|
 6|   1.420E+02|                      NaN|   0.0000000000000000E+00|          0|
 6|   1.440E+02|                      NaN|   0.0000000000000000E+00|          0|
 6|   1.460E+02|                      NaN|   0.0000000000000000E+00|          0|
 6|   1.480E+02|                      NaN|   0.0000000000000000E+00|          0|
 6|   1.500E+02|                      NaN|   0.0000000000000000E+00|          0|
 6|   1.520E+02|                      NaN|   0.0000000000000000E+00|          0|
 6|   1.540E+02|                      NaN|   0.0000000000000000E+00|          0|
 6|   1.560E+02|                      NaN|   0.0000000000000000E+00|          0|
 6|   1.580E+02|                      NaN|   0.0000000000000000E+00|          0|
 6|   1.600E+02|                      NaN|   0.0000000000000000E+00|          0|
 6|   1.620E+02|                      NaN|   0.0000000000000000E+00|          0|
 6|   1.640E+02|                      NaN|   0.0000000000000000E+00|          0|
 6|   1.660E+02|                      NaN|   0.0000000000000000E+00|          0|
 6|   1.680E+02|                      NaN|   0.0000000000000000E+00|          0|
 6|   1.700E+02|                      NaN|   0.0000000000000000E+00|          0|
 6|   1.720E+02|                      NaN|   0.0000000000000000E+00|          0|
 6|   1.740E+02|                      NaN|   0.0000000000000000E+00|          0|
 6|   1.760E+02|                      NaN|   0.0000000000000000E+00|          0|
 6|   1.780E+02|                      NaN|   0.0000000000000000E+00|          0|
 6|   1.800E+02|                      NaN|   0.0000000000000000E+00|          0|
 6|   1.820E+02|                      NaN|   0.0000000000000000E+00|          0|
 6|   1.840E+02|                      NaN|   0.0000000000000000E+00|          0|
 6|   1.860E+02|                      NaN|   0.0000000000000000E+00|          0|
 6|   1.880E+02|                      NaN|   0.0000000000000000E+00|          0|
 6|   1.900E+02|                      NaN|   0.0000000000000000E+00|          0|
 6|   1.920E+02|                      NaN|   0.0000000000000000E+00|          0|
 6|   1.940E+02|                      NaN|   0.0000000000000000E+00|          0|
 6|   1.960E+02|                      NaN|   0.0000000000000000E+00|          0|
 6|   1.980E+02|                      NaN|   0.0000000000000000E+00|          0|
# integrated result:   9.2779539971833949E-07
#
# Histogram 7: mz2                                               
 7|   0.000E+00|                      NaN|   0.0000000000000000E+00|          0|
 7|   2.000E+00|                      NaN|   0.0000000000000000E+00|          0|
 7|   4.000E+00|                 Infinity|   2.4000768036865964E-02|       1736|
 7|   6.000E+00|                 Infinity|   2.8583097523751475E-02|       1224|
 7|   8.000E+00|                 Infinity|   3.1143732993214979E-02|       1031|
 7|   1.000E+01|                 Infinity|   3.2207831320041541E-02|        964|
 7|   1.200E+01|                 Infinity|   3.8320083261967369E-02|        681|
 7|   1.400E+01|                 Infinity|   4.1030496993110906E-02|        594|
 7|   1.600E+01|                 Infinity|   4.3810795433832352E-02|        521|
 7|   1.800E+01|                 Infinity|   3.7635496474749071E-02|        706|
 7|   2.000E+01|                 Infinity|   3.8895492079220696E-02|        661|
 7|   2.200E+01|                 Infinity|   4.0258484111423729E-02|        617|
 7|   2.400E+01|                 Infinity|   3.8208035995043507E-02|        685|
 7|   2.600E+01|                 Infinity|   3.3767600672658715E-02|        877|
 7|   2.800E+01|                 Infinity|   3.3538923545276884E-02|        889|
 7|   3.000E+01|                 Infinity|   3.3864273073929821E-02|        872|
 7|   3.200E+01|                 Infinity|   3.7502930030867465E-02|        711|
 7|   3.400E+01|                 Infinity|   5.8621038176054921E-02|        291|
 7|   3.600E+01|                 Infinity|   9.5346258924559238E-02|        110|
 7|   3.800E+01|                 Infinity|   1.3130643285972254E-01|         58|
 7|   4.000E+01|                 Infinity|   1.2909944487358055E-01|         60|
 7|   4.200E+01|                 Infinity|   1.3608276348795434E-01|         54|
 7|   4.400E+01|                 Infinity|   1.4142135623730950E-01|         50|
 7|   4.600E+01|                 Infinity|   1.3736056394868904E-01|         53|
 7|   4.800E+01|                 Infinity|   1.3867504905630729E-01|         52|
 7|   5.000E+01|                 Infinity|   1.5075567228888181E-01|         44|
 7|   5.200E+01|                 Infinity|   1.4586499149789456E-01|         47|
 7|   5.400E+01|                 Infinity|   1.3736056394868904E-01|         53|
 7|   5.600E+01|                 Infinity|   1.8257418583505536E-01|         30|
 7|   5.800E+01|                 Infinity|   1.5075567228888181E-01|         44|
 7|   6.000E+01|                 Infinity|   1.4433756729740646E-01|         48|
 7|   6.200E+01|                 Infinity|   1.3867504905630729E-01|         52|
 7|   6.400E+01|                 Infinity|   1.1547005383792514E-01|         75|
 7|   6.600E+01|                 Infinity|   9.7128586235726413E-02|        106|
 7|   6.800E+01|                 Infinity|   7.4124931666110117E-02|        182|
 7|   7.000E+01|                 Infinity|   5.8621038176054921E-02|        291|
 7|   7.200E+01|                 Infinity|   4.4455422447438706E-02|        506|
 7|   7.400E+01|                 Infinity|   9.0535746042518531E-02|        122|
 7|   7.600E+01|                 Infinity|   5.4232614454664041E-02|        340|
 7|   7.800E+01|                 Infinity|   3.7932162090544078E-02|        695|
 7|   8.000E+01|                 Infinity|   5.3300179088902604E-02|        352|
 7|   8.200E+01|                 Infinity|   3.7450294313656908E-02|        713|
 7|   8.400E+01|                 Infinity|   3.5555906726738896E-02|        791|
 7|   8.600E+01|                 Infinity|   2.9086486358157505E-02|       1182|
 7|   8.800E+01|                 Infinity|   2.6793191107712163E-02|       1393|
 7|   9.000E+01|                 Infinity|   1.7755520605710874E-02|       3172|
 7|   9.200E+01|                 Infinity|   3.0875376054721921E-02|       1049|
 7|   9.400E+01|                 Infinity|   6.0302268915552716E-02|        275|
 7|   9.600E+01|                 Infinity|   8.2199493652678646E-02|        148|
 7|   9.800E+01|                 Infinity|   1.0482848367219183E-01|         91|
 7|   1.000E+02|                 Infinity|   1.6439898730535729E-01|         37|
 7|   1.020E+02|                 Infinity|   1.9245008972987526E-01|         27|
 7|   1.040E+02|                 Infinity|   2.3570226039551587E-01|         18|
 7|   1.060E+02|                 Infinity|   2.0851441405707477E-01|         23|
 7|   1.080E+02|                 Infinity|   3.1622776601683794E-01|         10|
 7|   1.100E+02|                 Infinity|   3.7796447300922720E-01|          7|
 7|   1.120E+02|                 Infinity|   5.0000000000000000E-01|          4|
 7|   1.140E+02|                 Infinity|   7.0710678118654746E-01|          2|
 7|   1.160E+02|                 Infinity|   1.0000000000000000E+00|          1|
 7|   1.180E+02|                      NaN|   0.0000000000000000E+00|          0|
 7|   1.200E+02|                      NaN|   0.0000000000000000E+00|          0|
 7|   1.220E+02|                      NaN|   0.0000000000000000E+00|          0|
 7|   1.240E+02|                      NaN|   0.0000000000000000E+00|          0|
 7|   1.260E+02|                      NaN|   0.0000000000000000E+00|          0|
 7|   1.280E+02|                      NaN|   0.0000000000000000E+00|          0|
 7|   1.300E+02|                      NaN|   0.0000000000000000E+00|          0|
 7|   1.320E+02|                      NaN|   0.0000000000000000E+00|          0|
 7|   1.340E+02|                      NaN|   0.0000000000000000E+00|          0|
 7|   1.360E+02|                      NaN|   0.0000000000000000E+00|          0|
 7|   1.380E+02|                      NaN|   0.0000000000000000E+00|          0|
 7|   1.400E+02|                      NaN|   0.0000000000000000E+00|          0|
 7|   1.420E+02|                      NaN|   0.0000000000000000E+00|          0|
 7|   1.440E+02|                      NaN|   0.0000000000000000E+00|          0|
 7|   1.460E+02|                      NaN|   0.0000000000000000E+00|          0|
 7|   1.480E+02|                      NaN|   0.0000000000000000E+00|          0|
 7|   1.500E+02|                      NaN|   0.0000000000000000E+00|          0|
 7|   1.520E+02|                      NaN|   0.0000000000000000E+00|          0|
 7|   1.540E+02|                      NaN|   0.0000000000000000E+00|          0|
 7|   1.560E+02|                      NaN|   0.0000000000000000E+00|          0|
 7|   1.580E+02|                      NaN|   0.0000000000000000E+00|          0|
 7|   1.600E+02|                      NaN|   0.0000000000000000E+00|          0|
 7|   1.620E+02|                      NaN|   0.0000000000000000E+00|          0|
 7|   1.640E+02|                      NaN|   0.0000000000000000E+00|          0|
 7|   1.660E+02|                      NaN|   0.0000000000000000E+00|          0|
 7|   1.680E+02|                      NaN|   0.0000000000000000E+00|          0|
 7|   1.700E+02|                      NaN|   0.0000000000000000E+00|          0|
 7|   1.720E+02|                      NaN|   0.0000000000000000E+00|          0|
 7|   1.740E+02|                      NaN|   0.0000000000000000E+00|          0|
 7|   1.760E+02|                      NaN|   0.0000000000000000E+00|          0|
 7|   1.780E+02|                      NaN|   0.0000000000000000E+00|          0|
 7|   1.800E+02|                      NaN|   0.0000000000000000E+00|          0|
 7|   1.820E+02|                      NaN|   0.0000000000000000E+00|          0|
 7|   1.840E+02|                      NaN|   0.0000000000000000E+00|          0|
 7|   1.860E+02|                      NaN|   0.0000000000000000E+00|          0|
 7|   1.880E+02|                      NaN|   0.0000000000000000E+00|          0|
 7|   1.900E+02|                      NaN|   0.0000000000000000E+00|          0|
 7|   1.920E+02|                      NaN|   0.0000000000000000E+00|          0|
 7|   1.940E+02|                      NaN|   0.0000000000000000E+00|          0|
 7|   1.960E+02|                      NaN|   0.0000000000000000E+00|          0|
 7|   1.980E+02|                      NaN|   0.0000000000000000E+00|          0|
# integrated result:   9.2779539971834119E-07
#
# Histogram 8: m_4l                                              
 8|   1.000E+02|                 Infinity|   6.2712258048589174E-03|      25427|
 8|   1.400E+02|                      NaN|   0.0000000000000000E+00|          0|
 8|   1.800E+02|                      NaN|   0.0000000000000000E+00|          0|
 8|   2.200E+02|                      NaN|   0.0000000000000000E+00|          0|
 8|   2.600E+02|                      NaN|   0.0000000000000000E+00|          0|
 8|   3.000E+02|                      NaN|   0.0000000000000000E+00|          0|
 8|   3.400E+02|                      NaN|   0.0000000000000000E+00|          0|
 8|   3.800E+02|                      NaN|   0.0000000000000000E+00|          0|
 8|   4.200E+02|                      NaN|   0.0000000000000000E+00|          0|
 8|   4.600E+02|                      NaN|   0.0000000000000000E+00|          0|
 8|   5.000E+02|                      NaN|   0.0000000000000000E+00|          0|
 8|   5.400E+02|                      NaN|   0.0000000000000000E+00|          0|
 8|   5.800E+02|                      NaN|   0.0000000000000000E+00|          0|
 8|   6.200E+02|                      NaN|   0.0000000000000000E+00|          0|
 8|   6.600E+02|                      NaN|   0.0000000000000000E+00|          0|
 8|   7.000E+02|                      NaN|   0.0000000000000000E+00|          0|
 8|   7.400E+02|                      NaN|   0.0000000000000000E+00|          0|
 8|   7.800E+02|                      NaN|   0.0000000000000000E+00|          0|
 8|   8.200E+02|                      NaN|   0.0000000000000000E+00|          0|
 8|   8.600E+02|                      NaN|   0.0000000000000000E+00|          0|
 8|   9.000E+02|                      NaN|   0.0000000000000000E+00|          0|
 8|   9.400E+02|                      NaN|   0.0000000000000000E+00|          0|
 8|   9.800E+02|                      NaN|   0.0000000000000000E+00|          0|
 8|   1.020E+03|                      NaN|   0.0000000000000000E+00|          0|
 8|   1.060E+03|                      NaN|   0.0000000000000000E+00|          0|
 8|   1.100E+03|                      NaN|   0.0000000000000000E+00|          0|
 8|   1.140E+03|                      NaN|   0.0000000000000000E+00|          0|
 8|   1.180E+03|                      NaN|   0.0000000000000000E+00|          0|
 8|   1.220E+03|                      NaN|   0.0000000000000000E+00|          0|
 8|   1.260E+03|                      NaN|   0.0000000000000000E+00|          0|
 8|   1.300E+03|                      NaN|   0.0000000000000000E+00|          0|
 8|   1.340E+03|                      NaN|   0.0000000000000000E+00|          0|
 8|   1.380E+03|                      NaN|   0.0000000000000000E+00|          0|
 8|   1.420E+03|                      NaN|   0.0000000000000000E+00|          0|
 8|   1.460E+03|                      NaN|   0.0000000000000000E+00|          0|
 8|   1.500E+03|                      NaN|   0.0000000000000000E+00|          0|
 8|   1.540E+03|                      NaN|   0.0000000000000000E+00|          0|
 8|   1.580E+03|                      NaN|   0.0000000000000000E+00|          0|
 8|   1.620E+03|                      NaN|   0.0000000000000000E+00|          0|
 8|   1.660E+03|                      NaN|   0.0000000000000000E+00|          0|
 8|   1.700E+03|                      NaN|   0.0000000000000000E+00|          0|
 8|   1.740E+03|                      NaN|   0.0000000000000000E+00|          0|
 8|   1.780E+03|                      NaN|   0.0000000000000000E+00|          0|
 8|   1.820E+03|                      NaN|   0.0000000000000000E+00|          0|
 8|   1.860E+03|                      NaN|   0.0000000000000000E+00|          0|
 8|   1.900E+03|                      NaN|   0.0000000000000000E+00|          0|
 8|   1.940E+03|                      NaN|   0.0000000000000000E+00|          0|
 8|   1.980E+03|                      NaN|   0.0000000000000000E+00|          0|
 8|   2.020E+03|                      NaN|   0.0000000000000000E+00|          0|
 8|   2.060E+03|                      NaN|   0.0000000000000000E+00|          0|
 8|   2.100E+03|                      NaN|   0.0000000000000000E+00|          0|
 8|   2.140E+03|                      NaN|   0.0000000000000000E+00|          0|
 8|   2.180E+03|                      NaN|   0.0000000000000000E+00|          0|
 8|   2.220E+03|                      NaN|   0.0000000000000000E+00|          0|
 8|   2.260E+03|                      NaN|   0.0000000000000000E+00|          0|
 8|   2.300E+03|                      NaN|   0.0000000000000000E+00|          0|
 8|   2.340E+03|                      NaN|   0.0000000000000000E+00|          0|
 8|   2.380E+03|                      NaN|   0.0000000000000000E+00|          0|
 8|   2.420E+03|                      NaN|   0.0000000000000000E+00|          0|
 8|   2.460E+03|                      NaN|   0.0000000000000000E+00|          0|
 8|   2.500E+03|                      NaN|   0.0000000000000000E+00|          0|
 8|   2.540E+03|                      NaN|   0.0000000000000000E+00|          0|
 8|   2.580E+03|                      NaN|   0.0000000000000000E+00|          0|
 8|   2.620E+03|                      NaN|   0.0000000000000000E+00|          0|
 8|   2.660E+03|                      NaN|   0.0000000000000000E+00|          0|
 8|   2.700E+03|                      NaN|   0.0000000000000000E+00|          0|
 8|   2.740E+03|                      NaN|   0.0000000000000000E+00|          0|
 8|   2.780E+03|                      NaN|   0.0000000000000000E+00|          0|
 8|   2.820E+03|                      NaN|   0.0000000000000000E+00|          0|
 8|   2.860E+03|                      NaN|   0.0000000000000000E+00|          0|
 8|   2.900E+03|                      NaN|   0.0000000000000000E+00|          0|
 8|   2.940E+03|                      NaN|   0.0000000000000000E+00|          0|
 8|   2.980E+03|                      NaN|   0.0000000000000000E+00|          0|
 8|   3.020E+03|                      NaN|   0.0000000000000000E+00|          0|
 8|   3.060E+03|                      NaN|   0.0000000000000000E+00|          0|
 8|   3.100E+03|                      NaN|   0.0000000000000000E+00|          0|
 8|   3.140E+03|                      NaN|   0.0000000000000000E+00|          0|
 8|   3.180E+03|                      NaN|   0.0000000000000000E+00|          0|
 8|   3.220E+03|                      NaN|   0.0000000000000000E+00|          0|
 8|   3.260E+03|                      NaN|   0.0000000000000000E+00|          0|
 8|   3.300E+03|                      NaN|   0.0000000000000000E+00|          0|
 8|   3.340E+03|                      NaN|   0.0000000000000000E+00|          0|
 8|   3.380E+03|                      NaN|   0.0000000000000000E+00|          0|
 8|   3.420E+03|                      NaN|   0.0000000000000000E+00|          0|
 8|   3.460E+03|                      NaN|   0.0000000000000000E+00|          0|
 8|   3.500E+03|                      NaN|   0.0000000000000000E+00|          0|
 8|   3.540E+03|                      NaN|   0.0000000000000000E+00|          0|
 8|   3.580E+03|                      NaN|   0.0000000000000000E+00|          0|
 8|   3.620E+03|                      NaN|   0.0000000000000000E+00|          0|
 8|   3.660E+03|                      NaN|   0.0000000000000000E+00|          0|
 8|   3.700E+03|                      NaN|   0.0000000000000000E+00|          0|
 8|   3.740E+03|                      NaN|   0.0000000000000000E+00|          0|
 8|   3.780E+03|                      NaN|   0.0000000000000000E+00|          0|
 8|   3.820E+03|                      NaN|   0.0000000000000000E+00|          0|
 8|   3.860E+03|                      NaN|   0.0000000000000000E+00|          0|
 8|   3.900E+03|                      NaN|   0.0000000000000000E+00|          0|
 8|   3.940E+03|                      NaN|   0.0000000000000000E+00|          0|
 8|   3.980E+03|                      NaN|   0.0000000000000000E+00|          0|
 8|   4.020E+03|                      NaN|   0.0000000000000000E+00|          0|
 8|   4.060E+03|                      NaN|   0.0000000000000000E+00|          0|
# integrated result:   9.2779539971833685E-07
#
# Histogram 9: m_4l                                              
 9|   8.500E+01|                      NaN|   0.0000000000000000E+00|          0|
 9|   8.600E+01|                      NaN|   0.0000000000000000E+00|          0|
 9|   8.700E+01|                      NaN|   0.0000000000000000E+00|          0|
 9|   8.800E+01|                      NaN|   0.0000000000000000E+00|          0|
 9|   8.900E+01|                      NaN|   0.0000000000000000E+00|          0|
 9|   9.000E+01|                      NaN|   0.0000000000000000E+00|          0|
 9|   9.100E+01|                      NaN|   0.0000000000000000E+00|          0|
 9|   9.200E+01|                      NaN|   0.0000000000000000E+00|          0|
 9|   9.300E+01|                      NaN|   0.0000000000000000E+00|          0|
 9|   9.400E+01|                      NaN|   0.0000000000000000E+00|          0|
 9|   9.500E+01|                      NaN|   0.0000000000000000E+00|          0|
 9|   9.600E+01|                      NaN|   0.0000000000000000E+00|          0|
 9|   9.700E+01|                      NaN|   0.0000000000000000E+00|          0|
 9|   9.800E+01|                      NaN|   0.0000000000000000E+00|          0|
 9|   9.900E+01|                      NaN|   0.0000000000000000E+00|          0|
 9|   1.000E+02|                      NaN|   0.0000000000000000E+00|          0|
 9|   1.010E+02|                      NaN|   0.0000000000000000E+00|          0|
 9|   1.020E+02|                      NaN|   0.0000000000000000E+00|          0|
 9|   1.030E+02|                      NaN|   0.0000000000000000E+00|          0|
 9|   1.040E+02|                      NaN|   0.0000000000000000E+00|          0|
 9|   1.050E+02|                      NaN|   0.0000000000000000E+00|          0|
 9|   1.060E+02|                      NaN|   0.0000000000000000E+00|          0|
 9|   1.070E+02|                      NaN|   0.0000000000000000E+00|          0|
 9|   1.080E+02|                      NaN|   0.0000000000000000E+00|          0|
 9|   1.090E+02|                      NaN|   0.0000000000000000E+00|          0|
 9|   1.100E+02|                      NaN|   0.0000000000000000E+00|          0|
 9|   1.110E+02|                      NaN|   0.0000000000000000E+00|          0|
 9|   1.120E+02|                      NaN|   0.0000000000000000E+00|          0|
 9|   1.130E+02|                      NaN|   0.0000000000000000E+00|          0|
 9|   1.140E+02|                      NaN|   0.0000000000000000E+00|          0|
 9|   1.150E+02|                      NaN|   0.0000000000000000E+00|          0|
 9|   1.160E+02|                      NaN|   0.0000000000000000E+00|          0|
 9|   1.170E+02|                      NaN|   0.0000000000000000E+00|          0|
 9|   1.180E+02|                      NaN|   0.0000000000000000E+00|          0|
 9|   1.190E+02|                      NaN|   0.0000000000000000E+00|          0|
 9|   1.200E+02|                      NaN|   0.0000000000000000E+00|          0|
 9|   1.210E+02|                      NaN|   0.0000000000000000E+00|          0|
 9|   1.220E+02|                      NaN|   0.0000000000000000E+00|          0|
 9|   1.230E+02|                      NaN|   0.0000000000000000E+00|          0|
 9|   1.240E+02|                 Infinity|   8.6047177111623005E-03|      13506|
 9|   1.250E+02|                 Infinity|   9.1589071438019382E-03|      11921|
 9|   1.260E+02|                      NaN|   0.0000000000000000E+00|          0|
 9|   1.270E+02|                      NaN|   0.0000000000000000E+00|          0|
 9|   1.280E+02|                      NaN|   0.0000000000000000E+00|          0|
 9|   1.290E+02|                      NaN|   0.0000000000000000E+00|          0|
 9|   1.300E+02|                      NaN|   0.0000000000000000E+00|          0|
 9|   1.310E+02|                      NaN|   0.0000000000000000E+00|          0|
 9|   1.320E+02|                      NaN|   0.0000000000000000E+00|          0|
 9|   1.330E+02|                      NaN|   0.0000000000000000E+00|          0|
 9|   1.340E+02|                      NaN|   0.0000000000000000E+00|          0|
# integrated result:   9.2779539971833738E-07
#
# Histogram10: Phi1                                              
10|  -3.142E+00|                 Infinity|   4.3233770116711694E-02|        535|
10|  -2.985E+00|                 Infinity|   4.5501575519329006E-02|        483|
10|  -2.827E+00|                 Infinity|   4.5501575519329006E-02|        483|
10|  -2.670E+00|                 Infinity|   4.3602072019694738E-02|        526|
10|  -2.513E+00|                 Infinity|   4.1451333614483915E-02|        582|
10|  -2.356E+00|                 Infinity|   4.0655781409087086E-02|        605|
10|  -2.199E+00|                 Infinity|   4.0225899335456484E-02|        618|
10|  -2.042E+00|                 Infinity|   3.9314056698537575E-02|        647|
10|  -1.885E+00|                 Infinity|   3.7087947077614203E-02|        727|
10|  -1.728E+00|                 Infinity|   3.6986336072765455E-02|        731|
10|  -1.571E+00|                 Infinity|   3.6297700432031385E-02|        759|
10|  -1.414E+00|                 Infinity|   3.5967500063280318E-02|        773|
10|  -1.257E+00|                 Infinity|   3.7267799624996496E-02|        720|
10|  -1.100E+00|                 Infinity|   3.7371754637596795E-02|        716|
10|  -9.425E-01|                 Infinity|   3.6637165272365581E-02|        745|
10|  -7.854E-01|                 Infinity|   3.7823473723611688E-02|        699|
10|  -6.283E-01|                 Infinity|   4.0689422938557970E-02|        604|
10|  -4.713E-01|                 Infinity|   4.1996052556580801E-02|        567|
10|  -3.142E-01|                 Infinity|   4.3233770116711694E-02|        535|
10|  -1.571E-01|                 Infinity|   4.3396303660274617E-02|        531|
10|  -3.000E-05|                 Infinity|   4.4811071494822087E-02|        498|
10|   1.570E-01|                 Infinity|   4.3073049225394802E-02|        539|
10|   3.141E-01|                 Infinity|   4.1848697531868720E-02|        571|
10|   4.712E-01|                 Infinity|   3.9344473768231684E-02|        646|
10|   6.283E-01|                 Infinity|   3.7688918072220454E-02|        704|
10|   7.854E-01|                 Infinity|   3.6178730264621081E-02|        764|
10|   9.424E-01|                 Infinity|   3.6686441912352652E-02|        743|
10|   1.100E+00|                 Infinity|   3.6107907233705945E-02|        767|
10|   1.257E+00|                 Infinity|   3.5759926992607577E-02|        782|
10|   1.414E+00|                 Infinity|   3.4942827890730610E-02|        819|
10|   1.571E+00|                 Infinity|   3.6131468676496206E-02|        766|
10|   1.728E+00|                 Infinity|   3.8291979053374177E-02|        682|
10|   1.885E+00|                 Infinity|   3.8518560788567267E-02|        674|
10|   2.042E+00|                 Infinity|   3.8807526285316640E-02|        664|
10|   2.199E+00|                 Infinity|   4.1134503489486357E-02|        591|
10|   2.356E+00|                 Infinity|   4.1812100500354540E-02|        572|
10|   2.513E+00|                 Infinity|   4.2993358039234778E-02|        541|
10|   2.670E+00|                 Infinity|   4.2874646285627205E-02|        544|
10|   2.827E+00|                 Infinity|   4.5980048987170286E-02|        473|
10|   2.984E+00|                 Infinity|   4.4676705160877031E-02|        501|
# integrated result:   9.2779539971834087E-07
#
