#
# column #1=histogram, #2=x-axis bin, #3=binned cross-section, #4=error, #5=number of events 
# this can be easily plotted in gnuplot with the commands:
#    NHi=3
#    plot 'output.dat' using ($2):($1==NHi ? $3 : 1/0) w st
# where NHi selects the histogram
#
#
# run time =      -0.05min
# TotCS =      2.3583707501E-06           8.54901E-07
#
# Histogram 1: m_jj                                              
 1|   0.000E+00|                 Infinity|   3.3077060082781121E-02|        914|
 1|   5.000E+01|                 Infinity|   1.5007505629691604E-02|       4440|
 1|   1.000E+02|                 Infinity|   1.4922049367861507E-02|       4491|
 1|   1.500E+02|                 Infinity|   1.6878989451394443E-02|       3510|
 1|   2.000E+02|                 Infinity|   1.9121472563060887E-02|       2735|
 1|   2.500E+02|                 Infinity|   2.2304986837273527E-02|       2010|
 1|   3.000E+02|                 Infinity|   2.5141822757713452E-02|       1582|
 1|   3.500E+02|                 Infinity|   2.8160635851807621E-02|       1261|
 1|   4.000E+02|                 Infinity|   3.0685820596610777E-02|       1062|
 1|   4.500E+02|                 Infinity|   3.8433122101204392E-02|        677|
 1|   5.000E+02|                 Infinity|   4.3033148291193521E-02|        540|
 1|   5.500E+02|                 Infinity|   4.8911598804451853E-02|        418|
 1|   6.000E+02|                 Infinity|   5.6077215409204434E-02|        318|
 1|   6.500E+02|                 Infinity|   5.5555555555555552E-02|        324|
 1|   7.000E+02|                 Infinity|   6.1898446059017294E-02|        261|
 1|   7.500E+02|                 Infinity|   6.5094455490411943E-02|        236|
 1|   8.000E+02|                 Infinity|   7.2547625011001163E-02|        190|
 1|   8.500E+02|                 Infinity|   8.7705801930702931E-02|        130|
 1|   9.000E+02|                 Infinity|   8.2478609884232251E-02|        147|
 1|   9.500E+02|                 Infinity|   8.7370405666103795E-02|        131|
 1|   1.000E+03|                 Infinity|   1.0000000000000001E-01|        100|
 1|   1.050E+03|                 Infinity|   9.9014754297667443E-02|        102|
 1|   1.100E+03|                 Infinity|   1.1250879009260240E-01|         79|
 1|   1.150E+03|                 Infinity|   1.1704114719613057E-01|         73|
 1|   1.200E+03|                 Infinity|   1.3736056394868904E-01|         53|
 1|   1.250E+03|                 Infinity|   1.3363062095621220E-01|         56|
 1|   1.300E+03|                 Infinity|   1.5811388300841897E-01|         40|
 1|   1.350E+03|                 Infinity|   1.7677669529663687E-01|         32|
 1|   1.400E+03|                 Infinity|   1.6903085094570330E-01|         35|
 1|   1.450E+03|                 Infinity|   1.5430334996209191E-01|         42|
 1|   1.500E+03|                 Infinity|   2.0851441405707477E-01|         23|
 1|   1.550E+03|                 Infinity|   2.2941573387056174E-01|         19|
 1|   1.600E+03|                 Infinity|   2.1821789023599239E-01|         21|
 1|   1.650E+03|                 Infinity|   2.5000000000000000E-01|         16|
 1|   1.700E+03|                 Infinity|   2.6726124191242440E-01|         14|
 1|   1.750E+03|                 Infinity|   2.5819888974716110E-01|         15|
 1|   1.800E+03|                 Infinity|   2.6726124191242440E-01|         14|
 1|   1.850E+03|                 Infinity|   3.3333333333333331E-01|          9|
 1|   1.900E+03|                 Infinity|   3.0151134457776363E-01|         11|
 1|   1.950E+03|                 Infinity|   3.7796447300922720E-01|          7|
 1|   2.000E+03|                 Infinity|   5.7735026918962584E-01|          3|
 1|   2.050E+03|                 Infinity|   1.0000000000000000E+00|          1|
 1|   2.100E+03|                 Infinity|   4.4721359549995793E-01|          5|
 1|   2.150E+03|                 Infinity|   4.0824829046386307E-01|          6|
 1|   2.200E+03|                 Infinity|   1.0000000000000000E+00|          1|
 1|   2.250E+03|                 Infinity|   1.0000000000000000E+00|          1|
 1|   2.300E+03|                 Infinity|   5.0000000000000000E-01|          4|
 1|   2.350E+03|                 Infinity|   5.7735026918962584E-01|          3|
 1|   2.400E+03|                 Infinity|   7.0710678118654746E-01|          2|
 1|   2.450E+03|                 Infinity|   7.0710678118654746E-01|          2|
 1|   2.500E+03|                 Infinity|   5.0000000000000000E-01|          4|
 1|   2.550E+03|                 Infinity|   1.0000000000000000E+00|          1|
 1|   2.600E+03|                 Infinity|   1.0000000000000000E+00|          1|
 1|   2.650E+03|                 Infinity|   1.0000000000000000E+00|          1|
 1|   2.700E+03|                      NaN|   0.0000000000000000E+00|          0|
 1|   2.750E+03|                 Infinity|   1.0000000000000000E+00|          1|
 1|   2.800E+03|                 Infinity|   7.0710678118654746E-01|          2|
 1|   2.850E+03|                 Infinity|   1.0000000000000000E+00|          1|
 1|   2.900E+03|                      NaN|   0.0000000000000000E+00|          0|
 1|   2.950E+03|                      NaN|   0.0000000000000000E+00|          0|
 1|   3.000E+03|                      NaN|   0.0000000000000000E+00|          0|
 1|   3.050E+03|                      NaN|   0.0000000000000000E+00|          0|
 1|   3.100E+03|                 Infinity|   1.0000000000000000E+00|          1|
 1|   3.150E+03|                 Infinity|   1.0000000000000000E+00|          1|
 1|   3.200E+03|                 Infinity|   1.0000000000000000E+00|          1|
 1|   3.250E+03|                      NaN|   0.0000000000000000E+00|          0|
 1|   3.300E+03|                      NaN|   0.0000000000000000E+00|          0|
 1|   3.350E+03|                 Infinity|   7.0710678118654746E-01|          2|
 1|   3.400E+03|                      NaN|   0.0000000000000000E+00|          0|
 1|   3.450E+03|                      NaN|   0.0000000000000000E+00|          0|
 1|   3.500E+03|                 Infinity|   1.0000000000000000E+00|          1|
 1|   3.550E+03|                      NaN|   0.0000000000000000E+00|          0|
 1|   3.600E+03|                 Infinity|   1.0000000000000000E+00|          1|
 1|   3.650E+03|                      NaN|   0.0000000000000000E+00|          0|
 1|   3.700E+03|                      NaN|   0.0000000000000000E+00|          0|
 1|   3.750E+03|                      NaN|   0.0000000000000000E+00|          0|
 1|   3.800E+03|                      NaN|   0.0000000000000000E+00|          0|
 1|   3.850E+03|                      NaN|   0.0000000000000000E+00|          0|
 1|   3.900E+03|                      NaN|   0.0000000000000000E+00|          0|
 1|   3.950E+03|                      NaN|   0.0000000000000000E+00|          0|
 1|   4.000E+03|                      NaN|   0.0000000000000000E+00|          0|
 1|   4.050E+03|                      NaN|   0.0000000000000000E+00|          0|
 1|   4.100E+03|                      NaN|   0.0000000000000000E+00|          0|
 1|   4.150E+03|                      NaN|   0.0000000000000000E+00|          0|
 1|   4.200E+03|                      NaN|   0.0000000000000000E+00|          0|
 1|   4.250E+03|                      NaN|   0.0000000000000000E+00|          0|
 1|   4.300E+03|                      NaN|   0.0000000000000000E+00|          0|
 1|   4.350E+03|                      NaN|   0.0000000000000000E+00|          0|
 1|   4.400E+03|                      NaN|   0.0000000000000000E+00|          0|
 1|   4.450E+03|                      NaN|   0.0000000000000000E+00|          0|
 1|   4.500E+03|                      NaN|   0.0000000000000000E+00|          0|
 1|   4.550E+03|                      NaN|   0.0000000000000000E+00|          0|
 1|   4.600E+03|                      NaN|   0.0000000000000000E+00|          0|
 1|   4.650E+03|                      NaN|   0.0000000000000000E+00|          0|
 1|   4.700E+03|                      NaN|   0.0000000000000000E+00|          0|
 1|   4.750E+03|                      NaN|   0.0000000000000000E+00|          0|
 1|   4.800E+03|                      NaN|   0.0000000000000000E+00|          0|
 1|   4.850E+03|                      NaN|   0.0000000000000000E+00|          0|
 1|   4.900E+03|                      NaN|   0.0000000000000000E+00|          0|
 1|   4.950E+03|                      NaN|   0.0000000000000000E+00|          0|
# integrated result:   2.3583707500603453E-06
#
# Histogram 2: m_jj                                              
 2|   0.000E+00|                      NaN|   0.0000000000000000E+00|          0|
 2|   2.000E+00|                      NaN|   0.0000000000000000E+00|          0|
 2|   4.000E+00|                      NaN|   0.0000000000000000E+00|          0|
 2|   6.000E+00|                      NaN|   0.0000000000000000E+00|          0|
 2|   8.000E+00|                      NaN|   0.0000000000000000E+00|          0|
 2|   1.000E+01|                      NaN|   0.0000000000000000E+00|          0|
 2|   1.200E+01|                      NaN|   0.0000000000000000E+00|          0|
 2|   1.400E+01|                      NaN|   0.0000000000000000E+00|          0|
 2|   1.600E+01|                      NaN|   0.0000000000000000E+00|          0|
 2|   1.800E+01|                      NaN|   0.0000000000000000E+00|          0|
 2|   2.000E+01|                      NaN|   0.0000000000000000E+00|          0|
 2|   2.200E+01|                      NaN|   0.0000000000000000E+00|          0|
 2|   2.400E+01|                      NaN|   0.0000000000000000E+00|          0|
 2|   2.600E+01|                      NaN|   0.0000000000000000E+00|          0|
 2|   2.800E+01|                      NaN|   0.0000000000000000E+00|          0|
 2|   3.000E+01|                 Infinity|   2.8867513459481292E-01|         12|
 2|   3.200E+01|                 Infinity|   1.6439898730535729E-01|         37|
 2|   3.400E+01|                 Infinity|   1.2216944435630522E-01|         67|
 2|   3.600E+01|                 Infinity|   1.0599978800063600E-01|         89|
 2|   3.800E+01|                 Infinity|   1.1111111111111110E-01|         81|
 2|   4.000E+01|                 Infinity|   9.6225044864937631E-02|        108|
 2|   4.200E+01|                 Infinity|   9.7128586235726413E-02|        106|
 2|   4.400E+01|                 Infinity|   8.8388347648318433E-02|        128|
 2|   4.600E+01|                 Infinity|   8.3624201000709081E-02|        143|
 2|   4.800E+01|                 Infinity|   8.3624201000709081E-02|        143|
 2|   5.000E+01|                 Infinity|   8.3918135829668908E-02|        142|
 2|   5.200E+01|                 Infinity|   8.8045090632562384E-02|        129|
 2|   5.400E+01|                 Infinity|   8.0845208345444328E-02|        153|
 2|   5.600E+01|                 Infinity|   8.7705801930702931E-02|        130|
 2|   5.800E+01|                 Infinity|   8.0064076902543566E-02|        156|
 2|   6.000E+01|                 Infinity|   7.9305158571814416E-02|        159|
 2|   6.200E+01|                 Infinity|   7.3127242412713067E-02|        187|
 2|   6.400E+01|                 Infinity|   7.3720978077448568E-02|        184|
 2|   6.600E+01|                 Infinity|   8.3045479853739973E-02|        145|
 2|   6.800E+01|                 Infinity|   7.0710678118654752E-02|        200|
 2|   7.000E+01|                 Infinity|   8.0582296402538028E-02|        154|
 2|   7.200E+01|                 Infinity|   7.5809804357890337E-02|        174|
 2|   7.400E+01|                 Infinity|   7.3127242412713067E-02|        187|
 2|   7.600E+01|                 Infinity|   7.4743509275193590E-02|        179|
 2|   7.800E+01|                 Infinity|   7.0888120500833582E-02|        199|
 2|   8.000E+01|                 Infinity|   7.3127242412713067E-02|        187|
 2|   8.200E+01|                 Infinity|   6.6666666666666666E-02|        225|
 2|   8.400E+01|                 Infinity|   7.1066905451870152E-02|        198|
 2|   8.600E+01|                 Infinity|   7.3127242412713067E-02|        187|
 2|   8.800E+01|                 Infinity|   7.3720978077448568E-02|        184|
 2|   9.000E+01|                 Infinity|   7.3323557510676651E-02|        186|
 2|   9.200E+01|                 Infinity|   7.1611487403943297E-02|        195|
 2|   9.400E+01|                 Infinity|   7.0014004201400484E-02|        204|
 2|   9.600E+01|                 Infinity|   7.4743509275193590E-02|        179|
 2|   9.800E+01|                 Infinity|   6.7884423330213065E-02|        217|
 2|   1.000E+02|                 Infinity|   6.9006555934235422E-02|        210|
 2|   1.020E+02|                 Infinity|   7.0186240634359645E-02|        203|
 2|   1.040E+02|                 Infinity|   6.9337524528153643E-02|        208|
 2|   1.060E+02|                 Infinity|   6.9504804685691590E-02|        207|
 2|   1.080E+02|                 Infinity|   7.7382323253413682E-02|        167|
 2|   1.100E+02|                 Infinity|   7.0534561585859828E-02|        201|
 2|   1.120E+02|                 Infinity|   7.3127242412713067E-02|        187|
 2|   1.140E+02|                 Infinity|   7.2547625011001163E-02|        190|
 2|   1.160E+02|                 Infinity|   7.4743509275193590E-02|        179|
 2|   1.180E+02|                 Infinity|   7.2739296745330792E-02|        189|
 2|   1.200E+02|                 Infinity|   7.6028592126970551E-02|        173|
 2|   1.220E+02|                 Infinity|   7.1981575074869450E-02|        193|
 2|   1.240E+02|                 Infinity|   7.4953168899586142E-02|        178|
 2|   1.260E+02|                 Infinity|   7.2547625011001163E-02|        190|
 2|   1.280E+02|                 Infinity|   8.0321932890249886E-02|        155|
 2|   1.300E+02|                 Infinity|   7.7382323253413682E-02|        167|
 2|   1.320E+02|                 Infinity|   8.0064076902543566E-02|        156|
 2|   1.340E+02|                 Infinity|   7.7151674981045956E-02|        168|
 2|   1.360E+02|                 Infinity|   7.8811040623910061E-02|        161|
 2|   1.380E+02|                 Infinity|   7.4124931666110117E-02|        182|
 2|   1.400E+02|                 Infinity|   7.9305158571814416E-02|        159|
 2|   1.420E+02|                 Infinity|   7.8567420131838608E-02|        162|
 2|   1.440E+02|                 Infinity|   7.8567420131838608E-02|        162|
 2|   1.460E+02|                 Infinity|   7.4743509275193590E-02|        179|
 2|   1.480E+02|                 Infinity|   7.7849894416152296E-02|        165|
 2|   1.500E+02|                 Infinity|   8.6710996952411995E-02|        133|
 2|   1.520E+02|                 Infinity|   7.8326044998795738E-02|        163|
 2|   1.540E+02|                 Infinity|   8.6386842558136015E-02|        134|
 2|   1.560E+02|                 Infinity|   8.1923192051904056E-02|        149|
 2|   1.580E+02|                 Infinity|   8.3045479853739973E-02|        145|
 2|   1.600E+02|                 Infinity|   8.3045479853739973E-02|        145|
 2|   1.620E+02|                 Infinity|   8.1649658092772609E-02|        150|
 2|   1.640E+02|                 Infinity|   8.5125653075874858E-02|        138|
 2|   1.660E+02|                 Infinity|   8.2199493652678646E-02|        148|
 2|   1.680E+02|                 Infinity|   8.0845208345444328E-02|        153|
 2|   1.700E+02|                 Infinity|   8.7038827977848926E-02|        132|
 2|   1.720E+02|                 Infinity|   8.1923192051904056E-02|        149|
 2|   1.740E+02|                 Infinity|   8.9087080637474794E-02|        126|
 2|   1.760E+02|                 Infinity|   8.6710996952411995E-02|        133|
 2|   1.780E+02|                 Infinity|   8.3333333333333329E-02|        144|
 2|   1.800E+02|                 Infinity|   8.5749292571254410E-02|        136|
 2|   1.820E+02|                 Infinity|   8.5749292571254410E-02|        136|
 2|   1.840E+02|                 Infinity|   8.5435765771676095E-02|        137|
 2|   1.860E+02|                 Infinity|   8.0845208345444328E-02|        153|
 2|   1.880E+02|                 Infinity|   8.0064076902543566E-02|        156|
 2|   1.900E+02|                 Infinity|   8.6066296582387042E-02|        135|
 2|   1.920E+02|                 Infinity|   8.8388347648318433E-02|        128|
 2|   1.940E+02|                 Infinity|   8.6386842558136015E-02|        134|
 2|   1.960E+02|                 Infinity|   9.3658581158169399E-02|        114|
 2|   1.980E+02|                 Infinity|   8.4818892967997092E-02|        139|
# integrated result:   2.3583707500603428E-06
#
# Histogram 3: pT(H)                                             
 3|   0.000E+00|                 Infinity|   2.7692438781085564E-02|       1304|
 3|   1.000E+01|                 Infinity|   1.8767970137030254E-02|       2839|
 3|   2.000E+01|                 Infinity|   1.9291507529132022E-02|       2687|
 3|   3.000E+01|                 Infinity|   2.0743495341125559E-02|       2324|
 3|   4.000E+01|                 Infinity|   2.2473328748774737E-02|       1980|
 3|   5.000E+01|                 Infinity|   2.4091140546160489E-02|       1723|
 3|   6.000E+01|                 Infinity|   2.5871684190211096E-02|       1494|
 3|   7.000E+01|                 Infinity|   2.8038607704602217E-02|       1272|
 3|   8.000E+01|                 Infinity|   2.9475578546806908E-02|       1151|
 3|   9.000E+01|                 Infinity|   3.1830350703961514E-02|        987|
 3|   1.000E+02|                 Infinity|   3.3922676577637915E-02|        869|
 3|   1.100E+02|                 Infinity|   3.6785594638885484E-02|        739|
 3|   1.200E+02|                 Infinity|   3.9314056698537575E-02|        647|
 3|   1.300E+02|                 Infinity|   4.2295493443781355E-02|        559|
 3|   1.400E+02|                 Infinity|   4.2914107542287451E-02|        543|
 3|   1.500E+02|                 Infinity|   4.6126560401444250E-02|        470|
 3|   1.600E+02|                 Infinity|   4.7836487323493986E-02|        437|
 3|   1.700E+02|                 Infinity|   5.3682812709501898E-02|        347|
 3|   1.800E+02|                 Infinity|   5.4473471070284329E-02|        337|
 3|   1.900E+02|                 Infinity|   6.1199006136210460E-02|        267|
 3|   2.000E+02|                 Infinity|   6.2622429108514954E-02|        255|
 3|   2.100E+02|                 Infinity|   6.4018439966447988E-02|        244|
 3|   2.200E+02|                 Infinity|   6.9504804685691590E-02|        207|
 3|   2.300E+02|                 Infinity|   7.5377836144440907E-02|        176|
 3|   2.400E+02|                 Infinity|   7.3323557510676651E-02|        186|
 3|   2.500E+02|                 Infinity|   7.3922127095457285E-02|        183|
 3|   2.600E+02|                 Infinity|   8.8388347648318433E-02|        128|
 3|   2.700E+02|                 Infinity|   8.8735650941611385E-02|        127|
 3|   2.800E+02|                 Infinity|   9.1669849702821132E-02|        119|
 3|   2.900E+02|                 Infinity|   9.8058067569092022E-02|        104|
 3|   3.000E+02|                 Infinity|   9.0909090909090912E-02|        121|
 3|   3.100E+02|                 Infinity|   1.0910894511799619E-01|         84|
 3|   3.200E+02|                 Infinity|   1.0846522890932808E-01|         85|
 3|   3.300E+02|                 Infinity|   1.1043152607484653E-01|         82|
 3|   3.400E+02|                 Infinity|   1.2038585308576920E-01|         69|
 3|   3.500E+02|                 Infinity|   1.1396057645963795E-01|         77|
 3|   3.600E+02|                 Infinity|   1.2500000000000000E-01|         64|
 3|   3.700E+02|                 Infinity|   1.2598815766974239E-01|         63|
 3|   3.800E+02|                 Infinity|   1.4744195615489714E-01|         46|
 3|   3.900E+02|                 Infinity|   1.4433756729740646E-01|         48|
 3|   4.000E+02|                 Infinity|   1.5617376188860607E-01|         41|
 3|   4.100E+02|                 Infinity|   1.4433756729740646E-01|         48|
 3|   4.200E+02|                 Infinity|   1.4907119849998599E-01|         45|
 3|   4.300E+02|                 Infinity|   1.6439898730535729E-01|         37|
 3|   4.400E+02|                 Infinity|   1.6903085094570330E-01|         35|
 3|   4.500E+02|                 Infinity|   1.8569533817705186E-01|         29|
 3|   4.600E+02|                 Infinity|   1.8569533817705186E-01|         29|
 3|   4.700E+02|                 Infinity|   2.5000000000000000E-01|         16|
 3|   4.800E+02|                 Infinity|   1.9245008972987526E-01|         27|
 3|   4.900E+02|                 Infinity|   2.4253562503633297E-01|         17|
# integrated result:   2.3583707500603457E-06
#
# Histogram 4: pT(j1)                                            
 4|   0.000E+00|                      NaN|   0.0000000000000000E+00|          0|
 4|   1.000E+01|                 Infinity|   9.1287092917527679E-02|        120|
 4|   2.000E+01|                 Infinity|   3.2791291789197645E-02|        930|
 4|   3.000E+01|                 Infinity|   2.5615775978927998E-02|       1524|
 4|   4.000E+01|                 Infinity|   2.3466162723196606E-02|       1816|
 4|   5.000E+01|                 Infinity|   2.2349507813383709E-02|       2002|
 4|   6.000E+01|                 Infinity|   2.3087854826980510E-02|       1876|
 4|   7.000E+01|                 Infinity|   2.4648192922358196E-02|       1646|
 4|   8.000E+01|                 Infinity|   2.5863030005593587E-02|       1495|
 4|   9.000E+01|                 Infinity|   2.6870460745022952E-02|       1385|
 4|   1.000E+02|                 Infinity|   2.8261670947211076E-02|       1252|
 4|   1.100E+02|                 Infinity|   2.9450003202688022E-02|       1153|
 4|   1.200E+02|                 Infinity|   3.1734040798768841E-02|        993|
 4|   1.300E+02|                 Infinity|   3.4040395878489879E-02|        863|
 4|   1.400E+02|                 Infinity|   3.6661778755338326E-02|        744|
 4|   1.500E+02|                 Infinity|   3.7424059428255989E-02|        714|
 4|   1.600E+02|                 Infinity|   3.9193090083481028E-02|        651|
 4|   1.700E+02|                 Infinity|   4.1594516540385151E-02|        578|
 4|   1.800E+02|                 Infinity|   4.5931521217462537E-02|        474|
 4|   1.900E+02|                 Infinity|   4.6726931351599776E-02|        458|
 4|   2.000E+02|                 Infinity|   5.0443327230531826E-02|        393|
 4|   2.100E+02|                 Infinity|   4.8853196874603148E-02|        419|
 4|   2.200E+02|                 Infinity|   5.2558833122763673E-02|        362|
 4|   2.300E+02|                 Infinity|   5.3916386601719206E-02|        344|
 4|   2.400E+02|                 Infinity|   5.8621038176054921E-02|        291|
 4|   2.500E+02|                 Infinity|   6.2745580513815860E-02|        254|
 4|   2.600E+02|                 Infinity|   6.4282434653322507E-02|        242|
 4|   2.700E+02|                 Infinity|   6.8842839082151427E-02|        211|
 4|   2.800E+02|                 Infinity|   7.5164602800282893E-02|        177|
 4|   2.900E+02|                 Infinity|   7.1611487403943297E-02|        195|
 4|   3.000E+02|                 Infinity|   7.9808688446762213E-02|        157|
 4|   3.100E+02|                 Infinity|   8.1378845877115941E-02|        151|
 4|   3.200E+02|                 Infinity|   8.5435765771676095E-02|        137|
 4|   3.300E+02|                 Infinity|   8.3333333333333329E-02|        144|
 4|   3.400E+02|                 Infinity|   8.7038827977848926E-02|        132|
 4|   3.500E+02|                 Infinity|   1.0000000000000001E-01|        100|
 4|   3.600E+02|                 Infinity|   9.4491118252306799E-02|        112|
 4|   3.700E+02|                 Infinity|   9.7128586235726413E-02|        106|
 4|   3.800E+02|                 Infinity|   1.0482848367219183E-01|         91|
 4|   3.900E+02|                 Infinity|   1.0910894511799619E-01|         84|
 4|   4.000E+02|                 Infinity|   1.1180339887498948E-01|         80|
 4|   4.100E+02|                 Infinity|   1.0910894511799619E-01|         84|
 4|   4.200E+02|                 Infinity|   1.3018891098082389E-01|         59|
 4|   4.300E+02|                 Infinity|   1.2309149097933272E-01|         66|
 4|   4.400E+02|                 Infinity|   1.2403473458920847E-01|         65|
 4|   4.500E+02|                 Infinity|   1.2598815766974239E-01|         63|
 4|   4.600E+02|                 Infinity|   1.3018891098082389E-01|         59|
 4|   4.700E+02|                 Infinity|   1.3736056394868904E-01|         53|
 4|   4.800E+02|                 Infinity|   1.3245323570650439E-01|         57|
 4|   4.900E+02|                 Infinity|   1.3245323570650439E-01|         57|
# integrated result:   2.3583707500603457E-06
#
# Histogram 5: dy(j1,j2)                                         
 5|  -5.000E+00|                 Infinity|   1.0000000000000000E+00|          1|
 5|  -4.800E+00|                 Infinity|   4.0824829046386307E-01|          6|
 5|  -4.600E+00|                 Infinity|   3.3333333333333331E-01|          9|
 5|  -4.400E+00|                 Infinity|   1.9611613513818404E-01|         26|
 5|  -4.200E+00|                 Infinity|   1.7677669529663687E-01|         32|
 5|  -4.000E+00|                 Infinity|   1.0425720702853739E-01|         92|
 5|  -3.800E+00|                 Infinity|   7.8326044998795738E-02|        163|
 5|  -3.600E+00|                 Infinity|   6.6964953018242512E-02|        223|
 5|  -3.400E+00|                 Infinity|   6.9337524528153643E-02|        208|
 5|  -3.200E+00|                 Infinity|   6.2500000000000000E-02|        256|
 5|  -3.000E+00|                 Infinity|   5.2558833122763673E-02|        362|
 5|  -2.800E+00|                 Infinity|   4.8450158311150918E-02|        426|
 5|  -2.600E+00|                 Infinity|   5.2057920629535355E-02|        369|
 5|  -2.400E+00|                 Infinity|   4.9813548138671788E-02|        403|
 5|  -2.200E+00|                 Infinity|   4.2447635997800888E-02|        555|
 5|  -2.000E+00|                 Infinity|   4.0858892322271849E-02|        599|
 5|  -1.800E+00|                 Infinity|   3.8208035995043507E-02|        685|
 5|  -1.600E+00|                 Infinity|   3.9043440472151518E-02|        656|
 5|  -1.400E+00|                 Infinity|   3.8836781869030869E-02|        663|
 5|  -1.200E+00|                 Infinity|   3.8895492079220696E-02|        661|
 5|  -1.000E+00|                 Infinity|   3.6588086663230115E-02|        747|
 5|  -8.000E-01|                 Infinity|   2.5054867600094295E-02|       1593|
 5|  -6.000E-01|                 Infinity|   3.3204455008545970E-02|        907|
 5|  -4.000E-01|                 Infinity|   4.6524210519923545E-02|        462|
 5|  -2.000E-01|                 Infinity|   5.2270837348931669E-02|        366|
 5|   0.000E+00|                 Infinity|   4.0927275453502901E-02|        597|
 5|   2.000E-01|                 Infinity|   3.1670317760976820E-02|        997|
 5|   4.000E-01|                 Infinity|   2.4368508941428967E-02|       1684|
 5|   6.000E-01|                 Infinity|   2.1402925123634755E-02|       2183|
 5|   8.000E-01|                 Infinity|   2.5632600792550801E-02|       1522|
 5|   1.000E+00|                 Infinity|   3.3981383301529243E-02|        866|
 5|   1.200E+00|                 Infinity|   2.8261670947211076E-02|       1252|
 5|   1.400E+00|                 Infinity|   2.6851080677052736E-02|       1387|
 5|   1.600E+00|                 Infinity|   3.7037037037037035E-02|        729|
 5|   1.800E+00|                 Infinity|   3.7476584449793071E-02|        712|
 5|   2.000E+00|                 Infinity|   4.4367825470805693E-02|        508|
 5|   2.200E+00|                 Infinity|   4.5691166238495382E-02|        479|
 5|   2.400E+00|                 Infinity|   4.3602072019694738E-02|        526|
 5|   2.600E+00|                 Infinity|   5.0000000000000003E-02|        400|
 5|   2.800E+00|                 Infinity|   5.9443829827776400E-02|        283|
 5|   3.000E+00|                 Infinity|   5.8925565098878967E-02|        288|
 5|   3.200E+00|                 Infinity|   6.1662641597820735E-02|        263|
 5|   3.400E+00|                 Infinity|   7.0359754473029182E-02|        202|
 5|   3.600E+00|                 Infinity|   7.1066905451870152E-02|        198|
 5|   3.800E+00|                 Infinity|   7.4953168899586142E-02|        178|
 5|   4.000E+00|                 Infinity|   8.2478609884232251E-02|        147|
 5|   4.200E+00|                 Infinity|   9.6225044864937631E-02|        108|
 5|   4.400E+00|                 Infinity|   1.1470786693528087E-01|         76|
 5|   4.600E+00|                 Infinity|   1.4907119849998599E-01|         45|
 5|   4.800E+00|                 Infinity|   1.9245008972987526E-01|         27|
# integrated result:   2.3583707500603453E-06
#
# Histogram 6: mz1                                               
 6|   0.000E+00|                      NaN|   0.0000000000000000E+00|          0|
 6|   2.000E+00|                      NaN|   0.0000000000000000E+00|          0|
 6|   4.000E+00|                 Infinity|   1.3523395425995720E-02|       5468|
 6|   6.000E+00|                 Infinity|   1.5632634987018060E-02|       4092|
 6|   8.000E+00|                 Infinity|   2.4976595407570312E-02|       1603|
 6|   1.000E+01|                 Infinity|   2.6726124191242435E-02|       1400|
 6|   1.200E+01|                 Infinity|   4.8168305085908802E-02|        431|
 6|   1.400E+01|                 Infinity|   1.6708490237236185E-02|       3582|
 6|   1.600E+01|                 Infinity|   3.4360406637202474E-02|        847|
 6|   1.800E+01|                 Infinity|   6.4018439966447988E-02|        244|
 6|   2.000E+01|                 Infinity|   7.0014004201400484E-02|        204|
 6|   2.200E+01|                 Infinity|   7.5809804357890337E-02|        174|
 6|   2.400E+01|                 Infinity|   9.6225044864937631E-02|        108|
 6|   2.600E+01|                 Infinity|   1.1396057645963795E-01|         77|
 6|   2.800E+01|                 Infinity|   9.7590007294853329E-02|        105|
 6|   3.000E+01|                 Infinity|   8.4818892967997092E-02|        139|
 6|   3.200E+01|                 Infinity|   9.8058067569092022E-02|        104|
 6|   3.400E+01|                 Infinity|   1.0846522890932808E-01|         85|
 6|   3.600E+01|                 Infinity|   1.1704114719613057E-01|         73|
 6|   3.800E+01|                 Infinity|   1.6439898730535729E-01|         37|
 6|   4.000E+01|                 Infinity|   2.0851441405707477E-01|         23|
 6|   4.200E+01|                 Infinity|   1.8569533817705186E-01|         29|
 6|   4.400E+01|                 Infinity|   1.9245008972987526E-01|         27|
 6|   4.600E+01|                 Infinity|   2.2941573387056174E-01|         19|
 6|   4.800E+01|                 Infinity|   2.0851441405707477E-01|         23|
 6|   5.000E+01|                 Infinity|   2.5000000000000000E-01|         16|
 6|   5.200E+01|                 Infinity|   2.2941573387056174E-01|         19|
 6|   5.400E+01|                 Infinity|   2.2360679774997896E-01|         20|
 6|   5.600E+01|                 Infinity|   2.5819888974716110E-01|         15|
 6|   5.800E+01|                 Infinity|   1.8898223650461360E-01|         28|
 6|   6.000E+01|                 Infinity|   1.4744195615489714E-01|         46|
 6|   6.200E+01|                 Infinity|   1.5430334996209191E-01|         42|
 6|   6.400E+01|                 Infinity|   1.4142135623730950E-01|         50|
 6|   6.600E+01|                 Infinity|   1.3867504905630729E-01|         52|
 6|   6.800E+01|                 Infinity|   1.3363062095621220E-01|         56|
 6|   7.000E+01|                 Infinity|   1.4433756729740646E-01|         48|
 6|   7.200E+01|                 Infinity|   1.3018891098082389E-01|         59|
 6|   7.400E+01|                 Infinity|   1.2803687993289598E-01|         61|
 6|   7.600E+01|                 Infinity|   1.1111111111111110E-01|         81|
 6|   7.800E+01|                 Infinity|   1.1785113019775793E-01|         72|
 6|   8.000E+01|                 Infinity|   1.0425720702853739E-01|         92|
 6|   8.200E+01|                 Infinity|   8.1378845877115941E-02|        151|
 6|   8.400E+01|                 Infinity|   5.9339082909692663E-02|        284|
 6|   8.600E+01|                 Infinity|   3.7502930030867465E-02|        711|
 6|   8.800E+01|                 Infinity|   3.2141217326661253E-02|        968|
 6|   9.000E+01|                 Infinity|   2.1422560838887206E-02|       2179|
 6|   9.200E+01|                 Infinity|   3.5377456883861250E-02|        799|
 6|   9.400E+01|                 Infinity|   4.5548751867427691E-02|        482|
 6|   9.600E+01|                 Infinity|   6.7728546147859642E-02|        218|
 6|   9.800E+01|                 Infinity|   8.8045090632562384E-02|        129|
 6|   1.000E+02|                 Infinity|   9.2450032704204849E-02|        117|
 6|   1.020E+02|                 Infinity|   1.1785113019775793E-01|         72|
 6|   1.040E+02|                 Infinity|   1.2309149097933272E-01|         66|
 6|   1.060E+02|                 Infinity|   1.3130643285972254E-01|         58|
 6|   1.080E+02|                 Infinity|   1.2126781251816648E-01|         68|
 6|   1.100E+02|                 Infinity|   1.0000000000000001E-01|        100|
 6|   1.120E+02|                 Infinity|   1.2216944435630522E-01|         67|
 6|   1.140E+02|                 Infinity|   1.3363062095621220E-01|         56|
 6|   1.160E+02|                 Infinity|   4.4721359549995793E-01|          5|
 6|   1.180E+02|                 Infinity|   7.0710678118654746E-01|          2|
 6|   1.200E+02|                 Infinity|   1.0000000000000000E+00|          1|
 6|   1.220E+02|                      NaN|   0.0000000000000000E+00|          0|
 6|   1.240E+02|                      NaN|   0.0000000000000000E+00|          0|
 6|   1.260E+02|                      NaN|   0.0000000000000000E+00|          0|
 6|   1.280E+02|                      NaN|   0.0000000000000000E+00|          0|
 6|   1.300E+02|                      NaN|   0.0000000000000000E+00|          0|
 6|   1.320E+02|                      NaN|   0.0000000000000000E+00|          0|
 6|   1.340E+02|                      NaN|   0.0000000000000000E+00|          0|
 6|   1.360E+02|                      NaN|   0.0000000000000000E+00|          0|
 6|   1.380E+02|                      NaN|   0.0000000000000000E+00|          0|
 6|   1.400E+02|                      NaN|   0.0000000000000000E+00|          0|
 6|   1.420E+02|                      NaN|   0.0000000000000000E+00|          0|
 6|   1.440E+02|                      NaN|   0.0000000000000000E+00|          0|
 6|   1.460E+02|                      NaN|   0.0000000000000000E+00|          0|
 6|   1.480E+02|                      NaN|   0.0000000000000000E+00|          0|
 6|   1.500E+02|                      NaN|   0.0000000000000000E+00|          0|
 6|   1.520E+02|                      NaN|   0.0000000000000000E+00|          0|
 6|   1.540E+02|                      NaN|   0.0000000000000000E+00|          0|
 6|   1.560E+02|                      NaN|   0.0000000000000000E+00|          0|
 6|   1.580E+02|                      NaN|   0.0000000000000000E+00|          0|
 6|   1.600E+02|                      NaN|   0.0000000000000000E+00|          0|
 6|   1.620E+02|                      NaN|   0.0000000000000000E+00|          0|
 6|   1.640E+02|                      NaN|   0.0000000000000000E+00|          0|
 6|   1.660E+02|                      NaN|   0.0000000000000000E+00|          0|
 6|   1.680E+02|                      NaN|   0.0000000000000000E+00|          0|
 6|   1.700E+02|                      NaN|   0.0000000000000000E+00|          0|
 6|   1.720E+02|                      NaN|   0.0000000000000000E+00|          0|
 6|   1.740E+02|                      NaN|   0.0000000000000000E+00|          0|
 6|   1.760E+02|                      NaN|   0.0000000000000000E+00|          0|
 6|   1.780E+02|                      NaN|   0.0000000000000000E+00|          0|
 6|   1.800E+02|                      NaN|   0.0000000000000000E+00|          0|
 6|   1.820E+02|                      NaN|   0.0000000000000000E+00|          0|
 6|   1.840E+02|                      NaN|   0.0000000000000000E+00|          0|
 6|   1.860E+02|                      NaN|   0.0000000000000000E+00|          0|
 6|   1.880E+02|                      NaN|   0.0000000000000000E+00|          0|
 6|   1.900E+02|                      NaN|   0.0000000000000000E+00|          0|
 6|   1.920E+02|                      NaN|   0.0000000000000000E+00|          0|
 6|   1.940E+02|                      NaN|   0.0000000000000000E+00|          0|
 6|   1.960E+02|                      NaN|   0.0000000000000000E+00|          0|
 6|   1.980E+02|                      NaN|   0.0000000000000000E+00|          0|
# integrated result:   2.3583707500603449E-06
#
# Histogram 7: mz2                                               
 7|   0.000E+00|                      NaN|   0.0000000000000000E+00|          0|
 7|   2.000E+00|                      NaN|   0.0000000000000000E+00|          0|
 7|   4.000E+00|                 Infinity|   4.7727395990334764E-02|        439|
 7|   6.000E+00|                 Infinity|   4.4237395520380883E-02|        511|
 7|   8.000E+00|                 Infinity|   4.9446817643414874E-02|        409|
 7|   1.000E+01|                 Infinity|   5.4473471070284329E-02|        337|
 7|   1.200E+01|                 Infinity|   6.2017367294604234E-02|        260|
 7|   1.400E+01|                 Infinity|   6.2017367294604234E-02|        260|
 7|   1.600E+01|                 Infinity|   6.0858061945018457E-02|        270|
 7|   1.800E+01|                 Infinity|   5.9131239598908258E-02|        286|
 7|   2.000E+01|                 Infinity|   5.7259833431386825E-02|        305|
 7|   2.200E+01|                 Infinity|   5.3074489243427524E-02|        355|
 7|   2.400E+01|                 Infinity|   4.8336824452283177E-02|        428|
 7|   2.600E+01|                 Infinity|   4.2835293687811936E-02|        545|
 7|   2.800E+01|                 Infinity|   3.6178730264621081E-02|        764|
 7|   3.000E+01|                 Infinity|   3.8348249442368518E-02|        680|
 7|   3.200E+01|                 Infinity|   3.8235955645093626E-02|        684|
 7|   3.400E+01|                 Infinity|   5.0636968354183333E-02|        390|
 7|   3.600E+01|                 Infinity|   6.2994078834871195E-02|        252|
 7|   3.800E+01|                 Infinity|   8.8045090632562384E-02|        129|
 7|   4.000E+01|                 Infinity|   1.0482848367219183E-01|         91|
 7|   4.200E+01|                 Infinity|   1.0721125348377948E-01|         87|
 7|   4.400E+01|                 Infinity|   1.2598815766974239E-01|         63|
 7|   4.600E+01|                 Infinity|   1.0314212462587934E-01|         94|
 7|   4.800E+01|                 Infinity|   8.7705801930702931E-02|        130|
 7|   5.000E+01|                 Infinity|   9.4491118252306799E-02|        112|
 7|   5.200E+01|                 Infinity|   9.2057461789832346E-02|        118|
 7|   5.400E+01|                 Infinity|   9.4491118252306799E-02|        112|
 7|   5.600E+01|                 Infinity|   8.5749292571254410E-02|        136|
 7|   5.800E+01|                 Infinity|   9.0909090909090912E-02|        121|
 7|   6.000E+01|                 Infinity|   7.9808688446762213E-02|        157|
 7|   6.200E+01|                 Infinity|   7.4743509275193590E-02|        179|
 7|   6.400E+01|                 Infinity|   9.4072086838359728E-02|        113|
 7|   6.600E+01|                 Infinity|   1.0050378152592121E-01|         99|
 7|   6.800E+01|                 Infinity|   1.0783277320343841E-01|         86|
 7|   7.000E+01|                 Infinity|   9.7128586235726413E-02|        106|
 7|   7.200E+01|                 Infinity|   7.5164602800282893E-02|        177|
 7|   7.400E+01|                 Infinity|   7.0359754473029182E-02|        202|
 7|   7.600E+01|                 Infinity|   5.5989251095585432E-02|        319|
 7|   7.800E+01|                 Infinity|   4.1309619238601381E-02|        586|
 7|   8.000E+01|                 Infinity|   4.8853196874603148E-02|        419|
 7|   8.200E+01|                 Infinity|   3.7823473723611688E-02|        699|
 7|   8.400E+01|                 Infinity|   3.5646150289975954E-02|        787|
 7|   8.600E+01|                 Infinity|   3.6131468676496206E-02|        766|
 7|   8.800E+01|                 Infinity|   2.5302269968462875E-02|       1562|
 7|   9.000E+01|                 Infinity|   1.4511052561819376E-02|       4749|
 7|   9.200E+01|                 Infinity|   1.5335691803293609E-02|       4252|
 7|   9.400E+01|                 Infinity|   4.2640143271122082E-02|        550|
 7|   9.600E+01|                 Infinity|   6.1780206321521543E-02|        262|
 7|   9.800E+01|                 Infinity|   5.2270837348931669E-02|        366|
 7|   1.000E+02|                 Infinity|   4.2447635997800888E-02|        555|
 7|   1.020E+02|                 Infinity|   5.7073014553534959E-02|        307|
 7|   1.040E+02|                 Infinity|   6.8518870982753166E-02|        213|
 7|   1.060E+02|                 Infinity|   7.3323557510676651E-02|        186|
 7|   1.080E+02|                 Infinity|   1.1785113019775793E-01|         72|
 7|   1.100E+02|                 Infinity|   2.0851441405707477E-01|         23|
 7|   1.120E+02|                 Infinity|   3.0151134457776363E-01|         11|
 7|   1.140E+02|                 Infinity|   3.7796447300922720E-01|          7|
 7|   1.160E+02|                 Infinity|   5.0000000000000000E-01|          4|
 7|   1.180E+02|                 Infinity|   7.0710678118654746E-01|          2|
 7|   1.200E+02|                      NaN|   0.0000000000000000E+00|          0|
 7|   1.220E+02|                      NaN|   0.0000000000000000E+00|          0|
 7|   1.240E+02|                      NaN|   0.0000000000000000E+00|          0|
 7|   1.260E+02|                      NaN|   0.0000000000000000E+00|          0|
 7|   1.280E+02|                      NaN|   0.0000000000000000E+00|          0|
 7|   1.300E+02|                      NaN|   0.0000000000000000E+00|          0|
 7|   1.320E+02|                      NaN|   0.0000000000000000E+00|          0|
 7|   1.340E+02|                      NaN|   0.0000000000000000E+00|          0|
 7|   1.360E+02|                      NaN|   0.0000000000000000E+00|          0|
 7|   1.380E+02|                      NaN|   0.0000000000000000E+00|          0|
 7|   1.400E+02|                      NaN|   0.0000000000000000E+00|          0|
 7|   1.420E+02|                      NaN|   0.0000000000000000E+00|          0|
 7|   1.440E+02|                      NaN|   0.0000000000000000E+00|          0|
 7|   1.460E+02|                      NaN|   0.0000000000000000E+00|          0|
 7|   1.480E+02|                      NaN|   0.0000000000000000E+00|          0|
 7|   1.500E+02|                      NaN|   0.0000000000000000E+00|          0|
 7|   1.520E+02|                      NaN|   0.0000000000000000E+00|          0|
 7|   1.540E+02|                      NaN|   0.0000000000000000E+00|          0|
 7|   1.560E+02|                      NaN|   0.0000000000000000E+00|          0|
 7|   1.580E+02|                      NaN|   0.0000000000000000E+00|          0|
 7|   1.600E+02|                      NaN|   0.0000000000000000E+00|          0|
 7|   1.620E+02|                      NaN|   0.0000000000000000E+00|          0|
 7|   1.640E+02|                      NaN|   0.0000000000000000E+00|          0|
 7|   1.660E+02|                      NaN|   0.0000000000000000E+00|          0|
 7|   1.680E+02|                      NaN|   0.0000000000000000E+00|          0|
 7|   1.700E+02|                      NaN|   0.0000000000000000E+00|          0|
 7|   1.720E+02|                      NaN|   0.0000000000000000E+00|          0|
 7|   1.740E+02|                      NaN|   0.0000000000000000E+00|          0|
 7|   1.760E+02|                      NaN|   0.0000000000000000E+00|          0|
 7|   1.780E+02|                      NaN|   0.0000000000000000E+00|          0|
 7|   1.800E+02|                      NaN|   0.0000000000000000E+00|          0|
 7|   1.820E+02|                      NaN|   0.0000000000000000E+00|          0|
 7|   1.840E+02|                      NaN|   0.0000000000000000E+00|          0|
 7|   1.860E+02|                      NaN|   0.0000000000000000E+00|          0|
 7|   1.880E+02|                      NaN|   0.0000000000000000E+00|          0|
 7|   1.900E+02|                      NaN|   0.0000000000000000E+00|          0|
 7|   1.920E+02|                      NaN|   0.0000000000000000E+00|          0|
 7|   1.940E+02|                      NaN|   0.0000000000000000E+00|          0|
 7|   1.960E+02|                      NaN|   0.0000000000000000E+00|          0|
 7|   1.980E+02|                      NaN|   0.0000000000000000E+00|          0|
# integrated result:   2.3583707500603466E-06
#
# Histogram 8: m_4l                                              
 8|   1.000E+02|                 Infinity|   6.1799079151142033E-03|      26184|
 8|   1.400E+02|                      NaN|   0.0000000000000000E+00|          0|
 8|   1.800E+02|                      NaN|   0.0000000000000000E+00|          0|
 8|   2.200E+02|                      NaN|   0.0000000000000000E+00|          0|
 8|   2.600E+02|                      NaN|   0.0000000000000000E+00|          0|
 8|   3.000E+02|                      NaN|   0.0000000000000000E+00|          0|
 8|   3.400E+02|                      NaN|   0.0000000000000000E+00|          0|
 8|   3.800E+02|                      NaN|   0.0000000000000000E+00|          0|
 8|   4.200E+02|                      NaN|   0.0000000000000000E+00|          0|
 8|   4.600E+02|                      NaN|   0.0000000000000000E+00|          0|
 8|   5.000E+02|                      NaN|   0.0000000000000000E+00|          0|
 8|   5.400E+02|                      NaN|   0.0000000000000000E+00|          0|
 8|   5.800E+02|                      NaN|   0.0000000000000000E+00|          0|
 8|   6.200E+02|                      NaN|   0.0000000000000000E+00|          0|
 8|   6.600E+02|                      NaN|   0.0000000000000000E+00|          0|
 8|   7.000E+02|                      NaN|   0.0000000000000000E+00|          0|
 8|   7.400E+02|                      NaN|   0.0000000000000000E+00|          0|
 8|   7.800E+02|                      NaN|   0.0000000000000000E+00|          0|
 8|   8.200E+02|                      NaN|   0.0000000000000000E+00|          0|
 8|   8.600E+02|                      NaN|   0.0000000000000000E+00|          0|
 8|   9.000E+02|                      NaN|   0.0000000000000000E+00|          0|
 8|   9.400E+02|                      NaN|   0.0000000000000000E+00|          0|
 8|   9.800E+02|                      NaN|   0.0000000000000000E+00|          0|
 8|   1.020E+03|                      NaN|   0.0000000000000000E+00|          0|
 8|   1.060E+03|                      NaN|   0.0000000000000000E+00|          0|
 8|   1.100E+03|                      NaN|   0.0000000000000000E+00|          0|
 8|   1.140E+03|                      NaN|   0.0000000000000000E+00|          0|
 8|   1.180E+03|                      NaN|   0.0000000000000000E+00|          0|
 8|   1.220E+03|                      NaN|   0.0000000000000000E+00|          0|
 8|   1.260E+03|                      NaN|   0.0000000000000000E+00|          0|
 8|   1.300E+03|                      NaN|   0.0000000000000000E+00|          0|
 8|   1.340E+03|                      NaN|   0.0000000000000000E+00|          0|
 8|   1.380E+03|                      NaN|   0.0000000000000000E+00|          0|
 8|   1.420E+03|                      NaN|   0.0000000000000000E+00|          0|
 8|   1.460E+03|                      NaN|   0.0000000000000000E+00|          0|
 8|   1.500E+03|                      NaN|   0.0000000000000000E+00|          0|
 8|   1.540E+03|                      NaN|   0.0000000000000000E+00|          0|
 8|   1.580E+03|                      NaN|   0.0000000000000000E+00|          0|
 8|   1.620E+03|                      NaN|   0.0000000000000000E+00|          0|
 8|   1.660E+03|                      NaN|   0.0000000000000000E+00|          0|
 8|   1.700E+03|                      NaN|   0.0000000000000000E+00|          0|
 8|   1.740E+03|                      NaN|   0.0000000000000000E+00|          0|
 8|   1.780E+03|                      NaN|   0.0000000000000000E+00|          0|
 8|   1.820E+03|                      NaN|   0.0000000000000000E+00|          0|
 8|   1.860E+03|                      NaN|   0.0000000000000000E+00|          0|
 8|   1.900E+03|                      NaN|   0.0000000000000000E+00|          0|
 8|   1.940E+03|                      NaN|   0.0000000000000000E+00|          0|
 8|   1.980E+03|                      NaN|   0.0000000000000000E+00|          0|
 8|   2.020E+03|                      NaN|   0.0000000000000000E+00|          0|
 8|   2.060E+03|                      NaN|   0.0000000000000000E+00|          0|
 8|   2.100E+03|                      NaN|   0.0000000000000000E+00|          0|
 8|   2.140E+03|                      NaN|   0.0000000000000000E+00|          0|
 8|   2.180E+03|                      NaN|   0.0000000000000000E+00|          0|
 8|   2.220E+03|                      NaN|   0.0000000000000000E+00|          0|
 8|   2.260E+03|                      NaN|   0.0000000000000000E+00|          0|
 8|   2.300E+03|                      NaN|   0.0000000000000000E+00|          0|
 8|   2.340E+03|                      NaN|   0.0000000000000000E+00|          0|
 8|   2.380E+03|                      NaN|   0.0000000000000000E+00|          0|
 8|   2.420E+03|                      NaN|   0.0000000000000000E+00|          0|
 8|   2.460E+03|                      NaN|   0.0000000000000000E+00|          0|
 8|   2.500E+03|                      NaN|   0.0000000000000000E+00|          0|
 8|   2.540E+03|                      NaN|   0.0000000000000000E+00|          0|
 8|   2.580E+03|                      NaN|   0.0000000000000000E+00|          0|
 8|   2.620E+03|                      NaN|   0.0000000000000000E+00|          0|
 8|   2.660E+03|                      NaN|   0.0000000000000000E+00|          0|
 8|   2.700E+03|                      NaN|   0.0000000000000000E+00|          0|
 8|   2.740E+03|                      NaN|   0.0000000000000000E+00|          0|
 8|   2.780E+03|                      NaN|   0.0000000000000000E+00|          0|
 8|   2.820E+03|                      NaN|   0.0000000000000000E+00|          0|
 8|   2.860E+03|                      NaN|   0.0000000000000000E+00|          0|
 8|   2.900E+03|                      NaN|   0.0000000000000000E+00|          0|
 8|   2.940E+03|                      NaN|   0.0000000000000000E+00|          0|
 8|   2.980E+03|                      NaN|   0.0000000000000000E+00|          0|
 8|   3.020E+03|                      NaN|   0.0000000000000000E+00|          0|
 8|   3.060E+03|                      NaN|   0.0000000000000000E+00|          0|
 8|   3.100E+03|                      NaN|   0.0000000000000000E+00|          0|
 8|   3.140E+03|                      NaN|   0.0000000000000000E+00|          0|
 8|   3.180E+03|                      NaN|   0.0000000000000000E+00|          0|
 8|   3.220E+03|                      NaN|   0.0000000000000000E+00|          0|
 8|   3.260E+03|                      NaN|   0.0000000000000000E+00|          0|
 8|   3.300E+03|                      NaN|   0.0000000000000000E+00|          0|
 8|   3.340E+03|                      NaN|   0.0000000000000000E+00|          0|
 8|   3.380E+03|                      NaN|   0.0000000000000000E+00|          0|
 8|   3.420E+03|                      NaN|   0.0000000000000000E+00|          0|
 8|   3.460E+03|                      NaN|   0.0000000000000000E+00|          0|
 8|   3.500E+03|                      NaN|   0.0000000000000000E+00|          0|
 8|   3.540E+03|                      NaN|   0.0000000000000000E+00|          0|
 8|   3.580E+03|                      NaN|   0.0000000000000000E+00|          0|
 8|   3.620E+03|                      NaN|   0.0000000000000000E+00|          0|
 8|   3.660E+03|                      NaN|   0.0000000000000000E+00|          0|
 8|   3.700E+03|                      NaN|   0.0000000000000000E+00|          0|
 8|   3.740E+03|                      NaN|   0.0000000000000000E+00|          0|
 8|   3.780E+03|                      NaN|   0.0000000000000000E+00|          0|
 8|   3.820E+03|                      NaN|   0.0000000000000000E+00|          0|
 8|   3.860E+03|                      NaN|   0.0000000000000000E+00|          0|
 8|   3.900E+03|                      NaN|   0.0000000000000000E+00|          0|
 8|   3.940E+03|                      NaN|   0.0000000000000000E+00|          0|
 8|   3.980E+03|                      NaN|   0.0000000000000000E+00|          0|
 8|   4.020E+03|                      NaN|   0.0000000000000000E+00|          0|
 8|   4.060E+03|                      NaN|   0.0000000000000000E+00|          0|
# integrated result:   2.3583707500603428E-06
#
# Histogram 9: m_4l                                              
 9|   8.500E+01|                      NaN|   0.0000000000000000E+00|          0|
 9|   8.600E+01|                      NaN|   0.0000000000000000E+00|          0|
 9|   8.700E+01|                      NaN|   0.0000000000000000E+00|          0|
 9|   8.800E+01|                      NaN|   0.0000000000000000E+00|          0|
 9|   8.900E+01|                      NaN|   0.0000000000000000E+00|          0|
 9|   9.000E+01|                      NaN|   0.0000000000000000E+00|          0|
 9|   9.100E+01|                      NaN|   0.0000000000000000E+00|          0|
 9|   9.200E+01|                      NaN|   0.0000000000000000E+00|          0|
 9|   9.300E+01|                      NaN|   0.0000000000000000E+00|          0|
 9|   9.400E+01|                      NaN|   0.0000000000000000E+00|          0|
 9|   9.500E+01|                      NaN|   0.0000000000000000E+00|          0|
 9|   9.600E+01|                      NaN|   0.0000000000000000E+00|          0|
 9|   9.700E+01|                      NaN|   0.0000000000000000E+00|          0|
 9|   9.800E+01|                      NaN|   0.0000000000000000E+00|          0|
 9|   9.900E+01|                      NaN|   0.0000000000000000E+00|          0|
 9|   1.000E+02|                      NaN|   0.0000000000000000E+00|          0|
 9|   1.010E+02|                      NaN|   0.0000000000000000E+00|          0|
 9|   1.020E+02|                      NaN|   0.0000000000000000E+00|          0|
 9|   1.030E+02|                      NaN|   0.0000000000000000E+00|          0|
 9|   1.040E+02|                      NaN|   0.0000000000000000E+00|          0|
 9|   1.050E+02|                      NaN|   0.0000000000000000E+00|          0|
 9|   1.060E+02|                      NaN|   0.0000000000000000E+00|          0|
 9|   1.070E+02|                      NaN|   0.0000000000000000E+00|          0|
 9|   1.080E+02|                      NaN|   0.0000000000000000E+00|          0|
 9|   1.090E+02|                      NaN|   0.0000000000000000E+00|          0|
 9|   1.100E+02|                      NaN|   0.0000000000000000E+00|          0|
 9|   1.110E+02|                      NaN|   0.0000000000000000E+00|          0|
 9|   1.120E+02|                      NaN|   0.0000000000000000E+00|          0|
 9|   1.130E+02|                      NaN|   0.0000000000000000E+00|          0|
 9|   1.140E+02|                      NaN|   0.0000000000000000E+00|          0|
 9|   1.150E+02|                      NaN|   0.0000000000000000E+00|          0|
 9|   1.160E+02|                      NaN|   0.0000000000000000E+00|          0|
 9|   1.170E+02|                      NaN|   0.0000000000000000E+00|          0|
 9|   1.180E+02|                      NaN|   0.0000000000000000E+00|          0|
 9|   1.190E+02|                      NaN|   0.0000000000000000E+00|          0|
 9|   1.200E+02|                      NaN|   0.0000000000000000E+00|          0|
 9|   1.210E+02|                      NaN|   0.0000000000000000E+00|          0|
 9|   1.220E+02|                      NaN|   0.0000000000000000E+00|          0|
 9|   1.230E+02|                      NaN|   0.0000000000000000E+00|          0|
 9|   1.240E+02|                 Infinity|   9.9666674030926741E-03|      10067|
 9|   1.250E+02|                 Infinity|   7.8769465232253026E-03|      16117|
 9|   1.260E+02|                      NaN|   0.0000000000000000E+00|          0|
 9|   1.270E+02|                      NaN|   0.0000000000000000E+00|          0|
 9|   1.280E+02|                      NaN|   0.0000000000000000E+00|          0|
 9|   1.290E+02|                      NaN|   0.0000000000000000E+00|          0|
 9|   1.300E+02|                      NaN|   0.0000000000000000E+00|          0|
 9|   1.310E+02|                      NaN|   0.0000000000000000E+00|          0|
 9|   1.320E+02|                      NaN|   0.0000000000000000E+00|          0|
 9|   1.330E+02|                      NaN|   0.0000000000000000E+00|          0|
 9|   1.340E+02|                      NaN|   0.0000000000000000E+00|          0|
# integrated result:   2.3583707500603470E-06
#
# Histogram10: Phi1                                              
10|  -3.142E+00|                 Infinity|   3.6935842757655886E-02|        733|
10|  -2.985E+00|                 Infinity|   3.9590379123244791E-02|        638|
10|  -2.827E+00|                 Infinity|   4.2257712736425826E-02|        560|
10|  -2.670E+00|                 Infinity|   3.8778336716474064E-02|        665|
10|  -2.513E+00|                 Infinity|   3.8014296063485276E-02|        692|
10|  -2.356E+00|                 Infinity|   3.6810508691615514E-02|        738|
10|  -2.199E+00|                 Infinity|   3.6637165272365581E-02|        745|
10|  -2.042E+00|                 Infinity|   3.6014120303280987E-02|        771|
10|  -1.885E+00|                 Infinity|   3.7688918072220454E-02|        704|
10|  -1.728E+00|                 Infinity|   3.6226177800110920E-02|        762|
10|  -1.571E+00|                 Infinity|   3.5223497683817342E-02|        806|
10|  -1.414E+00|                 Infinity|   3.5759926992607577E-02|        782|
10|  -1.257E+00|                 Infinity|   3.9013715732043520E-02|        657|
10|  -1.100E+00|                 Infinity|   3.9904344223381107E-02|        628|
10|  -9.425E-01|                 Infinity|   3.9840953644479787E-02|        630|
10|  -7.854E-01|                 Infinity|   4.0258484111423729E-02|        617|
10|  -6.283E-01|                 Infinity|   4.0356715613563091E-02|        614|
10|  -4.713E-01|                 Infinity|   4.3643578047198477E-02|        525|
10|  -3.142E-01|                 Infinity|   4.4237395520380883E-02|        511|
10|  -1.571E-01|                 Infinity|   4.6676002800933661E-02|        459|
10|  -3.000E-05|                 Infinity|   4.6324105461207951E-02|        466|
10|   1.570E-01|                 Infinity|   4.6524210519923545E-02|        462|
10|   3.141E-01|                 Infinity|   4.5548751867427691E-02|        482|
10|   4.712E-01|                 Infinity|   4.3153185200210310E-02|        537|
10|   6.283E-01|                 Infinity|   4.1030496993110906E-02|        594|
10|   7.854E-01|                 Infinity|   4.0096346988231273E-02|        622|
10|   9.424E-01|                 Infinity|   3.8096965887972963E-02|        689|
10|   1.100E+00|                 Infinity|   3.8924947208076148E-02|        660|
10|   1.257E+00|                 Infinity|   3.7850558205223227E-02|        698|
10|   1.414E+00|                 Infinity|   3.3204455008545970E-02|        907|
10|   1.571E+00|                 Infinity|   3.4985571427065980E-02|        817|
10|   1.728E+00|                 Infinity|   3.5179877236514591E-02|        808|
10|   1.885E+00|                 Infinity|   3.6155076303109365E-02|        765|
10|   2.042E+00|                 Infinity|   3.7190400165280094E-02|        723|
10|   2.199E+00|                 Infinity|   3.8320083261967369E-02|        681|
10|   2.356E+00|                 Infinity|   3.9344473768231684E-02|        646|
10|   2.513E+00|                 Infinity|   4.0824829046386304E-02|        600|
10|   2.670E+00|                 Infinity|   4.2953677958755772E-02|        542|
10|   2.827E+00|                 Infinity|   4.2182454060959780E-02|        562|
10|   2.984E+00|                 Infinity|   3.8180177416060626E-02|        686|
# integrated result:   2.3583707500603445E-06
#
