#
# column #1=histogram, #2=x-axis bin, #3=binned cross-section, #4=error, #5=number of events 
# this can be easily plotted in gnuplot with the commands:
#    NHi=3
#    plot 'output.dat' using ($2):($1==NHi ? $3 : 1/0) w st
# where NHi selects the histogram
#
#
# run time =      -0.05min
# TotCS =      1.3765570077E-07           1.44040E-08
#
# Histogram 1: m_jj                                              
 1|   0.000E+00|                 Infinity|   1.6597653257732305E-02|       3630|
 1|   5.000E+01|                 Infinity|   1.0219522606151920E-02|       9575|
 1|   1.000E+02|                 Infinity|   1.2947764033293967E-02|       5965|
 1|   1.500E+02|                 Infinity|   1.7683196392243517E-02|       3198|
 1|   2.000E+02|                 Infinity|   2.3775851718273702E-02|       1769|
 1|   2.500E+02|                 Infinity|   3.2191138998982523E-02|        965|
 1|   3.000E+02|                 Infinity|   4.2107596053325952E-02|        564|
 1|   3.500E+02|                 Infinity|   5.6980288229818973E-02|        308|
 1|   4.000E+02|                 Infinity|   7.1066905451870152E-02|        198|
 1|   4.500E+02|                 Infinity|   8.3918135829668908E-02|        142|
 1|   5.000E+02|                 Infinity|   1.1322770341445956E-01|         78|
 1|   5.500E+02|                 Infinity|   1.3245323570650439E-01|         57|
 1|   6.000E+02|                 Infinity|   1.7407765595569785E-01|         33|
 1|   6.500E+02|                 Infinity|   1.8569533817705186E-01|         29|
 1|   7.000E+02|                 Infinity|   2.0000000000000001E-01|         25|
 1|   7.500E+02|                 Infinity|   2.6726124191242440E-01|         14|
 1|   8.000E+02|                 Infinity|   2.7735009811261457E-01|         13|
 1|   8.500E+02|                 Infinity|   3.7796447300922720E-01|          7|
 1|   9.000E+02|                 Infinity|   4.0824829046386307E-01|          6|
 1|   9.500E+02|                 Infinity|   5.7735026918962584E-01|          3|
 1|   1.000E+03|                 Infinity|   1.0000000000000000E+00|          1|
 1|   1.050E+03|                 Infinity|   7.0710678118654746E-01|          2|
 1|   1.100E+03|                 Infinity|   7.0710678118654746E-01|          2|
 1|   1.150E+03|                 Infinity|   1.0000000000000000E+00|          1|
 1|   1.200E+03|                 Infinity|   5.7735026918962584E-01|          3|
 1|   1.250E+03|                      NaN|   0.0000000000000000E+00|          0|
 1|   1.300E+03|                 Infinity|   1.0000000000000000E+00|          1|
 1|   1.350E+03|                      NaN|   0.0000000000000000E+00|          0|
 1|   1.400E+03|                 Infinity|   5.7735026918962584E-01|          3|
 1|   1.450E+03|                      NaN|   0.0000000000000000E+00|          0|
 1|   1.500E+03|                 Infinity|   1.0000000000000000E+00|          1|
 1|   1.550E+03|                 Infinity|   1.0000000000000000E+00|          1|
 1|   1.600E+03|                 Infinity|   1.0000000000000000E+00|          1|
 1|   1.650E+03|                      NaN|   0.0000000000000000E+00|          0|
 1|   1.700E+03|                 Infinity|   7.0710678118654746E-01|          2|
 1|   1.750E+03|                      NaN|   0.0000000000000000E+00|          0|
 1|   1.800E+03|                      NaN|   0.0000000000000000E+00|          0|
 1|   1.850E+03|                      NaN|   0.0000000000000000E+00|          0|
 1|   1.900E+03|                 Infinity|   1.0000000000000000E+00|          1|
 1|   1.950E+03|                      NaN|   0.0000000000000000E+00|          0|
 1|   2.000E+03|                      NaN|   0.0000000000000000E+00|          0|
 1|   2.050E+03|                      NaN|   0.0000000000000000E+00|          0|
 1|   2.100E+03|                      NaN|   0.0000000000000000E+00|          0|
 1|   2.150E+03|                      NaN|   0.0000000000000000E+00|          0|
 1|   2.200E+03|                 Infinity|   1.0000000000000000E+00|          1|
 1|   2.250E+03|                      NaN|   0.0000000000000000E+00|          0|
 1|   2.300E+03|                      NaN|   0.0000000000000000E+00|          0|
 1|   2.350E+03|                      NaN|   0.0000000000000000E+00|          0|
 1|   2.400E+03|                 Infinity|   1.0000000000000000E+00|          1|
 1|   2.450E+03|                      NaN|   0.0000000000000000E+00|          0|
 1|   2.500E+03|                 Infinity|   1.0000000000000000E+00|          1|
 1|   2.550E+03|                      NaN|   0.0000000000000000E+00|          0|
 1|   2.600E+03|                      NaN|   0.0000000000000000E+00|          0|
 1|   2.650E+03|                 Infinity|   1.0000000000000000E+00|          1|
 1|   2.700E+03|                      NaN|   0.0000000000000000E+00|          0|
 1|   2.750E+03|                      NaN|   0.0000000000000000E+00|          0|
 1|   2.800E+03|                      NaN|   0.0000000000000000E+00|          0|
 1|   2.850E+03|                      NaN|   0.0000000000000000E+00|          0|
 1|   2.900E+03|                      NaN|   0.0000000000000000E+00|          0|
 1|   2.950E+03|                      NaN|   0.0000000000000000E+00|          0|
 1|   3.000E+03|                      NaN|   0.0000000000000000E+00|          0|
 1|   3.050E+03|                      NaN|   0.0000000000000000E+00|          0|
 1|   3.100E+03|                      NaN|   0.0000000000000000E+00|          0|
 1|   3.150E+03|                      NaN|   0.0000000000000000E+00|          0|
 1|   3.200E+03|                      NaN|   0.0000000000000000E+00|          0|
 1|   3.250E+03|                      NaN|   0.0000000000000000E+00|          0|
 1|   3.300E+03|                      NaN|   0.0000000000000000E+00|          0|
 1|   3.350E+03|                      NaN|   0.0000000000000000E+00|          0|
 1|   3.400E+03|                      NaN|   0.0000000000000000E+00|          0|
 1|   3.450E+03|                      NaN|   0.0000000000000000E+00|          0|
 1|   3.500E+03|                      NaN|   0.0000000000000000E+00|          0|
 1|   3.550E+03|                      NaN|   0.0000000000000000E+00|          0|
 1|   3.600E+03|                      NaN|   0.0000000000000000E+00|          0|
 1|   3.650E+03|                      NaN|   0.0000000000000000E+00|          0|
 1|   3.700E+03|                      NaN|   0.0000000000000000E+00|          0|
 1|   3.750E+03|                      NaN|   0.0000000000000000E+00|          0|
 1|   3.800E+03|                      NaN|   0.0000000000000000E+00|          0|
 1|   3.850E+03|                      NaN|   0.0000000000000000E+00|          0|
 1|   3.900E+03|                      NaN|   0.0000000000000000E+00|          0|
 1|   3.950E+03|                      NaN|   0.0000000000000000E+00|          0|
 1|   4.000E+03|                      NaN|   0.0000000000000000E+00|          0|
 1|   4.050E+03|                      NaN|   0.0000000000000000E+00|          0|
 1|   4.100E+03|                      NaN|   0.0000000000000000E+00|          0|
 1|   4.150E+03|                      NaN|   0.0000000000000000E+00|          0|
 1|   4.200E+03|                      NaN|   0.0000000000000000E+00|          0|
 1|   4.250E+03|                      NaN|   0.0000000000000000E+00|          0|
 1|   4.300E+03|                      NaN|   0.0000000000000000E+00|          0|
 1|   4.350E+03|                      NaN|   0.0000000000000000E+00|          0|
 1|   4.400E+03|                      NaN|   0.0000000000000000E+00|          0|
 1|   4.450E+03|                      NaN|   0.0000000000000000E+00|          0|
 1|   4.500E+03|                      NaN|   0.0000000000000000E+00|          0|
 1|   4.550E+03|                      NaN|   0.0000000000000000E+00|          0|
 1|   4.600E+03|                      NaN|   0.0000000000000000E+00|          0|
 1|   4.650E+03|                      NaN|   0.0000000000000000E+00|          0|
 1|   4.700E+03|                      NaN|   0.0000000000000000E+00|          0|
 1|   4.750E+03|                      NaN|   0.0000000000000000E+00|          0|
 1|   4.800E+03|                      NaN|   0.0000000000000000E+00|          0|
 1|   4.850E+03|                      NaN|   0.0000000000000000E+00|          0|
 1|   4.900E+03|                      NaN|   0.0000000000000000E+00|          0|
 1|   4.950E+03|                      NaN|   0.0000000000000000E+00|          0|
# integrated result:   1.3765570076662323E-07
#
# Histogram 2: m_jj                                              
 2|   0.000E+00|                      NaN|   0.0000000000000000E+00|          0|
 2|   2.000E+00|                      NaN|   0.0000000000000000E+00|          0|
 2|   4.000E+00|                      NaN|   0.0000000000000000E+00|          0|
 2|   6.000E+00|                      NaN|   0.0000000000000000E+00|          0|
 2|   8.000E+00|                      NaN|   0.0000000000000000E+00|          0|
 2|   1.000E+01|                      NaN|   0.0000000000000000E+00|          0|
 2|   1.200E+01|                      NaN|   0.0000000000000000E+00|          0|
 2|   1.400E+01|                      NaN|   0.0000000000000000E+00|          0|
 2|   1.600E+01|                      NaN|   0.0000000000000000E+00|          0|
 2|   1.800E+01|                      NaN|   0.0000000000000000E+00|          0|
 2|   2.000E+01|                      NaN|   0.0000000000000000E+00|          0|
 2|   2.200E+01|                      NaN|   0.0000000000000000E+00|          0|
 2|   2.400E+01|                      NaN|   0.0000000000000000E+00|          0|
 2|   2.600E+01|                      NaN|   0.0000000000000000E+00|          0|
 2|   2.800E+01|                      NaN|   0.0000000000000000E+00|          0|
 2|   3.000E+01|                 Infinity|   4.8001536073731928E-02|        434|
 2|   3.200E+01|                 Infinity|   5.7831493196624020E-02|        299|
 2|   3.400E+01|                 Infinity|   5.4392829322042119E-02|        338|
 2|   3.600E+01|                 Infinity|   5.3916386601719206E-02|        344|
 2|   3.800E+01|                 Infinity|   5.6523341894422152E-02|        313|
 2|   4.000E+01|                 Infinity|   5.3074489243427524E-02|        355|
 2|   4.200E+01|                 Infinity|   5.1502620262460476E-02|        377|
 2|   4.400E+01|                 Infinity|   5.2777981396925952E-02|        359|
 2|   4.600E+01|                 Infinity|   4.8679238351123547E-02|        422|
 2|   4.800E+01|                 Infinity|   5.0702012656339383E-02|        389|
 2|   5.000E+01|                 Infinity|   5.0702012656339383E-02|        389|
 2|   5.200E+01|                 Infinity|   4.9446817643414874E-02|        409|
 2|   5.400E+01|                 Infinity|   4.8507125007266595E-02|        425|
 2|   5.600E+01|                 Infinity|   4.6829290579084699E-02|        456|
 2|   5.800E+01|                 Infinity|   4.7727395990334764E-02|        439|
 2|   6.000E+01|                 Infinity|   4.7298376984040214E-02|        447|
 2|   6.200E+01|                 Infinity|   5.0188561322849559E-02|        397|
 2|   6.400E+01|                 Infinity|   5.1502620262460476E-02|        377|
 2|   6.600E+01|                 Infinity|   5.0507627227610534E-02|        392|
 2|   6.800E+01|                 Infinity|   4.7088160934801108E-02|        451|
 2|   7.000E+01|                 Infinity|   5.0767308256680958E-02|        388|
 2|   7.200E+01|                 Infinity|   4.8737017882857933E-02|        421|
 2|   7.400E+01|                 Infinity|   5.0443327230531826E-02|        393|
 2|   7.600E+01|                 Infinity|   5.2777981396925952E-02|        359|
 2|   7.800E+01|                 Infinity|   5.3149400345273393E-02|        354|
 2|   8.000E+01|                 Infinity|   5.2486388108147798E-02|        363|
 2|   8.200E+01|                 Infinity|   5.2704627669472988E-02|        360|
 2|   8.400E+01|                 Infinity|   5.2851642258168990E-02|        358|
 2|   8.600E+01|                 Infinity|   5.1366549693751415E-02|        379|
 2|   8.800E+01|                 Infinity|   5.3376051268362382E-02|        351|
 2|   9.000E+01|                 Infinity|   5.3376051268362382E-02|        351|
 2|   9.200E+01|                 Infinity|   5.5215763037423267E-02|        328|
 2|   9.400E+01|                 Infinity|   5.4153036107388232E-02|        341|
 2|   9.600E+01|                 Infinity|   5.5727821257535282E-02|        322|
 2|   9.800E+01|                 Infinity|   5.5470019622522911E-02|        325|
 2|   1.000E+02|                 Infinity|   5.6165595630173037E-02|        317|
 2|   1.020E+02|                 Infinity|   5.7073014553534959E-02|        307|
 2|   1.040E+02|                 Infinity|   6.0084176812610968E-02|        277|
 2|   1.060E+02|                 Infinity|   6.0745673923078697E-02|        271|
 2|   1.080E+02|                 Infinity|   6.2622429108514954E-02|        255|
 2|   1.100E+02|                 Infinity|   5.8520573598065284E-02|        292|
 2|   1.120E+02|                 Infinity|   5.9234887775909233E-02|        285|
 2|   1.140E+02|                 Infinity|   6.1199006136210460E-02|        267|
 2|   1.160E+02|                 Infinity|   6.0192926542884599E-02|        276|
 2|   1.180E+02|                 Infinity|   6.3887656499993992E-02|        245|
 2|   1.200E+02|                 Infinity|   6.5653216429861272E-02|        232|
 2|   1.220E+02|                 Infinity|   6.4018439966447988E-02|        244|
 2|   1.240E+02|                 Infinity|   6.2136976600120006E-02|        259|
 2|   1.260E+02|                 Infinity|   6.4549722436790274E-02|        240|
 2|   1.280E+02|                 Infinity|   6.8518870982753166E-02|        213|
 2|   1.300E+02|                 Infinity|   6.8041381743977170E-02|        216|
 2|   1.320E+02|                 Infinity|   6.6081860045508978E-02|        229|
 2|   1.340E+02|                 Infinity|   6.8041381743977170E-02|        216|
 2|   1.360E+02|                 Infinity|   7.1428571428571425E-02|        196|
 2|   1.380E+02|                 Infinity|   7.4124931666110117E-02|        182|
 2|   1.400E+02|                 Infinity|   7.4953168899586142E-02|        178|
 2|   1.420E+02|                 Infinity|   7.0710678118654752E-02|        200|
 2|   1.440E+02|                 Infinity|   7.4124931666110117E-02|        182|
 2|   1.460E+02|                 Infinity|   7.0888120500833582E-02|        199|
 2|   1.480E+02|                 Infinity|   7.3127242412713067E-02|        187|
 2|   1.500E+02|                 Infinity|   7.7615052570633281E-02|        166|
 2|   1.520E+02|                 Infinity|   7.5592894601845442E-02|        175|
 2|   1.540E+02|                 Infinity|   7.5809804357890337E-02|        174|
 2|   1.560E+02|                 Infinity|   7.5164602800282893E-02|        177|
 2|   1.580E+02|                 Infinity|   7.9555728417572996E-02|        158|
 2|   1.600E+02|                 Infinity|   7.7849894416152296E-02|        165|
 2|   1.620E+02|                 Infinity|   8.3333333333333329E-02|        144|
 2|   1.640E+02|                 Infinity|   8.6710996952411995E-02|        133|
 2|   1.660E+02|                 Infinity|   8.7370405666103795E-02|        131|
 2|   1.680E+02|                 Infinity|   8.3624201000709081E-02|        143|
 2|   1.700E+02|                 Infinity|   9.0909090909090912E-02|        121|
 2|   1.720E+02|                 Infinity|   9.4915799575249898E-02|        111|
 2|   1.740E+02|                 Infinity|   8.7705801930702931E-02|        130|
 2|   1.760E+02|                 Infinity|   9.5346258924559238E-02|        110|
 2|   1.780E+02|                 Infinity|   9.2847669088525930E-02|        116|
 2|   1.800E+02|                 Infinity|   9.2450032704204849E-02|        117|
 2|   1.820E+02|                 Infinity|   9.6225044864937631E-02|        108|
 2|   1.840E+02|                 Infinity|   8.9802651013387455E-02|        124|
 2|   1.860E+02|                 Infinity|   1.0050378152592121E-01|         99|
 2|   1.880E+02|                 Infinity|   9.4491118252306799E-02|        112|
 2|   1.900E+02|                 Infinity|   1.0259783520851541E-01|         95|
 2|   1.920E+02|                 Infinity|   9.6673648904566353E-02|        107|
 2|   1.940E+02|                 Infinity|   1.0783277320343841E-01|         86|
 2|   1.960E+02|                 Infinity|   9.6673648904566353E-02|        107|
 2|   1.980E+02|                 Infinity|   1.0599978800063600E-01|         89|
# integrated result:   1.3765570076662313E-07
#
# Histogram 3: pT(H)                                             
 3|   0.000E+00|                 Infinity|   3.3671751485073696E-02|        882|
 3|   1.000E+01|                 Infinity|   2.2075539284417398E-02|       2052|
 3|   2.000E+01|                 Infinity|   2.0133321342825528E-02|       2467|
 3|   3.000E+01|                 Infinity|   1.9223661202719809E-02|       2706|
 3|   4.000E+01|                 Infinity|   1.9604074934445579E-02|       2602|
 3|   5.000E+01|                 Infinity|   1.9849711139180454E-02|       2538|
 3|   6.000E+01|                 Infinity|   2.1281413268968714E-02|       2208|
 3|   7.000E+01|                 Infinity|   2.2839623660917723E-02|       1917|
 3|   8.000E+01|                 Infinity|   2.4814583349273254E-02|       1624|
 3|   9.000E+01|                 Infinity|   2.6707054531881675E-02|       1402|
 3|   1.000E+02|                 Infinity|   2.9526929767874629E-02|       1147|
 3|   1.100E+02|                 Infinity|   3.3595657034169793E-02|        886|
 3|   1.200E+02|                 Infinity|   3.7190400165280094E-02|        723|
 3|   1.300E+02|                 Infinity|   3.9497625276668211E-02|        641|
 3|   1.400E+02|                 Infinity|   4.3643578047198477E-02|        525|
 3|   1.500E+02|                 Infinity|   4.9446817643414874E-02|        409|
 3|   1.600E+02|                 Infinity|   5.6343616981901101E-02|        315|
 3|   1.700E+02|                 Infinity|   5.9976014390406722E-02|        278|
 3|   1.800E+02|                 Infinity|   6.8680281974344518E-02|        212|
 3|   1.900E+02|                 Infinity|   7.6696498884737035E-02|        170|
 3|   2.000E+02|                 Infinity|   9.1669849702821132E-02|        119|
 3|   2.100E+02|                 Infinity|   9.3250480824031381E-02|        115|
 3|   2.200E+02|                 Infinity|   1.0783277320343841E-01|         86|
 3|   2.300E+02|                 Infinity|   1.1043152607484653E-01|         82|
 3|   2.400E+02|                 Infinity|   1.1952286093343936E-01|         70|
 3|   2.500E+02|                 Infinity|   1.3736056394868904E-01|         53|
 3|   2.600E+02|                 Infinity|   1.4002800840280097E-01|         51|
 3|   2.700E+02|                 Infinity|   1.5075567228888181E-01|         44|
 3|   2.800E+02|                 Infinity|   1.5430334996209191E-01|         42|
 3|   2.900E+02|                 Infinity|   1.8257418583505536E-01|         30|
 3|   3.000E+02|                 Infinity|   1.9611613513818404E-01|         26|
 3|   3.100E+02|                 Infinity|   2.4253562503633297E-01|         17|
 3|   3.200E+02|                 Infinity|   2.2360679774997896E-01|         20|
 3|   3.300E+02|                 Infinity|   2.7735009811261457E-01|         13|
 3|   3.400E+02|                 Infinity|   2.0851441405707477E-01|         23|
 3|   3.500E+02|                 Infinity|   3.5355339059327373E-01|          8|
 3|   3.600E+02|                 Infinity|   2.3570226039551587E-01|         18|
 3|   3.700E+02|                 Infinity|   3.5355339059327373E-01|          8|
 3|   3.800E+02|                 Infinity|   1.0000000000000000E+00|          1|
 3|   3.900E+02|                 Infinity|   5.7735026918962584E-01|          3|
 3|   4.000E+02|                 Infinity|   3.5355339059327373E-01|          8|
 3|   4.100E+02|                 Infinity|   5.7735026918962584E-01|          3|
 3|   4.200E+02|                 Infinity|   4.4721359549995793E-01|          5|
 3|   4.300E+02|                 Infinity|   7.0710678118654746E-01|          2|
 3|   4.400E+02|                 Infinity|   4.4721359549995793E-01|          5|
 3|   4.500E+02|                 Infinity|   4.4721359549995793E-01|          5|
 3|   4.600E+02|                 Infinity|   4.4721359549995793E-01|          5|
 3|   4.700E+02|                 Infinity|   5.0000000000000000E-01|          4|
 3|   4.800E+02|                      NaN|   0.0000000000000000E+00|          0|
 3|   4.900E+02|                 Infinity|   1.0000000000000000E+00|          1|
# integrated result:   1.3765570076662310E-07
#
# Histogram 4: pT(j1)                                            
 4|   0.000E+00|                      NaN|   0.0000000000000000E+00|          0|
 4|   1.000E+01|                 Infinity|   6.1662641597820735E-02|        263|
 4|   2.000E+01|                 Infinity|   2.3485569615051043E-02|       1813|
 4|   3.000E+01|                 Infinity|   1.9124969220777426E-02|       2734|
 4|   4.000E+01|                 Infinity|   1.8637135707254341E-02|       2879|
 4|   5.000E+01|                 Infinity|   1.8566333001716968E-02|       2901|
 4|   6.000E+01|                 Infinity|   1.9810721293758184E-02|       2548|
 4|   7.000E+01|                 Infinity|   2.1368692158534409E-02|       2190|
 4|   8.000E+01|                 Infinity|   2.2355091700494795E-02|       2001|
 4|   9.000E+01|                 Infinity|   2.5181648258293953E-02|       1577|
 4|   1.000E+02|                 Infinity|   2.7317918235407655E-02|       1340|
 4|   1.100E+02|                 Infinity|   2.9565619799454129E-02|       1144|
 4|   1.200E+02|                 Infinity|   3.3729162867744238E-02|        879|
 4|   1.300E+02|                 Infinity|   3.6084391824351615E-02|        768|
 4|   1.400E+02|                 Infinity|   4.0723148118768406E-02|        603|
 4|   1.500E+02|                 Infinity|   4.5548751867427691E-02|        482|
 4|   1.600E+02|                 Infinity|   4.9088069367381602E-02|        415|
 4|   1.700E+02|                 Infinity|   5.5215763037423267E-02|        328|
 4|   1.800E+02|                 Infinity|   6.1898446059017294E-02|        261|
 4|   1.900E+02|                 Infinity|   6.6226617853252193E-02|        228|
 4|   2.000E+02|                 Infinity|   7.3922127095457285E-02|        183|
 4|   2.100E+02|                 Infinity|   8.1378845877115941E-02|        151|
 4|   2.200E+02|                 Infinity|   8.7705801930702931E-02|        130|
 4|   2.300E+02|                 Infinity|   9.1287092917527679E-02|        120|
 4|   2.400E+02|                 Infinity|   1.0153461651336192E-01|         97|
 4|   2.500E+02|                 Infinity|   1.1250879009260240E-01|         79|
 4|   2.600E+02|                 Infinity|   1.3130643285972254E-01|         58|
 4|   2.700E+02|                 Infinity|   1.3736056394868904E-01|         53|
 4|   2.800E+02|                 Infinity|   1.4586499149789456E-01|         47|
 4|   2.900E+02|                 Infinity|   1.6012815380508713E-01|         39|
 4|   3.000E+02|                 Infinity|   1.5430334996209191E-01|         42|
 4|   3.100E+02|                 Infinity|   1.8257418583505536E-01|         30|
 4|   3.200E+02|                 Infinity|   2.5000000000000000E-01|         16|
 4|   3.300E+02|                 Infinity|   2.1821789023599239E-01|         21|
 4|   3.400E+02|                 Infinity|   2.5819888974716110E-01|         15|
 4|   3.500E+02|                 Infinity|   2.0000000000000001E-01|         25|
 4|   3.600E+02|                 Infinity|   3.1622776601683794E-01|         10|
 4|   3.700E+02|                 Infinity|   2.5000000000000000E-01|         16|
 4|   3.800E+02|                 Infinity|   3.1622776601683794E-01|         10|
 4|   3.900E+02|                 Infinity|   3.1622776601683794E-01|         10|
 4|   4.000E+02|                 Infinity|   3.3333333333333331E-01|          9|
 4|   4.100E+02|                 Infinity|   3.7796447300922720E-01|          7|
 4|   4.200E+02|                 Infinity|   5.0000000000000000E-01|          4|
 4|   4.300E+02|                 Infinity|   3.5355339059327373E-01|          8|
 4|   4.400E+02|                 Infinity|   2.6726124191242440E-01|         14|
 4|   4.500E+02|                 Infinity|   4.0824829046386307E-01|          6|
 4|   4.600E+02|                 Infinity|   5.7735026918962584E-01|          3|
 4|   4.700E+02|                 Infinity|   5.7735026918962584E-01|          3|
 4|   4.800E+02|                 Infinity|   7.0710678118654746E-01|          2|
 4|   4.900E+02|                 Infinity|   5.7735026918962584E-01|          3|
# integrated result:   1.3765570076662299E-07
#
# Histogram 5: dy(j1,j2)                                         
 5|  -5.000E+00|                      NaN|   0.0000000000000000E+00|          0|
 5|  -4.800E+00|                 Infinity|   5.7735026918962584E-01|          3|
 5|  -4.600E+00|                 Infinity|   5.0000000000000000E-01|          4|
 5|  -4.400E+00|                 Infinity|   4.4721359549995793E-01|          5|
 5|  -4.200E+00|                 Infinity|   4.4721359549995793E-01|          5|
 5|  -4.000E+00|                 Infinity|   3.0151134457776363E-01|         11|
 5|  -3.800E+00|                 Infinity|   2.3570226039551587E-01|         18|
 5|  -3.600E+00|                 Infinity|   3.0151134457776363E-01|         11|
 5|  -3.400E+00|                 Infinity|   2.5000000000000000E-01|         16|
 5|  -3.200E+00|                 Infinity|   2.0000000000000001E-01|         25|
 5|  -3.000E+00|                 Infinity|   1.7149858514250882E-01|         34|
 5|  -2.800E+00|                 Infinity|   1.3130643285972254E-01|         58|
 5|  -2.600E+00|                 Infinity|   9.9014754297667443E-02|        102|
 5|  -2.400E+00|                 Infinity|   8.7370405666103795E-02|        131|
 5|  -2.200E+00|                 Infinity|   6.9673301429161769E-02|        206|
 5|  -2.000E+00|                 Infinity|   5.5384877562171128E-02|        326|
 5|  -1.800E+00|                 Infinity|   3.6885555678165878E-02|        735|
 5|  -1.600E+00|                 Infinity|   2.8559773898876990E-02|       1226|
 5|  -1.400E+00|                 Infinity|   2.9800997754107491E-02|       1126|
 5|  -1.200E+00|                 Infinity|   2.9348363544187461E-02|       1161|
 5|  -1.000E+00|                 Infinity|   3.2258064516129031E-02|        961|
 5|  -8.000E-01|                 Infinity|   3.1895046605474840E-02|        983|
 5|  -6.000E-01|                 Infinity|   2.5229689602299696E-02|       1571|
 5|  -4.000E-01|                 Infinity|   2.4455799402225926E-02|       1672|
 5|  -2.000E-01|                 Infinity|   2.6225138878868803E-02|       1454|
 5|   0.000E+00|                 Infinity|   2.3583331531828913E-02|       1798|
 5|   2.000E-01|                 Infinity|   2.3877299420036403E-02|       1754|
 5|   4.000E-01|                 Infinity|   2.3325300446383042E-02|       1838|
 5|   6.000E-01|                 Infinity|   2.4906774069335894E-02|       1612|
 5|   8.000E-01|                 Infinity|   2.7692438781085564E-02|       1304|
 5|   1.000E+00|                 Infinity|   2.8536507276767480E-02|       1228|
 5|   1.200E+00|                 Infinity|   3.3614632272640714E-02|        885|
 5|   1.400E+00|                 Infinity|   3.2530002431617772E-02|        945|
 5|   1.600E+00|                 Infinity|   3.2616403652672113E-02|        940|
 5|   1.800E+00|                 Infinity|   3.7319668543103798E-02|        718|
 5|   2.000E+00|                 Infinity|   4.5786854649563009E-02|        477|
 5|   2.200E+00|                 Infinity|   5.3605626741889741E-02|        348|
 5|   2.400E+00|                 Infinity|   6.8358592702466331E-02|        214|
 5|   2.600E+00|                 Infinity|   7.3922127095457285E-02|        183|
 5|   2.800E+00|                 Infinity|   8.4818892967997092E-02|        139|
 5|   3.000E+00|                 Infinity|   8.8735650941611385E-02|        127|
 5|   3.200E+00|                 Infinity|   1.0660035817780521E-01|         88|
 5|   3.400E+00|                 Infinity|   1.2309149097933272E-01|         66|
 5|   3.600E+00|                 Infinity|   1.6012815380508713E-01|         39|
 5|   3.800E+00|                 Infinity|   2.4253562503633297E-01|         17|
 5|   4.000E+00|                 Infinity|   2.5819888974716110E-01|         15|
 5|   4.200E+00|                 Infinity|   3.1622776601683794E-01|         10|
 5|   4.400E+00|                 Infinity|   4.0824829046386307E-01|          6|
 5|   4.600E+00|                 Infinity|   7.0710678118654746E-01|          2|
 5|   4.800E+00|                 Infinity|   1.0000000000000000E+00|          1|
# integrated result:   1.3765570076662318E-07
#
# Histogram 6: mz1                                               
 6|   0.000E+00|                      NaN|   0.0000000000000000E+00|          0|
 6|   2.000E+00|                      NaN|   0.0000000000000000E+00|          0|
 6|   4.000E+00|                 Infinity|   1.2905643322991683E-02|       6004|
 6|   6.000E+00|                 Infinity|   2.6716584257263240E-02|       1401|
 6|   8.000E+00|                 Infinity|   3.0429030972509229E-02|       1080|
 6|   1.000E+01|                 Infinity|   2.8988551782622423E-02|       1190|
 6|   1.200E+01|                 Infinity|   2.7086448924394324E-02|       1363|
 6|   1.400E+01|                 Infinity|   2.8027592733560525E-02|       1273|
 6|   1.600E+01|                 Infinity|   3.3614632272640714E-02|        885|
 6|   1.800E+01|                 Infinity|   3.3131478096128583E-02|        911|
 6|   2.000E+01|                 Infinity|   5.6523341894422152E-02|        313|
 6|   2.200E+01|                 Infinity|   6.3628476297577771E-02|        247|
 6|   2.400E+01|                 Infinity|   7.0186240634359645E-02|        203|
 6|   2.600E+01|                 Infinity|   6.6081860045508978E-02|        229|
 6|   2.800E+01|                 Infinity|   7.6249285166302333E-02|        172|
 6|   3.000E+01|                 Infinity|   1.2126781251816648E-01|         68|
 6|   3.200E+01|                 Infinity|   1.3130643285972254E-01|         58|
 6|   3.400E+01|                 Infinity|   1.1547005383792514E-01|         75|
 6|   3.600E+01|                 Infinity|   1.1322770341445956E-01|         78|
 6|   3.800E+01|                 Infinity|   1.3018891098082389E-01|         59|
 6|   4.000E+01|                 Infinity|   1.5249857033260467E-01|         43|
 6|   4.200E+01|                 Infinity|   2.2360679774997896E-01|         20|
 6|   4.400E+01|                 Infinity|   2.0000000000000001E-01|         25|
 6|   4.600E+01|                 Infinity|   1.9611613513818404E-01|         26|
 6|   4.800E+01|                 Infinity|   1.8569533817705186E-01|         29|
 6|   5.000E+01|                 Infinity|   1.7677669529663687E-01|         32|
 6|   5.200E+01|                 Infinity|   2.6726124191242440E-01|         14|
 6|   5.400E+01|                 Infinity|   2.8867513459481292E-01|         12|
 6|   5.600E+01|                 Infinity|   1.9611613513818404E-01|         26|
 6|   5.800E+01|                 Infinity|   2.2360679774997896E-01|         20|
 6|   6.000E+01|                 Infinity|   2.0000000000000001E-01|         25|
 6|   6.200E+01|                 Infinity|   2.1821789023599239E-01|         21|
 6|   6.400E+01|                 Infinity|   2.3570226039551587E-01|         18|
 6|   6.600E+01|                 Infinity|   3.0151134457776363E-01|         11|
 6|   6.800E+01|                 Infinity|   1.8569533817705186E-01|         29|
 6|   7.000E+01|                 Infinity|   1.9611613513818404E-01|         26|
 6|   7.200E+01|                 Infinity|   1.8898223650461360E-01|         28|
 6|   7.400E+01|                 Infinity|   1.6903085094570330E-01|         35|
 6|   7.600E+01|                 Infinity|   1.3483997249264842E-01|         55|
 6|   7.800E+01|                 Infinity|   1.2803687993289598E-01|         61|
 6|   8.000E+01|                 Infinity|   1.3245323570650439E-01|         57|
 6|   8.200E+01|                 Infinity|   9.1669849702821132E-02|        119|
 6|   8.400E+01|                 Infinity|   8.3045479853739973E-02|        145|
 6|   8.600E+01|                 Infinity|   4.8112522432468816E-02|        432|
 6|   8.800E+01|                 Infinity|   3.0556616567607043E-02|       1071|
 6|   9.000E+01|                 Infinity|   1.5422992461890894E-02|       4204|
 6|   9.200E+01|                 Infinity|   1.9360077316559157E-02|       2668|
 6|   9.400E+01|                 Infinity|   2.8524895269256473E-02|       1229|
 6|   9.600E+01|                 Infinity|   6.2378286155180533E-02|        257|
 6|   9.800E+01|                 Infinity|   1.0050378152592121E-01|         99|
 6|   1.000E+02|                 Infinity|   1.3736056394868904E-01|         53|
 6|   1.020E+02|                 Infinity|   1.5617376188860607E-01|         41|
 6|   1.040E+02|                 Infinity|   2.1821789023599239E-01|         21|
 6|   1.060E+02|                 Infinity|   2.4253562503633297E-01|         17|
 6|   1.080E+02|                 Infinity|   3.7796447300922720E-01|          7|
 6|   1.100E+02|                 Infinity|   5.7735026918962584E-01|          3|
 6|   1.120E+02|                 Infinity|   3.7796447300922720E-01|          7|
 6|   1.140E+02|                 Infinity|   4.0824829046386307E-01|          6|
 6|   1.160E+02|                 Infinity|   1.0000000000000000E+00|          1|
 6|   1.180E+02|                      NaN|   0.0000000000000000E+00|          0|
 6|   1.200E+02|                      NaN|   0.0000000000000000E+00|          0|
 6|   1.220E+02|                      NaN|   0.0000000000000000E+00|          0|
 6|   1.240E+02|                      NaN|   0.0000000000000000E+00|          0|
 6|   1.260E+02|                      NaN|   0.0000000000000000E+00|          0|
 6|   1.280E+02|                      NaN|   0.0000000000000000E+00|          0|
 6|   1.300E+02|                      NaN|   0.0000000000000000E+00|          0|
 6|   1.320E+02|                      NaN|   0.0000000000000000E+00|          0|
 6|   1.340E+02|                      NaN|   0.0000000000000000E+00|          0|
 6|   1.360E+02|                      NaN|   0.0000000000000000E+00|          0|
 6|   1.380E+02|                      NaN|   0.0000000000000000E+00|          0|
 6|   1.400E+02|                      NaN|   0.0000000000000000E+00|          0|
 6|   1.420E+02|                      NaN|   0.0000000000000000E+00|          0|
 6|   1.440E+02|                      NaN|   0.0000000000000000E+00|          0|
 6|   1.460E+02|                      NaN|   0.0000000000000000E+00|          0|
 6|   1.480E+02|                      NaN|   0.0000000000000000E+00|          0|
 6|   1.500E+02|                      NaN|   0.0000000000000000E+00|          0|
 6|   1.520E+02|                      NaN|   0.0000000000000000E+00|          0|
 6|   1.540E+02|                      NaN|   0.0000000000000000E+00|          0|
 6|   1.560E+02|                      NaN|   0.0000000000000000E+00|          0|
 6|   1.580E+02|                      NaN|   0.0000000000000000E+00|          0|
 6|   1.600E+02|                      NaN|   0.0000000000000000E+00|          0|
 6|   1.620E+02|                      NaN|   0.0000000000000000E+00|          0|
 6|   1.640E+02|                      NaN|   0.0000000000000000E+00|          0|
 6|   1.660E+02|                      NaN|   0.0000000000000000E+00|          0|
 6|   1.680E+02|                      NaN|   0.0000000000000000E+00|          0|
 6|   1.700E+02|                      NaN|   0.0000000000000000E+00|          0|
 6|   1.720E+02|                      NaN|   0.0000000000000000E+00|          0|
 6|   1.740E+02|                      NaN|   0.0000000000000000E+00|          0|
 6|   1.760E+02|                      NaN|   0.0000000000000000E+00|          0|
 6|   1.780E+02|                      NaN|   0.0000000000000000E+00|          0|
 6|   1.800E+02|                      NaN|   0.0000000000000000E+00|          0|
 6|   1.820E+02|                      NaN|   0.0000000000000000E+00|          0|
 6|   1.840E+02|                      NaN|   0.0000000000000000E+00|          0|
 6|   1.860E+02|                      NaN|   0.0000000000000000E+00|          0|
 6|   1.880E+02|                      NaN|   0.0000000000000000E+00|          0|
 6|   1.900E+02|                      NaN|   0.0000000000000000E+00|          0|
 6|   1.920E+02|                      NaN|   0.0000000000000000E+00|          0|
 6|   1.940E+02|                      NaN|   0.0000000000000000E+00|          0|
 6|   1.960E+02|                      NaN|   0.0000000000000000E+00|          0|
 6|   1.980E+02|                      NaN|   0.0000000000000000E+00|          0|
# integrated result:   1.3765570076662307E-07
#
# Histogram 7: mz2                                               
 7|   0.000E+00|                      NaN|   0.0000000000000000E+00|          0|
 7|   2.000E+00|                      NaN|   0.0000000000000000E+00|          0|
 7|   4.000E+00|                 Infinity|   2.8903665650803999E-02|       1197|
 7|   6.000E+00|                 Infinity|   3.3652679406803228E-02|        883|
 7|   8.000E+00|                 Infinity|   4.1415768328129106E-02|        583|
 7|   1.000E+01|                 Infinity|   3.9528470752104743E-02|        640|
 7|   1.200E+01|                 Infinity|   4.1134503489486357E-02|        591|
 7|   1.400E+01|                 Infinity|   4.1204282171516463E-02|        589|
 7|   1.600E+01|                 Infinity|   4.3768810953240853E-02|        522|
 7|   1.800E+01|                 Infinity|   4.6077567758409141E-02|        471|
 7|   2.000E+01|                 Infinity|   4.4280744277004763E-02|        510|
 7|   2.200E+01|                 Infinity|   4.1666666666666664E-02|        576|
 7|   2.400E+01|                 Infinity|   3.8433122101204392E-02|        677|
 7|   2.600E+01|                 Infinity|   3.6661778755338326E-02|        744|
 7|   2.800E+01|                 Infinity|   3.2897584747988450E-02|        924|
 7|   3.000E+01|                 Infinity|   3.0787453590353963E-02|       1055|
 7|   3.200E+01|                 Infinity|   3.1862649393858307E-02|        985|
 7|   3.400E+01|                 Infinity|   5.8123819371909642E-02|        296|
 7|   3.600E+01|                 Infinity|   8.8388347648318433E-02|        128|
 7|   3.800E+01|                 Infinity|   1.0660035817780521E-01|         88|
 7|   4.000E+01|                 Infinity|   1.5617376188860607E-01|         41|
 7|   4.200E+01|                 Infinity|   1.6666666666666666E-01|         36|
 7|   4.400E+01|                 Infinity|   1.7407765595569785E-01|         33|
 7|   4.600E+01|                 Infinity|   1.7677669529663687E-01|         32|
 7|   4.800E+01|                 Infinity|   1.8898223650461360E-01|         28|
 7|   5.000E+01|                 Infinity|   2.2941573387056174E-01|         19|
 7|   5.200E+01|                 Infinity|   2.0851441405707477E-01|         23|
 7|   5.400E+01|                 Infinity|   1.6222142113076254E-01|         38|
 7|   5.600E+01|                 Infinity|   1.8898223650461360E-01|         28|
 7|   5.800E+01|                 Infinity|   1.5075567228888181E-01|         44|
 7|   6.000E+01|                 Infinity|   1.4907119849998599E-01|         45|
 7|   6.200E+01|                 Infinity|   1.3736056394868904E-01|         53|
 7|   6.400E+01|                 Infinity|   1.3736056394868904E-01|         53|
 7|   6.600E+01|                 Infinity|   1.0206207261596577E-01|         96|
 7|   6.800E+01|                 Infinity|   7.5377836144440907E-02|        176|
 7|   7.000E+01|                 Infinity|   6.4684622735315084E-02|        239|
 7|   7.200E+01|                 Infinity|   4.1702882811414953E-02|        575|
 7|   7.400E+01|                 Infinity|   4.0723148118768406E-02|        603|
 7|   7.600E+01|                 Infinity|   5.0125470711708552E-02|        398|
 7|   7.800E+01|                 Infinity|   5.2777981396925952E-02|        359|
 7|   8.000E+01|                 Infinity|   3.4815531191139566E-02|        825|
 7|   8.200E+01|                 Infinity|   4.5980048987170286E-02|        473|
 7|   8.400E+01|                 Infinity|   4.8737017882857933E-02|        421|
 7|   8.600E+01|                 Infinity|   2.8903665650803999E-02|       1197|
 7|   8.800E+01|                 Infinity|   2.2857516044124723E-02|       1914|
 7|   9.000E+01|                 Infinity|   1.6599939908326297E-02|       3629|
 7|   9.200E+01|                 Infinity|   2.8795614186045339E-02|       1206|
 7|   9.400E+01|                 Infinity|   2.2496063533292376E-02|       1976|
 7|   9.600E+01|                 Infinity|   9.0166963466743230E-02|        123|
 7|   9.800E+01|                 Infinity|   8.1923192051904056E-02|        149|
 7|   1.000E+02|                 Infinity|   8.7705801930702931E-02|        130|
 7|   1.020E+02|                 Infinity|   1.1785113019775793E-01|         72|
 7|   1.040E+02|                 Infinity|   1.6439898730535729E-01|         37|
 7|   1.060E+02|                 Infinity|   1.8257418583505536E-01|         30|
 7|   1.080E+02|                 Infinity|   2.6726124191242440E-01|         14|
 7|   1.100E+02|                 Infinity|   2.5819888974716110E-01|         15|
 7|   1.120E+02|                 Infinity|   3.3333333333333331E-01|          9|
 7|   1.140E+02|                 Infinity|   1.0000000000000000E+00|          1|
 7|   1.160E+02|                 Infinity|   5.7735026918962584E-01|          3|
 7|   1.180E+02|                      NaN|   0.0000000000000000E+00|          0|
 7|   1.200E+02|                      NaN|   0.0000000000000000E+00|          0|
 7|   1.220E+02|                      NaN|   0.0000000000000000E+00|          0|
 7|   1.240E+02|                      NaN|   0.0000000000000000E+00|          0|
 7|   1.260E+02|                      NaN|   0.0000000000000000E+00|          0|
 7|   1.280E+02|                      NaN|   0.0000000000000000E+00|          0|
 7|   1.300E+02|                      NaN|   0.0000000000000000E+00|          0|
 7|   1.320E+02|                      NaN|   0.0000000000000000E+00|          0|
 7|   1.340E+02|                      NaN|   0.0000000000000000E+00|          0|
 7|   1.360E+02|                      NaN|   0.0000000000000000E+00|          0|
 7|   1.380E+02|                      NaN|   0.0000000000000000E+00|          0|
 7|   1.400E+02|                      NaN|   0.0000000000000000E+00|          0|
 7|   1.420E+02|                      NaN|   0.0000000000000000E+00|          0|
 7|   1.440E+02|                      NaN|   0.0000000000000000E+00|          0|
 7|   1.460E+02|                      NaN|   0.0000000000000000E+00|          0|
 7|   1.480E+02|                      NaN|   0.0000000000000000E+00|          0|
 7|   1.500E+02|                      NaN|   0.0000000000000000E+00|          0|
 7|   1.520E+02|                      NaN|   0.0000000000000000E+00|          0|
 7|   1.540E+02|                      NaN|   0.0000000000000000E+00|          0|
 7|   1.560E+02|                      NaN|   0.0000000000000000E+00|          0|
 7|   1.580E+02|                      NaN|   0.0000000000000000E+00|          0|
 7|   1.600E+02|                      NaN|   0.0000000000000000E+00|          0|
 7|   1.620E+02|                      NaN|   0.0000000000000000E+00|          0|
 7|   1.640E+02|                      NaN|   0.0000000000000000E+00|          0|
 7|   1.660E+02|                      NaN|   0.0000000000000000E+00|          0|
 7|   1.680E+02|                      NaN|   0.0000000000000000E+00|          0|
 7|   1.700E+02|                      NaN|   0.0000000000000000E+00|          0|
 7|   1.720E+02|                      NaN|   0.0000000000000000E+00|          0|
 7|   1.740E+02|                      NaN|   0.0000000000000000E+00|          0|
 7|   1.760E+02|                      NaN|   0.0000000000000000E+00|          0|
 7|   1.780E+02|                      NaN|   0.0000000000000000E+00|          0|
 7|   1.800E+02|                      NaN|   0.0000000000000000E+00|          0|
 7|   1.820E+02|                      NaN|   0.0000000000000000E+00|          0|
 7|   1.840E+02|                      NaN|   0.0000000000000000E+00|          0|
 7|   1.860E+02|                      NaN|   0.0000000000000000E+00|          0|
 7|   1.880E+02|                      NaN|   0.0000000000000000E+00|          0|
 7|   1.900E+02|                      NaN|   0.0000000000000000E+00|          0|
 7|   1.920E+02|                      NaN|   0.0000000000000000E+00|          0|
 7|   1.940E+02|                      NaN|   0.0000000000000000E+00|          0|
 7|   1.960E+02|                      NaN|   0.0000000000000000E+00|          0|
 7|   1.980E+02|                      NaN|   0.0000000000000000E+00|          0|
# integrated result:   1.3765570076662313E-07
#
# Histogram 8: m_4l                                              
 8|   1.000E+02|                 Infinity|   6.1311629043360781E-03|      26602|
 8|   1.400E+02|                      NaN|   0.0000000000000000E+00|          0|
 8|   1.800E+02|                      NaN|   0.0000000000000000E+00|          0|
 8|   2.200E+02|                      NaN|   0.0000000000000000E+00|          0|
 8|   2.600E+02|                      NaN|   0.0000000000000000E+00|          0|
 8|   3.000E+02|                      NaN|   0.0000000000000000E+00|          0|
 8|   3.400E+02|                      NaN|   0.0000000000000000E+00|          0|
 8|   3.800E+02|                      NaN|   0.0000000000000000E+00|          0|
 8|   4.200E+02|                      NaN|   0.0000000000000000E+00|          0|
 8|   4.600E+02|                      NaN|   0.0000000000000000E+00|          0|
 8|   5.000E+02|                      NaN|   0.0000000000000000E+00|          0|
 8|   5.400E+02|                      NaN|   0.0000000000000000E+00|          0|
 8|   5.800E+02|                      NaN|   0.0000000000000000E+00|          0|
 8|   6.200E+02|                      NaN|   0.0000000000000000E+00|          0|
 8|   6.600E+02|                      NaN|   0.0000000000000000E+00|          0|
 8|   7.000E+02|                      NaN|   0.0000000000000000E+00|          0|
 8|   7.400E+02|                      NaN|   0.0000000000000000E+00|          0|
 8|   7.800E+02|                      NaN|   0.0000000000000000E+00|          0|
 8|   8.200E+02|                      NaN|   0.0000000000000000E+00|          0|
 8|   8.600E+02|                      NaN|   0.0000000000000000E+00|          0|
 8|   9.000E+02|                      NaN|   0.0000000000000000E+00|          0|
 8|   9.400E+02|                      NaN|   0.0000000000000000E+00|          0|
 8|   9.800E+02|                      NaN|   0.0000000000000000E+00|          0|
 8|   1.020E+03|                      NaN|   0.0000000000000000E+00|          0|
 8|   1.060E+03|                      NaN|   0.0000000000000000E+00|          0|
 8|   1.100E+03|                      NaN|   0.0000000000000000E+00|          0|
 8|   1.140E+03|                      NaN|   0.0000000000000000E+00|          0|
 8|   1.180E+03|                      NaN|   0.0000000000000000E+00|          0|
 8|   1.220E+03|                      NaN|   0.0000000000000000E+00|          0|
 8|   1.260E+03|                      NaN|   0.0000000000000000E+00|          0|
 8|   1.300E+03|                      NaN|   0.0000000000000000E+00|          0|
 8|   1.340E+03|                      NaN|   0.0000000000000000E+00|          0|
 8|   1.380E+03|                      NaN|   0.0000000000000000E+00|          0|
 8|   1.420E+03|                      NaN|   0.0000000000000000E+00|          0|
 8|   1.460E+03|                      NaN|   0.0000000000000000E+00|          0|
 8|   1.500E+03|                      NaN|   0.0000000000000000E+00|          0|
 8|   1.540E+03|                      NaN|   0.0000000000000000E+00|          0|
 8|   1.580E+03|                      NaN|   0.0000000000000000E+00|          0|
 8|   1.620E+03|                      NaN|   0.0000000000000000E+00|          0|
 8|   1.660E+03|                      NaN|   0.0000000000000000E+00|          0|
 8|   1.700E+03|                      NaN|   0.0000000000000000E+00|          0|
 8|   1.740E+03|                      NaN|   0.0000000000000000E+00|          0|
 8|   1.780E+03|                      NaN|   0.0000000000000000E+00|          0|
 8|   1.820E+03|                      NaN|   0.0000000000000000E+00|          0|
 8|   1.860E+03|                      NaN|   0.0000000000000000E+00|          0|
 8|   1.900E+03|                      NaN|   0.0000000000000000E+00|          0|
 8|   1.940E+03|                      NaN|   0.0000000000000000E+00|          0|
 8|   1.980E+03|                      NaN|   0.0000000000000000E+00|          0|
 8|   2.020E+03|                      NaN|   0.0000000000000000E+00|          0|
 8|   2.060E+03|                      NaN|   0.0000000000000000E+00|          0|
 8|   2.100E+03|                      NaN|   0.0000000000000000E+00|          0|
 8|   2.140E+03|                      NaN|   0.0000000000000000E+00|          0|
 8|   2.180E+03|                      NaN|   0.0000000000000000E+00|          0|
 8|   2.220E+03|                      NaN|   0.0000000000000000E+00|          0|
 8|   2.260E+03|                      NaN|   0.0000000000000000E+00|          0|
 8|   2.300E+03|                      NaN|   0.0000000000000000E+00|          0|
 8|   2.340E+03|                      NaN|   0.0000000000000000E+00|          0|
 8|   2.380E+03|                      NaN|   0.0000000000000000E+00|          0|
 8|   2.420E+03|                      NaN|   0.0000000000000000E+00|          0|
 8|   2.460E+03|                      NaN|   0.0000000000000000E+00|          0|
 8|   2.500E+03|                      NaN|   0.0000000000000000E+00|          0|
 8|   2.540E+03|                      NaN|   0.0000000000000000E+00|          0|
 8|   2.580E+03|                      NaN|   0.0000000000000000E+00|          0|
 8|   2.620E+03|                      NaN|   0.0000000000000000E+00|          0|
 8|   2.660E+03|                      NaN|   0.0000000000000000E+00|          0|
 8|   2.700E+03|                      NaN|   0.0000000000000000E+00|          0|
 8|   2.740E+03|                      NaN|   0.0000000000000000E+00|          0|
 8|   2.780E+03|                      NaN|   0.0000000000000000E+00|          0|
 8|   2.820E+03|                      NaN|   0.0000000000000000E+00|          0|
 8|   2.860E+03|                      NaN|   0.0000000000000000E+00|          0|
 8|   2.900E+03|                      NaN|   0.0000000000000000E+00|          0|
 8|   2.940E+03|                      NaN|   0.0000000000000000E+00|          0|
 8|   2.980E+03|                      NaN|   0.0000000000000000E+00|          0|
 8|   3.020E+03|                      NaN|   0.0000000000000000E+00|          0|
 8|   3.060E+03|                      NaN|   0.0000000000000000E+00|          0|
 8|   3.100E+03|                      NaN|   0.0000000000000000E+00|          0|
 8|   3.140E+03|                      NaN|   0.0000000000000000E+00|          0|
 8|   3.180E+03|                      NaN|   0.0000000000000000E+00|          0|
 8|   3.220E+03|                      NaN|   0.0000000000000000E+00|          0|
 8|   3.260E+03|                      NaN|   0.0000000000000000E+00|          0|
 8|   3.300E+03|                      NaN|   0.0000000000000000E+00|          0|
 8|   3.340E+03|                      NaN|   0.0000000000000000E+00|          0|
 8|   3.380E+03|                      NaN|   0.0000000000000000E+00|          0|
 8|   3.420E+03|                      NaN|   0.0000000000000000E+00|          0|
 8|   3.460E+03|                      NaN|   0.0000000000000000E+00|          0|
 8|   3.500E+03|                      NaN|   0.0000000000000000E+00|          0|
 8|   3.540E+03|                      NaN|   0.0000000000000000E+00|          0|
 8|   3.580E+03|                      NaN|   0.0000000000000000E+00|          0|
 8|   3.620E+03|                      NaN|   0.0000000000000000E+00|          0|
 8|   3.660E+03|                      NaN|   0.0000000000000000E+00|          0|
 8|   3.700E+03|                      NaN|   0.0000000000000000E+00|          0|
 8|   3.740E+03|                      NaN|   0.0000000000000000E+00|          0|
 8|   3.780E+03|                      NaN|   0.0000000000000000E+00|          0|
 8|   3.820E+03|                      NaN|   0.0000000000000000E+00|          0|
 8|   3.860E+03|                      NaN|   0.0000000000000000E+00|          0|
 8|   3.900E+03|                      NaN|   0.0000000000000000E+00|          0|
 8|   3.940E+03|                      NaN|   0.0000000000000000E+00|          0|
 8|   3.980E+03|                      NaN|   0.0000000000000000E+00|          0|
 8|   4.020E+03|                      NaN|   0.0000000000000000E+00|          0|
 8|   4.060E+03|                      NaN|   0.0000000000000000E+00|          0|
# integrated result:   1.3765570076662246E-07
#
# Histogram 9: m_4l                                              
 9|   8.500E+01|                      NaN|   0.0000000000000000E+00|          0|
 9|   8.600E+01|                      NaN|   0.0000000000000000E+00|          0|
 9|   8.700E+01|                      NaN|   0.0000000000000000E+00|          0|
 9|   8.800E+01|                      NaN|   0.0000000000000000E+00|          0|
 9|   8.900E+01|                      NaN|   0.0000000000000000E+00|          0|
 9|   9.000E+01|                      NaN|   0.0000000000000000E+00|          0|
 9|   9.100E+01|                      NaN|   0.0000000000000000E+00|          0|
 9|   9.200E+01|                      NaN|   0.0000000000000000E+00|          0|
 9|   9.300E+01|                      NaN|   0.0000000000000000E+00|          0|
 9|   9.400E+01|                      NaN|   0.0000000000000000E+00|          0|
 9|   9.500E+01|                      NaN|   0.0000000000000000E+00|          0|
 9|   9.600E+01|                      NaN|   0.0000000000000000E+00|          0|
 9|   9.700E+01|                      NaN|   0.0000000000000000E+00|          0|
 9|   9.800E+01|                      NaN|   0.0000000000000000E+00|          0|
 9|   9.900E+01|                      NaN|   0.0000000000000000E+00|          0|
 9|   1.000E+02|                      NaN|   0.0000000000000000E+00|          0|
 9|   1.010E+02|                      NaN|   0.0000000000000000E+00|          0|
 9|   1.020E+02|                      NaN|   0.0000000000000000E+00|          0|
 9|   1.030E+02|                      NaN|   0.0000000000000000E+00|          0|
 9|   1.040E+02|                      NaN|   0.0000000000000000E+00|          0|
 9|   1.050E+02|                      NaN|   0.0000000000000000E+00|          0|
 9|   1.060E+02|                      NaN|   0.0000000000000000E+00|          0|
 9|   1.070E+02|                      NaN|   0.0000000000000000E+00|          0|
 9|   1.080E+02|                      NaN|   0.0000000000000000E+00|          0|
 9|   1.090E+02|                      NaN|   0.0000000000000000E+00|          0|
 9|   1.100E+02|                      NaN|   0.0000000000000000E+00|          0|
 9|   1.110E+02|                      NaN|   0.0000000000000000E+00|          0|
 9|   1.120E+02|                      NaN|   0.0000000000000000E+00|          0|
 9|   1.130E+02|                      NaN|   0.0000000000000000E+00|          0|
 9|   1.140E+02|                      NaN|   0.0000000000000000E+00|          0|
 9|   1.150E+02|                      NaN|   0.0000000000000000E+00|          0|
 9|   1.160E+02|                      NaN|   0.0000000000000000E+00|          0|
 9|   1.170E+02|                      NaN|   0.0000000000000000E+00|          0|
 9|   1.180E+02|                      NaN|   0.0000000000000000E+00|          0|
 9|   1.190E+02|                      NaN|   0.0000000000000000E+00|          0|
 9|   1.200E+02|                      NaN|   0.0000000000000000E+00|          0|
 9|   1.210E+02|                      NaN|   0.0000000000000000E+00|          0|
 9|   1.220E+02|                      NaN|   0.0000000000000000E+00|          0|
 9|   1.230E+02|                      NaN|   0.0000000000000000E+00|          0|
 9|   1.240E+02|                 Infinity|   9.4130415787484177E-03|      11286|
 9|   1.250E+02|                 Infinity|   8.0802969466727513E-03|      15316|
 9|   1.260E+02|                      NaN|   0.0000000000000000E+00|          0|
 9|   1.270E+02|                      NaN|   0.0000000000000000E+00|          0|
 9|   1.280E+02|                      NaN|   0.0000000000000000E+00|          0|
 9|   1.290E+02|                      NaN|   0.0000000000000000E+00|          0|
 9|   1.300E+02|                      NaN|   0.0000000000000000E+00|          0|
 9|   1.310E+02|                      NaN|   0.0000000000000000E+00|          0|
 9|   1.320E+02|                      NaN|   0.0000000000000000E+00|          0|
 9|   1.330E+02|                      NaN|   0.0000000000000000E+00|          0|
 9|   1.340E+02|                      NaN|   0.0000000000000000E+00|          0|
# integrated result:   1.3765570076662355E-07
#
# Histogram10: Phi1                                              
10|  -3.142E+00|                 Infinity|   4.8795003647426664E-02|        420|
10|  -2.985E+00|                 Infinity|   4.5037734911104493E-02|        493|
10|  -2.827E+00|                 Infinity|   4.4280744277004763E-02|        510|
10|  -2.670E+00|                 Infinity|   4.4543540318737397E-02|        504|
10|  -2.513E+00|                 Infinity|   4.1996052556580801E-02|        567|
10|  -2.356E+00|                 Infinity|   3.8720154633118314E-02|        667|
10|  -2.199E+00|                 Infinity|   3.9043440472151518E-02|        656|
10|  -2.042E+00|                 Infinity|   3.8633370464312790E-02|        670|
10|  -1.885E+00|                 Infinity|   3.6345618209240697E-02|        757|
10|  -1.728E+00|                 Infinity|   3.4773407121036048E-02|        827|
10|  -1.571E+00|                 Infinity|   3.4900240637988800E-02|        821|
10|  -1.414E+00|                 Infinity|   3.4380708208626445E-02|        846|
10|  -1.257E+00|                 Infinity|   3.5578403348241000E-02|        790|
10|  -1.100E+00|                 Infinity|   3.3883707378584857E-02|        871|
10|  -9.425E-01|                 Infinity|   3.5421817348790727E-02|        797|
10|  -7.854E-01|                 Infinity|   3.8152379685825785E-02|        687|
10|  -6.283E-01|                 Infinity|   3.8235955645093626E-02|        684|
10|  -4.713E-01|                 Infinity|   3.8866103716823586E-02|        662|
10|  -3.142E-01|                 Infinity|   3.8778336716474064E-02|        665|
10|  -1.571E-01|                 Infinity|   3.9936153191543582E-02|        627|
10|  -3.000E-05|                 Infinity|   4.0389619586100968E-02|        613|
10|   1.570E-01|                 Infinity|   4.0824829046386304E-02|        600|
10|   3.141E-01|                 Infinity|   3.9466851898192920E-02|        642|
10|   4.712E-01|                 Infinity|   3.8778336716474064E-02|        665|
10|   6.283E-01|                 Infinity|   3.8320083261967369E-02|        681|
10|   7.854E-01|                 Infinity|   3.6785594638885484E-02|        739|
10|   9.424E-01|                 Infinity|   3.4857808718787492E-02|        823|
10|   1.100E+00|                 Infinity|   3.5333262666878668E-02|        801|
10|   1.257E+00|                 Infinity|   3.5179877236514591E-02|        808|
10|   1.414E+00|                 Infinity|   3.5201667190438143E-02|        807|
10|   1.571E+00|                 Infinity|   3.5782813348225660E-02|        781|
10|   1.728E+00|                 Infinity|   3.6986336072765455E-02|        731|
10|   1.885E+00|                 Infinity|   3.9043440472151518E-02|        656|
10|   2.042E+00|                 Infinity|   3.8662233651352955E-02|        669|
10|   2.199E+00|                 Infinity|   3.9344473768231684E-02|        646|
10|   2.356E+00|                 Infinity|   4.1239304942116126E-02|        588|
10|   2.513E+00|                 Infinity|   4.7192917818300872E-02|        449|
10|   2.670E+00|                 Infinity|   4.8112522432468816E-02|        432|
10|   2.827E+00|                 Infinity|   4.6423834544262965E-02|        464|
10|   2.984E+00|                 Infinity|   4.5360921162651446E-02|        486|
# integrated result:   1.3765570076662313E-07
#
