#
# column #1=histogram, #2=x-axis bin, #3=binned cross-section, #4=error, #5=number of events 
# this can be easily plotted in gnuplot with the commands:
#    NHi=3
#    plot 'output.dat' using ($2):($1==NHi ? $3 : 1/0) w st
# where NHi selects the histogram
#
#
# run time =      -0.05min
# TotCS =      3.9752729596E-07           5.27508E-08
#
# Histogram 1: m_jj                                              
 1|   0.000E+00|                 Infinity|   2.6631182064565374E-02|       1410|
 1|   5.000E+01|                 Infinity|   1.1864474946906237E-02|       7104|
 1|   1.000E+02|                 Infinity|   1.2399658766086070E-02|       6504|
 1|   1.500E+02|                 Infinity|   1.5421158465515792E-02|       4205|
 1|   2.000E+02|                 Infinity|   1.9181177921614535E-02|       2718|
 1|   2.500E+02|                 Infinity|   2.4723408821707437E-02|       1636|
 1|   3.000E+02|                 Infinity|   2.9920814623220059E-02|       1117|
 1|   3.500E+02|                 Infinity|   3.4794450031961049E-02|        826|
 1|   4.000E+02|                 Infinity|   4.1996052556580801E-02|        567|
 1|   4.500E+02|                 Infinity|   4.9206783130512292E-02|        413|
 1|   5.000E+02|                 Infinity|   6.0745673923078697E-02|        271|
 1|   5.500E+02|                 Infinity|   7.0014004201400484E-02|        204|
 1|   6.000E+02|                 Infinity|   7.9305158571814416E-02|        159|
 1|   6.500E+02|                 Infinity|   9.1669849702821132E-02|        119|
 1|   7.000E+02|                 Infinity|   1.2598815766974239E-01|         63|
 1|   7.500E+02|                 Infinity|   1.4744195615489714E-01|         46|
 1|   8.000E+02|                 Infinity|   1.3867504905630729E-01|         52|
 1|   8.500E+02|                 Infinity|   1.6222142113076254E-01|         38|
 1|   9.000E+02|                 Infinity|   2.0412414523193154E-01|         24|
 1|   9.500E+02|                 Infinity|   1.8569533817705186E-01|         29|
 1|   1.000E+03|                 Infinity|   2.5000000000000000E-01|         16|
 1|   1.050E+03|                 Infinity|   3.7796447300922720E-01|          7|
 1|   1.100E+03|                 Infinity|   4.4721359549995793E-01|          5|
 1|   1.150E+03|                 Infinity|   4.0824829046386307E-01|          6|
 1|   1.200E+03|                 Infinity|   4.4721359549995793E-01|          5|
 1|   1.250E+03|                 Infinity|   5.0000000000000000E-01|          4|
 1|   1.300E+03|                 Infinity|   1.0000000000000000E+00|          1|
 1|   1.350E+03|                      NaN|   0.0000000000000000E+00|          0|
 1|   1.400E+03|                      NaN|   0.0000000000000000E+00|          0|
 1|   1.450E+03|                 Infinity|   7.0710678118654746E-01|          2|
 1|   1.500E+03|                 Infinity|   1.0000000000000000E+00|          1|
 1|   1.550E+03|                 Infinity|   1.0000000000000000E+00|          1|
 1|   1.600E+03|                      NaN|   0.0000000000000000E+00|          0|
 1|   1.650E+03|                 Infinity|   1.0000000000000000E+00|          1|
 1|   1.700E+03|                      NaN|   0.0000000000000000E+00|          0|
 1|   1.750E+03|                      NaN|   0.0000000000000000E+00|          0|
 1|   1.800E+03|                 Infinity|   1.0000000000000000E+00|          1|
 1|   1.850E+03|                      NaN|   0.0000000000000000E+00|          0|
 1|   1.900E+03|                      NaN|   0.0000000000000000E+00|          0|
 1|   1.950E+03|                      NaN|   0.0000000000000000E+00|          0|
 1|   2.000E+03|                 Infinity|   1.0000000000000000E+00|          1|
 1|   2.050E+03|                      NaN|   0.0000000000000000E+00|          0|
 1|   2.100E+03|                      NaN|   0.0000000000000000E+00|          0|
 1|   2.150E+03|                      NaN|   0.0000000000000000E+00|          0|
 1|   2.200E+03|                      NaN|   0.0000000000000000E+00|          0|
 1|   2.250E+03|                      NaN|   0.0000000000000000E+00|          0|
 1|   2.300E+03|                      NaN|   0.0000000000000000E+00|          0|
 1|   2.350E+03|                 Infinity|   1.0000000000000000E+00|          1|
 1|   2.400E+03|                      NaN|   0.0000000000000000E+00|          0|
 1|   2.450E+03|                      NaN|   0.0000000000000000E+00|          0|
 1|   2.500E+03|                      NaN|   0.0000000000000000E+00|          0|
 1|   2.550E+03|                      NaN|   0.0000000000000000E+00|          0|
 1|   2.600E+03|                      NaN|   0.0000000000000000E+00|          0|
 1|   2.650E+03|                 Infinity|   1.0000000000000000E+00|          1|
 1|   2.700E+03|                      NaN|   0.0000000000000000E+00|          0|
 1|   2.750E+03|                      NaN|   0.0000000000000000E+00|          0|
 1|   2.800E+03|                      NaN|   0.0000000000000000E+00|          0|
 1|   2.850E+03|                 Infinity|   1.0000000000000000E+00|          1|
 1|   2.900E+03|                      NaN|   0.0000000000000000E+00|          0|
 1|   2.950E+03|                      NaN|   0.0000000000000000E+00|          0|
 1|   3.000E+03|                      NaN|   0.0000000000000000E+00|          0|
 1|   3.050E+03|                      NaN|   0.0000000000000000E+00|          0|
 1|   3.100E+03|                      NaN|   0.0000000000000000E+00|          0|
 1|   3.150E+03|                      NaN|   0.0000000000000000E+00|          0|
 1|   3.200E+03|                      NaN|   0.0000000000000000E+00|          0|
 1|   3.250E+03|                      NaN|   0.0000000000000000E+00|          0|
 1|   3.300E+03|                      NaN|   0.0000000000000000E+00|          0|
 1|   3.350E+03|                      NaN|   0.0000000000000000E+00|          0|
 1|   3.400E+03|                      NaN|   0.0000000000000000E+00|          0|
 1|   3.450E+03|                      NaN|   0.0000000000000000E+00|          0|
 1|   3.500E+03|                      NaN|   0.0000000000000000E+00|          0|
 1|   3.550E+03|                      NaN|   0.0000000000000000E+00|          0|
 1|   3.600E+03|                      NaN|   0.0000000000000000E+00|          0|
 1|   3.650E+03|                      NaN|   0.0000000000000000E+00|          0|
 1|   3.700E+03|                      NaN|   0.0000000000000000E+00|          0|
 1|   3.750E+03|                      NaN|   0.0000000000000000E+00|          0|
 1|   3.800E+03|                      NaN|   0.0000000000000000E+00|          0|
 1|   3.850E+03|                      NaN|   0.0000000000000000E+00|          0|
 1|   3.900E+03|                      NaN|   0.0000000000000000E+00|          0|
 1|   3.950E+03|                      NaN|   0.0000000000000000E+00|          0|
 1|   4.000E+03|                      NaN|   0.0000000000000000E+00|          0|
 1|   4.050E+03|                      NaN|   0.0000000000000000E+00|          0|
 1|   4.100E+03|                      NaN|   0.0000000000000000E+00|          0|
 1|   4.150E+03|                      NaN|   0.0000000000000000E+00|          0|
 1|   4.200E+03|                      NaN|   0.0000000000000000E+00|          0|
 1|   4.250E+03|                      NaN|   0.0000000000000000E+00|          0|
 1|   4.300E+03|                      NaN|   0.0000000000000000E+00|          0|
 1|   4.350E+03|                      NaN|   0.0000000000000000E+00|          0|
 1|   4.400E+03|                      NaN|   0.0000000000000000E+00|          0|
 1|   4.450E+03|                      NaN|   0.0000000000000000E+00|          0|
 1|   4.500E+03|                      NaN|   0.0000000000000000E+00|          0|
 1|   4.550E+03|                      NaN|   0.0000000000000000E+00|          0|
 1|   4.600E+03|                      NaN|   0.0000000000000000E+00|          0|
 1|   4.650E+03|                      NaN|   0.0000000000000000E+00|          0|
 1|   4.700E+03|                      NaN|   0.0000000000000000E+00|          0|
 1|   4.750E+03|                      NaN|   0.0000000000000000E+00|          0|
 1|   4.800E+03|                      NaN|   0.0000000000000000E+00|          0|
 1|   4.850E+03|                      NaN|   0.0000000000000000E+00|          0|
 1|   4.900E+03|                      NaN|   0.0000000000000000E+00|          0|
 1|   4.950E+03|                      NaN|   0.0000000000000000E+00|          0|
# integrated result:   3.9752729596320655E-07
#
# Histogram 2: m_jj                                              
 2|   0.000E+00|                      NaN|   0.0000000000000000E+00|          0|
 2|   2.000E+00|                      NaN|   0.0000000000000000E+00|          0|
 2|   4.000E+00|                      NaN|   0.0000000000000000E+00|          0|
 2|   6.000E+00|                      NaN|   0.0000000000000000E+00|          0|
 2|   8.000E+00|                      NaN|   0.0000000000000000E+00|          0|
 2|   1.000E+01|                      NaN|   0.0000000000000000E+00|          0|
 2|   1.200E+01|                      NaN|   0.0000000000000000E+00|          0|
 2|   1.400E+01|                      NaN|   0.0000000000000000E+00|          0|
 2|   1.600E+01|                      NaN|   0.0000000000000000E+00|          0|
 2|   1.800E+01|                      NaN|   0.0000000000000000E+00|          0|
 2|   2.000E+01|                      NaN|   0.0000000000000000E+00|          0|
 2|   2.200E+01|                      NaN|   0.0000000000000000E+00|          0|
 2|   2.400E+01|                      NaN|   0.0000000000000000E+00|          0|
 2|   2.600E+01|                      NaN|   0.0000000000000000E+00|          0|
 2|   2.800E+01|                      NaN|   0.0000000000000000E+00|          0|
 2|   3.000E+01|                 Infinity|   1.3018891098082389E-01|         59|
 2|   3.200E+01|                 Infinity|   1.1322770341445956E-01|         78|
 2|   3.400E+01|                 Infinity|   9.3658581158169399E-02|        114|
 2|   3.600E+01|                 Infinity|   9.0166963466743230E-02|        123|
 2|   3.800E+01|                 Infinity|   7.9056941504209485E-02|        160|
 2|   4.000E+01|                 Infinity|   8.3045479853739973E-02|        145|
 2|   4.200E+01|                 Infinity|   8.3045479853739973E-02|        145|
 2|   4.400E+01|                 Infinity|   6.7267279399631244E-02|        221|
 2|   4.600E+01|                 Infinity|   7.5592894601845442E-02|        175|
 2|   4.800E+01|                 Infinity|   7.2547625011001163E-02|        190|
 2|   5.000E+01|                 Infinity|   7.2547625011001163E-02|        190|
 2|   5.200E+01|                 Infinity|   7.0014004201400484E-02|        204|
 2|   5.400E+01|                 Infinity|   6.8842839082151427E-02|        211|
 2|   5.600E+01|                 Infinity|   6.3887656499993992E-02|        245|
 2|   5.800E+01|                 Infinity|   6.2017367294604234E-02|        260|
 2|   6.000E+01|                 Infinity|   6.4150029909958411E-02|        243|
 2|   6.200E+01|                 Infinity|   6.1084722178152612E-02|        268|
 2|   6.400E+01|                 Infinity|   6.1429511683395117E-02|        265|
 2|   6.600E+01|                 Infinity|   5.8222250973958202E-02|        295|
 2|   6.800E+01|                 Infinity|   5.7639041770423498E-02|        301|
 2|   7.000E+01|                 Infinity|   5.6704797712374272E-02|        311|
 2|   7.200E+01|                 Infinity|   5.8925565098878967E-02|        288|
 2|   7.400E+01|                 Infinity|   5.8621038176054921E-02|        291|
 2|   7.600E+01|                 Infinity|   5.9443829827776400E-02|        283|
 2|   7.800E+01|                 Infinity|   5.9654998627189357E-02|        281|
 2|   8.000E+01|                 Infinity|   5.5048188256318034E-02|        330|
 2|   8.200E+01|                 Infinity|   5.6523341894422152E-02|        313|
 2|   8.400E+01|                 Infinity|   5.8925565098878967E-02|        288|
 2|   8.600E+01|                 Infinity|   5.4392829322042119E-02|        338|
 2|   8.800E+01|                 Infinity|   5.4964970992931267E-02|        331|
 2|   9.000E+01|                 Infinity|   5.6613851707229781E-02|        312|
 2|   9.200E+01|                 Infinity|   5.7166195047502949E-02|        306|
 2|   9.400E+01|                 Infinity|   5.4964970992931267E-02|        331|
 2|   9.600E+01|                 Infinity|   5.6523341894422152E-02|        313|
 2|   9.800E+01|                 Infinity|   5.7166195047502949E-02|        306|
 2|   1.000E+02|                 Infinity|   5.8222250973958202E-02|        295|
 2|   1.020E+02|                 Infinity|   5.6704797712374272E-02|        311|
 2|   1.040E+02|                 Infinity|   5.9234887775909233E-02|        285|
 2|   1.060E+02|                 Infinity|   5.6613851707229781E-02|        312|
 2|   1.080E+02|                 Infinity|   5.7543533764843599E-02|        302|
 2|   1.100E+02|                 Infinity|   5.7166195047502949E-02|        306|
 2|   1.120E+02|                 Infinity|   5.8722021951470346E-02|        290|
 2|   1.140E+02|                 Infinity|   5.9028133610095526E-02|        287|
 2|   1.160E+02|                 Infinity|   5.8222250973958202E-02|        295|
 2|   1.180E+02|                 Infinity|   5.8520573598065284E-02|        292|
 2|   1.200E+02|                 Infinity|   6.2136976600120006E-02|        259|
 2|   1.220E+02|                 Infinity|   6.4684622735315084E-02|        239|
 2|   1.240E+02|                 Infinity|   6.0522753266880246E-02|        273|
 2|   1.260E+02|                 Infinity|   6.4150029909958411E-02|        243|
 2|   1.280E+02|                 Infinity|   6.3245553203367583E-02|        250|
 2|   1.300E+02|                 Infinity|   6.4956980246163087E-02|        237|
 2|   1.320E+02|                 Infinity|   6.3500063500095252E-02|        248|
 2|   1.340E+02|                 Infinity|   6.4150029909958411E-02|        243|
 2|   1.360E+02|                 Infinity|   6.3887656499993992E-02|        245|
 2|   1.380E+02|                 Infinity|   6.4018439966447988E-02|        244|
 2|   1.400E+02|                 Infinity|   7.0014004201400484E-02|        204|
 2|   1.420E+02|                 Infinity|   7.0014004201400484E-02|        204|
 2|   1.440E+02|                 Infinity|   6.9504804685691590E-02|        207|
 2|   1.460E+02|                 Infinity|   6.6964953018242512E-02|        223|
 2|   1.480E+02|                 Infinity|   6.9006555934235422E-02|        210|
 2|   1.500E+02|                 Infinity|   7.1247049987909650E-02|        197|
 2|   1.520E+02|                 Infinity|   6.7884423330213065E-02|        217|
 2|   1.540E+02|                 Infinity|   7.0534561585859828E-02|        201|
 2|   1.560E+02|                 Infinity|   7.1428571428571425E-02|        196|
 2|   1.580E+02|                 Infinity|   7.0186240634359645E-02|        203|
 2|   1.600E+02|                 Infinity|   7.2547625011001163E-02|        190|
 2|   1.620E+02|                 Infinity|   7.1981575074869450E-02|        193|
 2|   1.640E+02|                 Infinity|   7.8326044998795738E-02|        163|
 2|   1.660E+02|                 Infinity|   7.2739296745330792E-02|        189|
 2|   1.680E+02|                 Infinity|   7.2932495748947279E-02|        188|
 2|   1.700E+02|                 Infinity|   7.5592894601845442E-02|        175|
 2|   1.720E+02|                 Infinity|   7.3720978077448568E-02|        184|
 2|   1.740E+02|                 Infinity|   7.6249285166302333E-02|        172|
 2|   1.760E+02|                 Infinity|   8.6386842558136015E-02|        134|
 2|   1.780E+02|                 Infinity|   7.9305158571814416E-02|        159|
 2|   1.800E+02|                 Infinity|   7.8811040623910061E-02|        161|
 2|   1.820E+02|                 Infinity|   7.9555728417572996E-02|        158|
 2|   1.840E+02|                 Infinity|   8.4515425472851652E-02|        140|
 2|   1.860E+02|                 Infinity|   8.4515425472851652E-02|        140|
 2|   1.880E+02|                 Infinity|   8.4818892967997092E-02|        139|
 2|   1.900E+02|                 Infinity|   8.2760588860236795E-02|        146|
 2|   1.920E+02|                 Infinity|   8.3918135829668908E-02|        142|
 2|   1.940E+02|                 Infinity|   8.0582296402538028E-02|        154|
 2|   1.960E+02|                 Infinity|   8.1923192051904056E-02|        149|
 2|   1.980E+02|                 Infinity|   9.3250480824031381E-02|        115|
# integrated result:   3.9752729596320618E-07
#
# Histogram 3: pT(H)                                             
 3|   0.000E+00|                 Infinity|   2.4618298195866545E-02|       1650|
 3|   1.000E+01|                 Infinity|   1.6915171678234565E-02|       3495|
 3|   2.000E+01|                 Infinity|   1.8101215356399913E-02|       3052|
 3|   3.000E+01|                 Infinity|   1.9687480773953943E-02|       2580|
 3|   4.000E+01|                 Infinity|   2.1039813436593439E-02|       2259|
 3|   5.000E+01|                 Infinity|   2.2255217373611660E-02|       2019|
 3|   6.000E+01|                 Infinity|   2.3485569615051043E-02|       1813|
 3|   7.000E+01|                 Infinity|   2.5269934785963448E-02|       1566|
 3|   8.000E+01|                 Infinity|   2.8363801389869981E-02|       1243|
 3|   9.000E+01|                 Infinity|   3.0289126640769135E-02|       1090|
 3|   1.000E+02|                 Infinity|   3.2633766658241879E-02|        939|
 3|   1.100E+02|                 Infinity|   3.5179877236514591E-02|        808|
 3|   1.200E+02|                 Infinity|   3.8376477822666816E-02|        679|
 3|   1.300E+02|                 Infinity|   4.0160966445124943E-02|        620|
 3|   1.400E+02|                 Infinity|   4.5407660918649985E-02|        485|
 3|   1.500E+02|                 Infinity|   4.7298376984040214E-02|        447|
 3|   1.600E+02|                 Infinity|   5.1031036307982884E-02|        384|
 3|   1.700E+02|                 Infinity|   5.8222250973958202E-02|        295|
 3|   1.800E+02|                 Infinity|   6.2745580513815860E-02|        254|
 3|   1.900E+02|                 Infinity|   6.2869461346193145E-02|        253|
 3|   2.000E+02|                 Infinity|   7.4124931666110117E-02|        182|
 3|   2.100E+02|                 Infinity|   7.7151674981045956E-02|        168|
 3|   2.200E+02|                 Infinity|   7.7151674981045956E-02|        168|
 3|   2.300E+02|                 Infinity|   8.7705801930702931E-02|        130|
 3|   2.400E+02|                 Infinity|   9.1287092917527679E-02|        120|
 3|   2.500E+02|                 Infinity|   1.0101525445522107E-01|         98|
 3|   2.600E+02|                 Infinity|   1.0050378152592121E-01|         99|
 3|   2.700E+02|                 Infinity|   1.0599978800063600E-01|         89|
 3|   2.800E+02|                 Infinity|   1.3130643285972254E-01|         58|
 3|   2.900E+02|                 Infinity|   1.2126781251816648E-01|         68|
 3|   3.000E+02|                 Infinity|   1.3608276348795434E-01|         54|
 3|   3.100E+02|                 Infinity|   1.3867504905630729E-01|         52|
 3|   3.200E+02|                 Infinity|   1.5430334996209191E-01|         42|
 3|   3.300E+02|                 Infinity|   1.6903085094570330E-01|         35|
 3|   3.400E+02|                 Infinity|   2.3570226039551587E-01|         18|
 3|   3.500E+02|                 Infinity|   1.8898223650461360E-01|         28|
 3|   3.600E+02|                 Infinity|   2.0412414523193154E-01|         24|
 3|   3.700E+02|                 Infinity|   2.2360679774997896E-01|         20|
 3|   3.800E+02|                 Infinity|   2.4253562503633297E-01|         17|
 3|   3.900E+02|                 Infinity|   2.4253562503633297E-01|         17|
 3|   4.000E+02|                 Infinity|   3.0151134457776363E-01|         11|
 3|   4.100E+02|                 Infinity|   3.0151134457776363E-01|         11|
 3|   4.200E+02|                 Infinity|   3.1622776601683794E-01|         10|
 3|   4.300E+02|                 Infinity|   2.5819888974716110E-01|         15|
 3|   4.400E+02|                 Infinity|   3.5355339059327373E-01|          8|
 3|   4.500E+02|                 Infinity|   2.8867513459481292E-01|         12|
 3|   4.600E+02|                 Infinity|   3.5355339059327373E-01|          8|
 3|   4.700E+02|                 Infinity|   3.3333333333333331E-01|          9|
 3|   4.800E+02|                 Infinity|   4.0824829046386307E-01|          6|
 3|   4.900E+02|                 Infinity|   5.0000000000000000E-01|          4|
# integrated result:   3.9752729596320576E-07
#
# Histogram 4: pT(j1)                                            
 4|   0.000E+00|                      NaN|   0.0000000000000000E+00|          0|
 4|   1.000E+01|                 Infinity|   6.7419986246324212E-02|        220|
 4|   2.000E+01|                 Infinity|   2.4232190583632820E-02|       1703|
 4|   3.000E+01|                 Infinity|   1.9331116825676477E-02|       2676|
 4|   4.000E+01|                 Infinity|   1.8414613743486557E-02|       2949|
 4|   5.000E+01|                 Infinity|   1.8728430830182382E-02|       2851|
 4|   6.000E+01|                 Infinity|   1.9920476822239894E-02|       2520|
 4|   7.000E+01|                 Infinity|   2.1373572526796867E-02|       2189|
 4|   8.000E+01|                 Infinity|   2.3511520528619944E-02|       1809|
 4|   9.000E+01|                 Infinity|   2.5441092565739218E-02|       1545|
 4|   1.000E+02|                 Infinity|   2.7618408833305373E-02|       1311|
 4|   1.100E+02|                 Infinity|   3.0233702757845024E-02|       1094|
 4|   1.200E+02|                 Infinity|   3.2376195411908802E-02|        954|
 4|   1.300E+02|                 Infinity|   3.5377456883861250E-02|        799|
 4|   1.400E+02|                 Infinity|   3.7087947077614203E-02|        727|
 4|   1.500E+02|                 Infinity|   4.2953677958755772E-02|        542|
 4|   1.600E+02|                 Infinity|   4.6077567758409141E-02|        471|
 4|   1.700E+02|                 Infinity|   4.7781848256749658E-02|        438|
 4|   1.800E+02|                 Infinity|   5.2558833122763673E-02|        362|
 4|   1.900E+02|                 Infinity|   5.8722021951470346E-02|        290|
 4|   2.000E+02|                 Infinity|   6.3372425052447792E-02|        249|
 4|   2.100E+02|                 Infinity|   6.8358592702466331E-02|        214|
 4|   2.200E+02|                 Infinity|   6.9673301429161769E-02|        206|
 4|   2.300E+02|                 Infinity|   7.7849894416152296E-02|        165|
 4|   2.400E+02|                 Infinity|   7.7382323253413682E-02|        167|
 4|   2.500E+02|                 Infinity|   8.6710996952411995E-02|        133|
 4|   2.600E+02|                 Infinity|   9.2847669088525930E-02|        116|
 4|   2.700E+02|                 Infinity|   9.2057461789832346E-02|        118|
 4|   2.800E+02|                 Infinity|   1.0153461651336192E-01|         97|
 4|   2.900E+02|                 Infinity|   1.1470786693528087E-01|         76|
 4|   3.000E+02|                 Infinity|   1.1470786693528087E-01|         76|
 4|   3.100E+02|                 Infinity|   1.3867504905630729E-01|         52|
 4|   3.200E+02|                 Infinity|   1.4285714285714285E-01|         49|
 4|   3.300E+02|                 Infinity|   1.2500000000000000E-01|         64|
 4|   3.400E+02|                 Infinity|   1.6222142113076254E-01|         38|
 4|   3.500E+02|                 Infinity|   1.7677669529663687E-01|         32|
 4|   3.600E+02|                 Infinity|   1.9611613513818404E-01|         26|
 4|   3.700E+02|                 Infinity|   2.1320071635561041E-01|         22|
 4|   3.800E+02|                 Infinity|   2.0851441405707477E-01|         23|
 4|   3.900E+02|                 Infinity|   2.5819888974716110E-01|         15|
 4|   4.000E+02|                 Infinity|   2.1320071635561041E-01|         22|
 4|   4.100E+02|                 Infinity|   2.0851441405707477E-01|         23|
 4|   4.200E+02|                 Infinity|   2.8867513459481292E-01|         12|
 4|   4.300E+02|                 Infinity|   3.3333333333333331E-01|          9|
 4|   4.400E+02|                 Infinity|   5.7735026918962584E-01|          3|
 4|   4.500E+02|                 Infinity|   5.0000000000000000E-01|          4|
 4|   4.600E+02|                 Infinity|   3.0151134457776363E-01|         11|
 4|   4.700E+02|                 Infinity|   3.3333333333333331E-01|          9|
 4|   4.800E+02|                 Infinity|   3.1622776601683794E-01|         10|
 4|   4.900E+02|                 Infinity|   4.4721359549995793E-01|          5|
# integrated result:   3.9752729596320587E-07
#
# Histogram 5: dy(j1,j2)                                         
 5|  -5.000E+00|                 Infinity|   1.8257418583505536E-01|         30|
 5|  -4.800E+00|                 Infinity|   1.3245323570650439E-01|         57|
 5|  -4.600E+00|                 Infinity|   1.2500000000000000E-01|         64|
 5|  -4.400E+00|                 Infinity|   1.0783277320343841E-01|         86|
 5|  -4.200E+00|                 Infinity|   1.0050378152592121E-01|         99|
 5|  -4.000E+00|                 Infinity|   7.7849894416152296E-02|        165|
 5|  -3.800E+00|                 Infinity|   6.6815310478106099E-02|        224|
 5|  -3.600E+00|                 Infinity|   6.2136976600120006E-02|        259|
 5|  -3.400E+00|                 Infinity|   5.5131784641997125E-02|        329|
 5|  -3.200E+00|                 Infinity|   5.1987524491003641E-02|        370|
 5|  -3.000E+00|                 Infinity|   4.1594516540385151E-02|        578|
 5|  -2.800E+00|                 Infinity|   3.3222774709254770E-02|        906|
 5|  -2.600E+00|                 Infinity|   2.5157730271331381E-02|       1580|
 5|  -2.400E+00|                 Infinity|   2.2863489522874057E-02|       1913|
 5|  -2.200E+00|                 Infinity|   2.4112141108520606E-02|       1720|
 5|  -2.000E+00|                 Infinity|   2.4332412774463609E-02|       1689|
 5|  -1.800E+00|                 Infinity|   2.2839623660917723E-02|       1917|
 5|  -1.600E+00|                 Infinity|   2.2990024493585143E-02|       1892|
 5|  -1.400E+00|                 Infinity|   2.2971819376969831E-02|       1895|
 5|  -1.200E+00|                 Infinity|   2.3453251491009731E-02|       1818|
 5|  -1.000E+00|                 Infinity|   2.3973165074269207E-02|       1740|
 5|  -8.000E-01|                 Infinity|   2.7036903521793759E-02|       1368|
 5|  -6.000E-01|                 Infinity|   2.8501713717057404E-02|       1231|
 5|  -4.000E-01|                 Infinity|   2.8524895269256473E-02|       1229|
 5|  -2.000E-01|                 Infinity|   3.2325409191761800E-02|        957|
 5|   0.000E+00|                 Infinity|   4.4499415948998478E-02|        505|
 5|   2.000E-01|                 Infinity|   5.4312544659356844E-02|        339|
 5|   4.000E-01|                 Infinity|   5.9028133610095526E-02|        287|
 5|   6.000E-01|                 Infinity|   5.3838190205816552E-02|        345|
 5|   8.000E-01|                 Infinity|   4.6077567758409141E-02|        471|
 5|   1.000E+00|                 Infinity|   5.4554472558998097E-02|        336|
 5|   1.200E+00|                 Infinity|   6.6226617853252193E-02|        228|
 5|   1.400E+00|                 Infinity|   7.7151674981045956E-02|        168|
 5|   1.600E+00|                 Infinity|   8.3045479853739973E-02|        145|
 5|   1.800E+00|                 Infinity|   9.9014754297667443E-02|        102|
 5|   2.000E+00|                 Infinity|   1.0846522890932808E-01|         85|
 5|   2.200E+00|                 Infinity|   1.0910894511799619E-01|         84|
 5|   2.400E+00|                 Infinity|   1.2126781251816648E-01|         68|
 5|   2.600E+00|                 Infinity|   1.3867504905630729E-01|         52|
 5|   2.800E+00|                 Infinity|   1.5430334996209191E-01|         42|
 5|   3.000E+00|                 Infinity|   1.7677669529663687E-01|         32|
 5|   3.200E+00|                 Infinity|   1.8898223650461360E-01|         28|
 5|   3.400E+00|                 Infinity|   2.8867513459481292E-01|         12|
 5|   3.600E+00|                 Infinity|   2.8867513459481292E-01|         12|
 5|   3.800E+00|                 Infinity|   3.3333333333333331E-01|          9|
 5|   4.000E+00|                 Infinity|   3.7796447300922720E-01|          7|
 5|   4.200E+00|                 Infinity|   5.7735026918962584E-01|          3|
 5|   4.400E+00|                 Infinity|   1.0000000000000000E+00|          1|
 5|   4.600E+00|                 Infinity|   1.0000000000000000E+00|          1|
 5|   4.800E+00|                 Infinity|   1.0000000000000000E+00|          1|
# integrated result:   3.9752729596320597E-07
#
# Histogram 6: mz1                                               
 6|   0.000E+00|                      NaN|   0.0000000000000000E+00|          0|
 6|   2.000E+00|                      NaN|   0.0000000000000000E+00|          0|
 6|   4.000E+00|                 Infinity|   1.6985788839624958E-02|       3466|
 6|   6.000E+00|                 Infinity|   1.9912576573338177E-02|       2522|
 6|   8.000E+00|                 Infinity|   2.6527905453864551E-02|       1421|
 6|   1.000E+01|                 Infinity|   2.3537557657892522E-02|       1805|
 6|   1.200E+01|                 Infinity|   1.7786387594901105E-02|       3161|
 6|   1.400E+01|                 Infinity|   4.4367825470805693E-02|        508|
 6|   1.600E+01|                 Infinity|   2.8724249481071301E-02|       1212|
 6|   1.800E+01|                 Infinity|   3.7139067635410375E-02|        725|
 6|   2.000E+01|                 Infinity|   5.8420623783698597E-02|        293|
 6|   2.200E+01|                 Infinity|   5.4882129994845173E-02|        332|
 6|   2.400E+01|                 Infinity|   6.0412209333017698E-02|        274|
 6|   2.600E+01|                 Infinity|   8.4515425472851652E-02|        140|
 6|   2.800E+01|                 Infinity|   1.1322770341445956E-01|         78|
 6|   3.000E+01|                 Infinity|   1.2803687993289598E-01|         61|
 6|   3.200E+01|                 Infinity|   1.7960530202677491E-01|         31|
 6|   3.400E+01|                 Infinity|   1.4433756729740646E-01|         48|
 6|   3.600E+01|                 Infinity|   1.7149858514250882E-01|         34|
 6|   3.800E+01|                 Infinity|   2.5000000000000000E-01|         16|
 6|   4.000E+01|                 Infinity|   2.2941573387056174E-01|         19|
 6|   4.200E+01|                 Infinity|   2.0851441405707477E-01|         23|
 6|   4.400E+01|                 Infinity|   2.2941573387056174E-01|         19|
 6|   4.600E+01|                 Infinity|   1.8898223650461360E-01|         28|
 6|   4.800E+01|                 Infinity|   2.0851441405707477E-01|         23|
 6|   5.000E+01|                 Infinity|   1.7407765595569785E-01|         33|
 6|   5.200E+01|                 Infinity|   1.5249857033260467E-01|         43|
 6|   5.400E+01|                 Infinity|   1.5811388300841897E-01|         40|
 6|   5.600E+01|                 Infinity|   1.5617376188860607E-01|         41|
 6|   5.800E+01|                 Infinity|   1.5430334996209191E-01|         42|
 6|   6.000E+01|                 Infinity|   1.4744195615489714E-01|         46|
 6|   6.200E+01|                 Infinity|   1.1952286093343936E-01|         70|
 6|   6.400E+01|                 Infinity|   1.1952286093343936E-01|         70|
 6|   6.600E+01|                 Infinity|   1.2700012700019050E-01|         62|
 6|   6.800E+01|                 Infinity|   1.2500000000000000E-01|         64|
 6|   7.000E+01|                 Infinity|   1.2038585308576920E-01|         69|
 6|   7.200E+01|                 Infinity|   1.2403473458920847E-01|         65|
 6|   7.400E+01|                 Infinity|   1.1111111111111110E-01|         81|
 6|   7.600E+01|                 Infinity|   9.8532927816429319E-02|        103|
 6|   7.800E+01|                 Infinity|   7.7151674981045956E-02|        168|
 6|   8.000E+01|                 Infinity|   6.6226617853252193E-02|        228|
 6|   8.200E+01|                 Infinity|   7.0359754473029182E-02|        202|
 6|   8.400E+01|                 Infinity|   8.2199493652678646E-02|        148|
 6|   8.600E+01|                 Infinity|   6.5094455490411943E-02|        236|
 6|   8.800E+01|                 Infinity|   2.5523828044507795E-02|       1535|
 6|   9.000E+01|                 Infinity|   1.5998464221148617E-02|       3907|
 6|   9.200E+01|                 Infinity|   1.9349201886068965E-02|       2671|
 6|   9.400E+01|                 Infinity|   3.6037498507822355E-02|        770|
 6|   9.600E+01|                 Infinity|   6.9504804685691590E-02|        207|
 6|   9.800E+01|                 Infinity|   8.6710996952411995E-02|        133|
 6|   1.000E+02|                 Infinity|   9.0166963466743230E-02|        123|
 6|   1.020E+02|                 Infinity|   1.2216944435630522E-01|         67|
 6|   1.040E+02|                 Infinity|   1.3736056394868904E-01|         53|
 6|   1.060E+02|                 Infinity|   3.1622776601683794E-01|         10|
 6|   1.080E+02|                 Infinity|   2.8867513459481292E-01|         12|
 6|   1.100E+02|                 Infinity|   3.7796447300922720E-01|          7|
 6|   1.120E+02|                 Infinity|   3.5355339059327373E-01|          8|
 6|   1.140E+02|                 Infinity|   5.7735026918962584E-01|          3|
 6|   1.160E+02|                 Infinity|   5.7735026918962584E-01|          3|
 6|   1.180E+02|                      NaN|   0.0000000000000000E+00|          0|
 6|   1.200E+02|                      NaN|   0.0000000000000000E+00|          0|
 6|   1.220E+02|                      NaN|   0.0000000000000000E+00|          0|
 6|   1.240E+02|                      NaN|   0.0000000000000000E+00|          0|
 6|   1.260E+02|                      NaN|   0.0000000000000000E+00|          0|
 6|   1.280E+02|                      NaN|   0.0000000000000000E+00|          0|
 6|   1.300E+02|                      NaN|   0.0000000000000000E+00|          0|
 6|   1.320E+02|                      NaN|   0.0000000000000000E+00|          0|
 6|   1.340E+02|                      NaN|   0.0000000000000000E+00|          0|
 6|   1.360E+02|                      NaN|   0.0000000000000000E+00|          0|
 6|   1.380E+02|                      NaN|   0.0000000000000000E+00|          0|
 6|   1.400E+02|                      NaN|   0.0000000000000000E+00|          0|
 6|   1.420E+02|                      NaN|   0.0000000000000000E+00|          0|
 6|   1.440E+02|                      NaN|   0.0000000000000000E+00|          0|
 6|   1.460E+02|                      NaN|   0.0000000000000000E+00|          0|
 6|   1.480E+02|                      NaN|   0.0000000000000000E+00|          0|
 6|   1.500E+02|                      NaN|   0.0000000000000000E+00|          0|
 6|   1.520E+02|                      NaN|   0.0000000000000000E+00|          0|
 6|   1.540E+02|                      NaN|   0.0000000000000000E+00|          0|
 6|   1.560E+02|                      NaN|   0.0000000000000000E+00|          0|
 6|   1.580E+02|                      NaN|   0.0000000000000000E+00|          0|
 6|   1.600E+02|                      NaN|   0.0000000000000000E+00|          0|
 6|   1.620E+02|                      NaN|   0.0000000000000000E+00|          0|
 6|   1.640E+02|                      NaN|   0.0000000000000000E+00|          0|
 6|   1.660E+02|                      NaN|   0.0000000000000000E+00|          0|
 6|   1.680E+02|                      NaN|   0.0000000000000000E+00|          0|
 6|   1.700E+02|                      NaN|   0.0000000000000000E+00|          0|
 6|   1.720E+02|                      NaN|   0.0000000000000000E+00|          0|
 6|   1.740E+02|                      NaN|   0.0000000000000000E+00|          0|
 6|   1.760E+02|                      NaN|   0.0000000000000000E+00|          0|
 6|   1.780E+02|                      NaN|   0.0000000000000000E+00|          0|
 6|   1.800E+02|                      NaN|   0.0000000000000000E+00|          0|
 6|   1.820E+02|                      NaN|   0.0000000000000000E+00|          0|
 6|   1.840E+02|                      NaN|   0.0000000000000000E+00|          0|
 6|   1.860E+02|                      NaN|   0.0000000000000000E+00|          0|
 6|   1.880E+02|                      NaN|   0.0000000000000000E+00|          0|
 6|   1.900E+02|                      NaN|   0.0000000000000000E+00|          0|
 6|   1.920E+02|                      NaN|   0.0000000000000000E+00|          0|
 6|   1.940E+02|                      NaN|   0.0000000000000000E+00|          0|
 6|   1.960E+02|                      NaN|   0.0000000000000000E+00|          0|
 6|   1.980E+02|                      NaN|   0.0000000000000000E+00|          0|
# integrated result:   3.9752729596320603E-07
#
# Histogram 7: mz2                                               
 7|   0.000E+00|                      NaN|   0.0000000000000000E+00|          0|
 7|   2.000E+00|                      NaN|   0.0000000000000000E+00|          0|
 7|   4.000E+00|                 Infinity|   3.6178730264621081E-02|        764|
 7|   6.000E+00|                 Infinity|   3.1341957040361135E-02|       1018|
 7|   8.000E+00|                 Infinity|   3.7555788309433985E-02|        709|
 7|   1.000E+01|                 Infinity|   4.0588747923409947E-02|        607|
 7|   1.200E+01|                 Infinity|   4.7245559126153400E-02|        448|
 7|   1.400E+01|                 Infinity|   4.2993358039234778E-02|        541|
 7|   1.600E+01|                 Infinity|   3.4565056491014177E-02|        837|
 7|   1.800E+01|                 Infinity|   3.3241124765726680E-02|        905|
 7|   2.000E+01|                 Infinity|   4.2447635997800888E-02|        555|
 7|   2.200E+01|                 Infinity|   4.1630544712181333E-02|        577|
 7|   2.400E+01|                 Infinity|   3.4773407121036048E-02|        827|
 7|   2.600E+01|                 Infinity|   3.2025630761017429E-02|        975|
 7|   2.800E+01|                 Infinity|   3.3426313523243781E-02|        895|
 7|   3.000E+01|                 Infinity|   3.8320083261967369E-02|        681|
 7|   3.200E+01|                 Infinity|   4.6225016352102424E-02|        468|
 7|   3.400E+01|                 Infinity|   6.6666666666666666E-02|        225|
 7|   3.600E+01|                 Infinity|   8.8735650941611385E-02|        127|
 7|   3.800E+01|                 Infinity|   1.0660035817780521E-01|         88|
 7|   4.000E+01|                 Infinity|   1.1470786693528087E-01|         76|
 7|   4.200E+01|                 Infinity|   1.2126781251816648E-01|         68|
 7|   4.400E+01|                 Infinity|   1.2598815766974239E-01|         63|
 7|   4.600E+01|                 Infinity|   1.2700012700019050E-01|         62|
 7|   4.800E+01|                 Infinity|   1.4907119849998599E-01|         45|
 7|   5.000E+01|                 Infinity|   1.3245323570650439E-01|         57|
 7|   5.200E+01|                 Infinity|   1.5249857033260467E-01|         43|
 7|   5.400E+01|                 Infinity|   1.2309149097933272E-01|         66|
 7|   5.600E+01|                 Infinity|   1.1704114719613057E-01|         73|
 7|   5.800E+01|                 Infinity|   1.0910894511799619E-01|         84|
 7|   6.000E+01|                 Infinity|   1.1867816581938533E-01|         71|
 7|   6.200E+01|                 Infinity|   1.2403473458920847E-01|         65|
 7|   6.400E+01|                 Infinity|   1.1952286093343936E-01|         70|
 7|   6.600E+01|                 Infinity|   1.0206207261596577E-01|         96|
 7|   6.800E+01|                 Infinity|   8.5125653075874858E-02|        138|
 7|   7.000E+01|                 Infinity|   7.9808688446762213E-02|        157|
 7|   7.200E+01|                 Infinity|   7.8086880944303036E-02|        164|
 7|   7.400E+01|                 Infinity|   6.7267279399631244E-02|        221|
 7|   7.600E+01|                 Infinity|   5.3149400345273393E-02|        354|
 7|   7.800E+01|                 Infinity|   4.9147318718299048E-02|        414|
 7|   8.000E+01|                 Infinity|   3.6735917918532250E-02|        741|
 7|   8.200E+01|                 Infinity|   3.2291684186031330E-02|        959|
 7|   8.400E+01|                 Infinity|   3.8807526285316640E-02|        664|
 7|   8.600E+01|                 Infinity|   2.6352313834736494E-02|       1440|
 7|   8.800E+01|                 Infinity|   2.2668802672263903E-02|       1946|
 7|   9.000E+01|                 Infinity|   1.3078881186189037E-02|       5846|
 7|   9.200E+01|                 Infinity|   2.5261870341913829E-02|       1567|
 7|   9.400E+01|                 Infinity|   5.3149400345273393E-02|        354|
 7|   9.600E+01|                 Infinity|   1.0050378152592121E-01|         99|
 7|   9.800E+01|                 Infinity|   1.0314212462587934E-01|         94|
 7|   1.000E+02|                 Infinity|   1.2403473458920847E-01|         65|
 7|   1.020E+02|                 Infinity|   1.6439898730535729E-01|         37|
 7|   1.040E+02|                 Infinity|   1.6666666666666666E-01|         36|
 7|   1.060E+02|                 Infinity|   1.8898223650461360E-01|         28|
 7|   1.080E+02|                 Infinity|   2.0412414523193154E-01|         24|
 7|   1.100E+02|                 Infinity|   2.5000000000000000E-01|         16|
 7|   1.120E+02|                 Infinity|   4.4721359549995793E-01|          5|
 7|   1.140E+02|                 Infinity|   1.0000000000000000E+00|          1|
 7|   1.160E+02|                 Infinity|   7.0710678118654746E-01|          2|
 7|   1.180E+02|                 Infinity|   1.0000000000000000E+00|          1|
 7|   1.200E+02|                      NaN|   0.0000000000000000E+00|          0|
 7|   1.220E+02|                      NaN|   0.0000000000000000E+00|          0|
 7|   1.240E+02|                      NaN|   0.0000000000000000E+00|          0|
 7|   1.260E+02|                      NaN|   0.0000000000000000E+00|          0|
 7|   1.280E+02|                      NaN|   0.0000000000000000E+00|          0|
 7|   1.300E+02|                      NaN|   0.0000000000000000E+00|          0|
 7|   1.320E+02|                      NaN|   0.0000000000000000E+00|          0|
 7|   1.340E+02|                      NaN|   0.0000000000000000E+00|          0|
 7|   1.360E+02|                      NaN|   0.0000000000000000E+00|          0|
 7|   1.380E+02|                      NaN|   0.0000000000000000E+00|          0|
 7|   1.400E+02|                      NaN|   0.0000000000000000E+00|          0|
 7|   1.420E+02|                      NaN|   0.0000000000000000E+00|          0|
 7|   1.440E+02|                      NaN|   0.0000000000000000E+00|          0|
 7|   1.460E+02|                      NaN|   0.0000000000000000E+00|          0|
 7|   1.480E+02|                      NaN|   0.0000000000000000E+00|          0|
 7|   1.500E+02|                      NaN|   0.0000000000000000E+00|          0|
 7|   1.520E+02|                      NaN|   0.0000000000000000E+00|          0|
 7|   1.540E+02|                      NaN|   0.0000000000000000E+00|          0|
 7|   1.560E+02|                      NaN|   0.0000000000000000E+00|          0|
 7|   1.580E+02|                      NaN|   0.0000000000000000E+00|          0|
 7|   1.600E+02|                      NaN|   0.0000000000000000E+00|          0|
 7|   1.620E+02|                      NaN|   0.0000000000000000E+00|          0|
 7|   1.640E+02|                      NaN|   0.0000000000000000E+00|          0|
 7|   1.660E+02|                      NaN|   0.0000000000000000E+00|          0|
 7|   1.680E+02|                      NaN|   0.0000000000000000E+00|          0|
 7|   1.700E+02|                      NaN|   0.0000000000000000E+00|          0|
 7|   1.720E+02|                      NaN|   0.0000000000000000E+00|          0|
 7|   1.740E+02|                      NaN|   0.0000000000000000E+00|          0|
 7|   1.760E+02|                      NaN|   0.0000000000000000E+00|          0|
 7|   1.780E+02|                      NaN|   0.0000000000000000E+00|          0|
 7|   1.800E+02|                      NaN|   0.0000000000000000E+00|          0|
 7|   1.820E+02|                      NaN|   0.0000000000000000E+00|          0|
 7|   1.840E+02|                      NaN|   0.0000000000000000E+00|          0|
 7|   1.860E+02|                      NaN|   0.0000000000000000E+00|          0|
 7|   1.880E+02|                      NaN|   0.0000000000000000E+00|          0|
 7|   1.900E+02|                      NaN|   0.0000000000000000E+00|          0|
 7|   1.920E+02|                      NaN|   0.0000000000000000E+00|          0|
 7|   1.940E+02|                      NaN|   0.0000000000000000E+00|          0|
 7|   1.960E+02|                      NaN|   0.0000000000000000E+00|          0|
 7|   1.980E+02|                      NaN|   0.0000000000000000E+00|          0|
# integrated result:   3.9752729596320592E-07
#
# Histogram 8: m_4l                                              
 8|   1.000E+02|                 Infinity|   6.0237684930023660E-03|      27559|
 8|   1.400E+02|                      NaN|   0.0000000000000000E+00|          0|
 8|   1.800E+02|                      NaN|   0.0000000000000000E+00|          0|
 8|   2.200E+02|                      NaN|   0.0000000000000000E+00|          0|
 8|   2.600E+02|                      NaN|   0.0000000000000000E+00|          0|
 8|   3.000E+02|                      NaN|   0.0000000000000000E+00|          0|
 8|   3.400E+02|                      NaN|   0.0000000000000000E+00|          0|
 8|   3.800E+02|                      NaN|   0.0000000000000000E+00|          0|
 8|   4.200E+02|                      NaN|   0.0000000000000000E+00|          0|
 8|   4.600E+02|                      NaN|   0.0000000000000000E+00|          0|
 8|   5.000E+02|                      NaN|   0.0000000000000000E+00|          0|
 8|   5.400E+02|                      NaN|   0.0000000000000000E+00|          0|
 8|   5.800E+02|                      NaN|   0.0000000000000000E+00|          0|
 8|   6.200E+02|                      NaN|   0.0000000000000000E+00|          0|
 8|   6.600E+02|                      NaN|   0.0000000000000000E+00|          0|
 8|   7.000E+02|                      NaN|   0.0000000000000000E+00|          0|
 8|   7.400E+02|                      NaN|   0.0000000000000000E+00|          0|
 8|   7.800E+02|                      NaN|   0.0000000000000000E+00|          0|
 8|   8.200E+02|                      NaN|   0.0000000000000000E+00|          0|
 8|   8.600E+02|                      NaN|   0.0000000000000000E+00|          0|
 8|   9.000E+02|                      NaN|   0.0000000000000000E+00|          0|
 8|   9.400E+02|                      NaN|   0.0000000000000000E+00|          0|
 8|   9.800E+02|                      NaN|   0.0000000000000000E+00|          0|
 8|   1.020E+03|                      NaN|   0.0000000000000000E+00|          0|
 8|   1.060E+03|                      NaN|   0.0000000000000000E+00|          0|
 8|   1.100E+03|                      NaN|   0.0000000000000000E+00|          0|
 8|   1.140E+03|                      NaN|   0.0000000000000000E+00|          0|
 8|   1.180E+03|                      NaN|   0.0000000000000000E+00|          0|
 8|   1.220E+03|                      NaN|   0.0000000000000000E+00|          0|
 8|   1.260E+03|                      NaN|   0.0000000000000000E+00|          0|
 8|   1.300E+03|                      NaN|   0.0000000000000000E+00|          0|
 8|   1.340E+03|                      NaN|   0.0000000000000000E+00|          0|
 8|   1.380E+03|                      NaN|   0.0000000000000000E+00|          0|
 8|   1.420E+03|                      NaN|   0.0000000000000000E+00|          0|
 8|   1.460E+03|                      NaN|   0.0000000000000000E+00|          0|
 8|   1.500E+03|                      NaN|   0.0000000000000000E+00|          0|
 8|   1.540E+03|                      NaN|   0.0000000000000000E+00|          0|
 8|   1.580E+03|                      NaN|   0.0000000000000000E+00|          0|
 8|   1.620E+03|                      NaN|   0.0000000000000000E+00|          0|
 8|   1.660E+03|                      NaN|   0.0000000000000000E+00|          0|
 8|   1.700E+03|                      NaN|   0.0000000000000000E+00|          0|
 8|   1.740E+03|                      NaN|   0.0000000000000000E+00|          0|
 8|   1.780E+03|                      NaN|   0.0000000000000000E+00|          0|
 8|   1.820E+03|                      NaN|   0.0000000000000000E+00|          0|
 8|   1.860E+03|                      NaN|   0.0000000000000000E+00|          0|
 8|   1.900E+03|                      NaN|   0.0000000000000000E+00|          0|
 8|   1.940E+03|                      NaN|   0.0000000000000000E+00|          0|
 8|   1.980E+03|                      NaN|   0.0000000000000000E+00|          0|
 8|   2.020E+03|                      NaN|   0.0000000000000000E+00|          0|
 8|   2.060E+03|                      NaN|   0.0000000000000000E+00|          0|
 8|   2.100E+03|                      NaN|   0.0000000000000000E+00|          0|
 8|   2.140E+03|                      NaN|   0.0000000000000000E+00|          0|
 8|   2.180E+03|                      NaN|   0.0000000000000000E+00|          0|
 8|   2.220E+03|                      NaN|   0.0000000000000000E+00|          0|
 8|   2.260E+03|                      NaN|   0.0000000000000000E+00|          0|
 8|   2.300E+03|                      NaN|   0.0000000000000000E+00|          0|
 8|   2.340E+03|                      NaN|   0.0000000000000000E+00|          0|
 8|   2.380E+03|                      NaN|   0.0000000000000000E+00|          0|
 8|   2.420E+03|                      NaN|   0.0000000000000000E+00|          0|
 8|   2.460E+03|                      NaN|   0.0000000000000000E+00|          0|
 8|   2.500E+03|                      NaN|   0.0000000000000000E+00|          0|
 8|   2.540E+03|                      NaN|   0.0000000000000000E+00|          0|
 8|   2.580E+03|                      NaN|   0.0000000000000000E+00|          0|
 8|   2.620E+03|                      NaN|   0.0000000000000000E+00|          0|
 8|   2.660E+03|                      NaN|   0.0000000000000000E+00|          0|
 8|   2.700E+03|                      NaN|   0.0000000000000000E+00|          0|
 8|   2.740E+03|                      NaN|   0.0000000000000000E+00|          0|
 8|   2.780E+03|                      NaN|   0.0000000000000000E+00|          0|
 8|   2.820E+03|                      NaN|   0.0000000000000000E+00|          0|
 8|   2.860E+03|                      NaN|   0.0000000000000000E+00|          0|
 8|   2.900E+03|                      NaN|   0.0000000000000000E+00|          0|
 8|   2.940E+03|                      NaN|   0.0000000000000000E+00|          0|
 8|   2.980E+03|                      NaN|   0.0000000000000000E+00|          0|
 8|   3.020E+03|                      NaN|   0.0000000000000000E+00|          0|
 8|   3.060E+03|                      NaN|   0.0000000000000000E+00|          0|
 8|   3.100E+03|                      NaN|   0.0000000000000000E+00|          0|
 8|   3.140E+03|                      NaN|   0.0000000000000000E+00|          0|
 8|   3.180E+03|                      NaN|   0.0000000000000000E+00|          0|
 8|   3.220E+03|                      NaN|   0.0000000000000000E+00|          0|
 8|   3.260E+03|                      NaN|   0.0000000000000000E+00|          0|
 8|   3.300E+03|                      NaN|   0.0000000000000000E+00|          0|
 8|   3.340E+03|                      NaN|   0.0000000000000000E+00|          0|
 8|   3.380E+03|                      NaN|   0.0000000000000000E+00|          0|
 8|   3.420E+03|                      NaN|   0.0000000000000000E+00|          0|
 8|   3.460E+03|                      NaN|   0.0000000000000000E+00|          0|
 8|   3.500E+03|                      NaN|   0.0000000000000000E+00|          0|
 8|   3.540E+03|                      NaN|   0.0000000000000000E+00|          0|
 8|   3.580E+03|                      NaN|   0.0000000000000000E+00|          0|
 8|   3.620E+03|                      NaN|   0.0000000000000000E+00|          0|
 8|   3.660E+03|                      NaN|   0.0000000000000000E+00|          0|
 8|   3.700E+03|                      NaN|   0.0000000000000000E+00|          0|
 8|   3.740E+03|                      NaN|   0.0000000000000000E+00|          0|
 8|   3.780E+03|                      NaN|   0.0000000000000000E+00|          0|
 8|   3.820E+03|                      NaN|   0.0000000000000000E+00|          0|
 8|   3.860E+03|                      NaN|   0.0000000000000000E+00|          0|
 8|   3.900E+03|                      NaN|   0.0000000000000000E+00|          0|
 8|   3.940E+03|                      NaN|   0.0000000000000000E+00|          0|
 8|   3.980E+03|                      NaN|   0.0000000000000000E+00|          0|
 8|   4.020E+03|                      NaN|   0.0000000000000000E+00|          0|
 8|   4.060E+03|                      NaN|   0.0000000000000000E+00|          0|
# integrated result:   3.9752729596320798E-07
#
# Histogram 9: m_4l                                              
 9|   8.500E+01|                      NaN|   0.0000000000000000E+00|          0|
 9|   8.600E+01|                      NaN|   0.0000000000000000E+00|          0|
 9|   8.700E+01|                      NaN|   0.0000000000000000E+00|          0|
 9|   8.800E+01|                      NaN|   0.0000000000000000E+00|          0|
 9|   8.900E+01|                      NaN|   0.0000000000000000E+00|          0|
 9|   9.000E+01|                      NaN|   0.0000000000000000E+00|          0|
 9|   9.100E+01|                      NaN|   0.0000000000000000E+00|          0|
 9|   9.200E+01|                      NaN|   0.0000000000000000E+00|          0|
 9|   9.300E+01|                      NaN|   0.0000000000000000E+00|          0|
 9|   9.400E+01|                      NaN|   0.0000000000000000E+00|          0|
 9|   9.500E+01|                      NaN|   0.0000000000000000E+00|          0|
 9|   9.600E+01|                      NaN|   0.0000000000000000E+00|          0|
 9|   9.700E+01|                      NaN|   0.0000000000000000E+00|          0|
 9|   9.800E+01|                      NaN|   0.0000000000000000E+00|          0|
 9|   9.900E+01|                      NaN|   0.0000000000000000E+00|          0|
 9|   1.000E+02|                      NaN|   0.0000000000000000E+00|          0|
 9|   1.010E+02|                      NaN|   0.0000000000000000E+00|          0|
 9|   1.020E+02|                      NaN|   0.0000000000000000E+00|          0|
 9|   1.030E+02|                      NaN|   0.0000000000000000E+00|          0|
 9|   1.040E+02|                      NaN|   0.0000000000000000E+00|          0|
 9|   1.050E+02|                      NaN|   0.0000000000000000E+00|          0|
 9|   1.060E+02|                      NaN|   0.0000000000000000E+00|          0|
 9|   1.070E+02|                      NaN|   0.0000000000000000E+00|          0|
 9|   1.080E+02|                      NaN|   0.0000000000000000E+00|          0|
 9|   1.090E+02|                      NaN|   0.0000000000000000E+00|          0|
 9|   1.100E+02|                      NaN|   0.0000000000000000E+00|          0|
 9|   1.110E+02|                      NaN|   0.0000000000000000E+00|          0|
 9|   1.120E+02|                      NaN|   0.0000000000000000E+00|          0|
 9|   1.130E+02|                      NaN|   0.0000000000000000E+00|          0|
 9|   1.140E+02|                      NaN|   0.0000000000000000E+00|          0|
 9|   1.150E+02|                      NaN|   0.0000000000000000E+00|          0|
 9|   1.160E+02|                      NaN|   0.0000000000000000E+00|          0|
 9|   1.170E+02|                      NaN|   0.0000000000000000E+00|          0|
 9|   1.180E+02|                      NaN|   0.0000000000000000E+00|          0|
 9|   1.190E+02|                      NaN|   0.0000000000000000E+00|          0|
 9|   1.200E+02|                      NaN|   0.0000000000000000E+00|          0|
 9|   1.210E+02|                      NaN|   0.0000000000000000E+00|          0|
 9|   1.220E+02|                      NaN|   0.0000000000000000E+00|          0|
 9|   1.230E+02|                      NaN|   0.0000000000000000E+00|          0|
 9|   1.240E+02|                 Infinity|   8.0773968612109417E-03|      15327|
 9|   1.250E+02|                 Infinity|   9.0417243706334138E-03|      12232|
 9|   1.260E+02|                      NaN|   0.0000000000000000E+00|          0|
 9|   1.270E+02|                      NaN|   0.0000000000000000E+00|          0|
 9|   1.280E+02|                      NaN|   0.0000000000000000E+00|          0|
 9|   1.290E+02|                      NaN|   0.0000000000000000E+00|          0|
 9|   1.300E+02|                      NaN|   0.0000000000000000E+00|          0|
 9|   1.310E+02|                      NaN|   0.0000000000000000E+00|          0|
 9|   1.320E+02|                      NaN|   0.0000000000000000E+00|          0|
 9|   1.330E+02|                      NaN|   0.0000000000000000E+00|          0|
 9|   1.340E+02|                      NaN|   0.0000000000000000E+00|          0|
# integrated result:   3.9752729596320661E-07
#
# Histogram10: Phi1                                              
10|  -3.142E+00|                 Infinity|   3.9497625276668211E-02|        641|
10|  -2.985E+00|                 Infinity|   3.9683789506627251E-02|        635|
10|  -2.827E+00|                 Infinity|   3.6637165272365581E-02|        745|
10|  -2.670E+00|                 Infinity|   3.7345684348663553E-02|        717|
10|  -2.513E+00|                 Infinity|   3.8461538461538464E-02|        676|
10|  -2.356E+00|                 Infinity|   3.8404768632128432E-02|        678|
10|  -2.199E+00|                 Infinity|   3.9840953644479787E-02|        630|
10|  -2.042E+00|                 Infinity|   4.0790850822400207E-02|        601|
10|  -1.885E+00|                 Infinity|   4.0555355282690636E-02|        608|
10|  -1.728E+00|                 Infinity|   3.9715073539476883E-02|        634|
10|  -1.571E+00|                 Infinity|   3.8720154633118314E-02|        667|
10|  -1.414E+00|                 Infinity|   3.6961063547728643E-02|        732|
10|  -1.257E+00|                 Infinity|   3.6961063547728643E-02|        732|
10|  -1.100E+00|                 Infinity|   3.6084391824351615E-02|        768|
10|  -9.425E-01|                 Infinity|   3.5201667190438143E-02|        807|
10|  -7.854E-01|                 Infinity|   3.5114749361031178E-02|        811|
10|  -6.283E-01|                 Infinity|   3.6273812505500581E-02|        760|
10|  -4.713E-01|                 Infinity|   3.9683789506627251E-02|        635|
10|  -3.142E-01|                 Infinity|   3.8924947208076148E-02|        660|
10|  -1.571E-01|                 Infinity|   4.0824829046386304E-02|        600|
10|  -3.000E-05|                 Infinity|   4.1169348479630913E-02|        590|
10|   1.570E-01|                 Infinity|   3.9872611141444997E-02|        629|
10|   3.141E-01|                 Infinity|   3.6686441912352652E-02|        743|
10|   4.712E-01|                 Infinity|   3.5759926992607577E-02|        782|
10|   6.283E-01|                 Infinity|   3.4731435582359395E-02|        829|
10|   7.854E-01|                 Infinity|   3.4360406637202474E-02|        847|
10|   9.424E-01|                 Infinity|   3.7397879600338288E-02|        715|
10|   1.100E+00|                 Infinity|   3.6563621206356534E-02|        748|
10|   1.257E+00|                 Infinity|   3.7267799624996496E-02|        720|
10|   1.414E+00|                 Infinity|   3.8633370464312790E-02|        670|
10|   1.571E+00|                 Infinity|   3.9073233258228181E-02|        655|
10|   1.728E+00|                 Infinity|   3.8836781869030869E-02|        663|
10|   1.885E+00|                 Infinity|   3.9374961547907886E-02|        645|
10|   2.042E+00|                 Infinity|   3.8749212914606430E-02|        666|
10|   2.199E+00|                 Infinity|   4.0756957296961119E-02|        602|
10|   2.356E+00|                 Infinity|   3.8836781869030869E-02|        663|
10|   2.513E+00|                 Infinity|   3.6760731104690386E-02|        740|
10|   2.670E+00|                 Infinity|   3.7216146378239341E-02|        722|
10|   2.827E+00|                 Infinity|   3.9840953644479787E-02|        630|
10|   2.984E+00|                 Infinity|   4.2182454060959780E-02|        562|
# integrated result:   3.9752729596320603E-07
#
