#
# column #1=histogram, #2=x-axis bin, #3=binned cross-section, #4=error, #5=number of events 
# this can be easily plotted in gnuplot with the commands:
#    NHi=3
#    plot 'output.dat' using ($2):($1==NHi ? $3 : 1/0) w st
# where NHi selects the histogram
#
#
# run time =      -0.05min
# TotCS =      4.2741862619E-06           1.12934E-06
#
# Histogram 1: m_jj                                              
 1|   0.000E+00|                 Infinity|   1.9259280394283634E-02|       2696|
 1|   5.000E+01|                 Infinity|   1.0866997704607785E-02|       8468|
 1|   1.000E+02|                 Infinity|   1.3538259026847058E-02|       5456|
 1|   1.500E+02|                 Infinity|   2.0420925015338272E-02|       2398|
 1|   2.000E+02|                 Infinity|   2.3843339369540383E-02|       1759|
 1|   2.500E+02|                 Infinity|   2.9049644688706338E-02|       1185|
 1|   3.000E+02|                 Infinity|   3.6178730264621081E-02|        764|
 1|   3.500E+02|                 Infinity|   3.8124642583151166E-02|        688|
 1|   4.000E+02|                 Infinity|   5.1987524491003641E-02|        370|
 1|   4.500E+02|                 Infinity|   6.0522753266880246E-02|        273|
 1|   5.000E+02|                 Infinity|   7.4329414624716636E-02|        181|
 1|   5.500E+02|                 Infinity|   8.4818892967997092E-02|        139|
 1|   6.000E+02|                 Infinity|   1.0599978800063600E-01|         89|
 1|   6.500E+02|                 Infinity|   1.1180339887498948E-01|         80|
 1|   7.000E+02|                 Infinity|   1.2700012700019050E-01|         62|
 1|   7.500E+02|                 Infinity|   1.4002800840280097E-01|         51|
 1|   8.000E+02|                 Infinity|   1.6666666666666666E-01|         36|
 1|   8.500E+02|                 Infinity|   2.2360679774997896E-01|         20|
 1|   9.000E+02|                 Infinity|   2.6726124191242440E-01|         14|
 1|   9.500E+02|                 Infinity|   2.2941573387056174E-01|         19|
 1|   1.000E+03|                 Infinity|   3.0151134457776363E-01|         11|
 1|   1.050E+03|                 Infinity|   4.0824829046386307E-01|          6|
 1|   1.100E+03|                 Infinity|   3.3333333333333331E-01|          9|
 1|   1.150E+03|                 Infinity|   5.7735026918962584E-01|          3|
 1|   1.200E+03|                 Infinity|   5.7735026918962584E-01|          3|
 1|   1.250E+03|                 Infinity|   4.4721359549995793E-01|          5|
 1|   1.300E+03|                 Infinity|   5.0000000000000000E-01|          4|
 1|   1.350E+03|                 Infinity|   7.0710678118654746E-01|          2|
 1|   1.400E+03|                 Infinity|   5.0000000000000000E-01|          4|
 1|   1.450E+03|                 Infinity|   5.7735026918962584E-01|          3|
 1|   1.500E+03|                      NaN|   0.0000000000000000E+00|          0|
 1|   1.550E+03|                 Infinity|   7.0710678118654746E-01|          2|
 1|   1.600E+03|                 Infinity|   1.0000000000000000E+00|          1|
 1|   1.650E+03|                      NaN|   0.0000000000000000E+00|          0|
 1|   1.700E+03|                 Infinity|   1.0000000000000000E+00|          1|
 1|   1.750E+03|                      NaN|   0.0000000000000000E+00|          0|
 1|   1.800E+03|                 Infinity|   7.0710678118654746E-01|          2|
 1|   1.850E+03|                 Infinity|   1.0000000000000000E+00|          1|
 1|   1.900E+03|                 Infinity|   1.0000000000000000E+00|          1|
 1|   1.950E+03|                 Infinity|   1.0000000000000000E+00|          1|
 1|   2.000E+03|                      NaN|   0.0000000000000000E+00|          0|
 1|   2.050E+03|                      NaN|   0.0000000000000000E+00|          0|
 1|   2.100E+03|                      NaN|   0.0000000000000000E+00|          0|
 1|   2.150E+03|                 Infinity|   1.0000000000000000E+00|          1|
 1|   2.200E+03|                 Infinity|   1.0000000000000000E+00|          1|
 1|   2.250E+03|                 Infinity|   1.0000000000000000E+00|          1|
 1|   2.300E+03|                 Infinity|   1.0000000000000000E+00|          1|
 1|   2.350E+03|                      NaN|   0.0000000000000000E+00|          0|
 1|   2.400E+03|                      NaN|   0.0000000000000000E+00|          0|
 1|   2.450E+03|                      NaN|   0.0000000000000000E+00|          0|
 1|   2.500E+03|                      NaN|   0.0000000000000000E+00|          0|
 1|   2.550E+03|                      NaN|   0.0000000000000000E+00|          0|
 1|   2.600E+03|                      NaN|   0.0000000000000000E+00|          0|
 1|   2.650E+03|                 Infinity|   7.0710678118654746E-01|          2|
 1|   2.700E+03|                      NaN|   0.0000000000000000E+00|          0|
 1|   2.750E+03|                      NaN|   0.0000000000000000E+00|          0|
 1|   2.800E+03|                      NaN|   0.0000000000000000E+00|          0|
 1|   2.850E+03|                      NaN|   0.0000000000000000E+00|          0|
 1|   2.900E+03|                      NaN|   0.0000000000000000E+00|          0|
 1|   2.950E+03|                 Infinity|   1.0000000000000000E+00|          1|
 1|   3.000E+03|                      NaN|   0.0000000000000000E+00|          0|
 1|   3.050E+03|                      NaN|   0.0000000000000000E+00|          0|
 1|   3.100E+03|                      NaN|   0.0000000000000000E+00|          0|
 1|   3.150E+03|                 Infinity|   7.0710678118654746E-01|          2|
 1|   3.200E+03|                      NaN|   0.0000000000000000E+00|          0|
 1|   3.250E+03|                      NaN|   0.0000000000000000E+00|          0|
 1|   3.300E+03|                      NaN|   0.0000000000000000E+00|          0|
 1|   3.350E+03|                      NaN|   0.0000000000000000E+00|          0|
 1|   3.400E+03|                      NaN|   0.0000000000000000E+00|          0|
 1|   3.450E+03|                      NaN|   0.0000000000000000E+00|          0|
 1|   3.500E+03|                 Infinity|   1.0000000000000000E+00|          1|
 1|   3.550E+03|                      NaN|   0.0000000000000000E+00|          0|
 1|   3.600E+03|                      NaN|   0.0000000000000000E+00|          0|
 1|   3.650E+03|                      NaN|   0.0000000000000000E+00|          0|
 1|   3.700E+03|                      NaN|   0.0000000000000000E+00|          0|
 1|   3.750E+03|                      NaN|   0.0000000000000000E+00|          0|
 1|   3.800E+03|                      NaN|   0.0000000000000000E+00|          0|
 1|   3.850E+03|                      NaN|   0.0000000000000000E+00|          0|
 1|   3.900E+03|                      NaN|   0.0000000000000000E+00|          0|
 1|   3.950E+03|                      NaN|   0.0000000000000000E+00|          0|
 1|   4.000E+03|                 Infinity|   1.0000000000000000E+00|          1|
 1|   4.050E+03|                      NaN|   0.0000000000000000E+00|          0|
 1|   4.100E+03|                      NaN|   0.0000000000000000E+00|          0|
 1|   4.150E+03|                      NaN|   0.0000000000000000E+00|          0|
 1|   4.200E+03|                 Infinity|   1.0000000000000000E+00|          1|
 1|   4.250E+03|                      NaN|   0.0000000000000000E+00|          0|
 1|   4.300E+03|                      NaN|   0.0000000000000000E+00|          0|
 1|   4.350E+03|                      NaN|   0.0000000000000000E+00|          0|
 1|   4.400E+03|                      NaN|   0.0000000000000000E+00|          0|
 1|   4.450E+03|                      NaN|   0.0000000000000000E+00|          0|
 1|   4.500E+03|                      NaN|   0.0000000000000000E+00|          0|
 1|   4.550E+03|                      NaN|   0.0000000000000000E+00|          0|
 1|   4.600E+03|                      NaN|   0.0000000000000000E+00|          0|
 1|   4.650E+03|                      NaN|   0.0000000000000000E+00|          0|
 1|   4.700E+03|                      NaN|   0.0000000000000000E+00|          0|
 1|   4.750E+03|                      NaN|   0.0000000000000000E+00|          0|
 1|   4.800E+03|                      NaN|   0.0000000000000000E+00|          0|
 1|   4.850E+03|                      NaN|   0.0000000000000000E+00|          0|
 1|   4.900E+03|                      NaN|   0.0000000000000000E+00|          0|
 1|   4.950E+03|                      NaN|   0.0000000000000000E+00|          0|
# integrated result:   4.2741862618539309E-06
#
# Histogram 2: m_jj                                              
 2|   0.000E+00|                      NaN|   0.0000000000000000E+00|          0|
 2|   2.000E+00|                      NaN|   0.0000000000000000E+00|          0|
 2|   4.000E+00|                      NaN|   0.0000000000000000E+00|          0|
 2|   6.000E+00|                      NaN|   0.0000000000000000E+00|          0|
 2|   8.000E+00|                      NaN|   0.0000000000000000E+00|          0|
 2|   1.000E+01|                      NaN|   0.0000000000000000E+00|          0|
 2|   1.200E+01|                      NaN|   0.0000000000000000E+00|          0|
 2|   1.400E+01|                      NaN|   0.0000000000000000E+00|          0|
 2|   1.600E+01|                      NaN|   0.0000000000000000E+00|          0|
 2|   1.800E+01|                      NaN|   0.0000000000000000E+00|          0|
 2|   2.000E+01|                      NaN|   0.0000000000000000E+00|          0|
 2|   2.200E+01|                      NaN|   0.0000000000000000E+00|          0|
 2|   2.400E+01|                      NaN|   0.0000000000000000E+00|          0|
 2|   2.600E+01|                      NaN|   0.0000000000000000E+00|          0|
 2|   2.800E+01|                      NaN|   0.0000000000000000E+00|          0|
 2|   3.000E+01|                 Infinity|   1.8898223650461360E-01|         28|
 2|   3.200E+01|                 Infinity|   1.1867816581938533E-01|         71|
 2|   3.400E+01|                 Infinity|   9.0166963466743230E-02|        123|
 2|   3.600E+01|                 Infinity|   8.5435765771676095E-02|        137|
 2|   3.800E+01|                 Infinity|   7.0359754473029182E-02|        202|
 2|   4.000E+01|                 Infinity|   6.4282434653322507E-02|        242|
 2|   4.200E+01|                 Infinity|   5.4799662435119099E-02|        333|
 2|   4.400E+01|                 Infinity|   4.0893041005476534E-02|        598|
 2|   4.600E+01|                 Infinity|   4.3852900965351466E-02|        520|
 2|   4.800E+01|                 Infinity|   4.7565149415449405E-02|        442|
 2|   5.000E+01|                 Infinity|   4.8168305085908802E-02|        431|
 2|   5.200E+01|                 Infinity|   5.5215763037423267E-02|        328|
 2|   5.400E+01|                 Infinity|   5.2270837348931669E-02|        366|
 2|   5.600E+01|                 Infinity|   5.2704627669472988E-02|        360|
 2|   5.800E+01|                 Infinity|   5.4153036107388232E-02|        341|
 2|   6.000E+01|                 Infinity|   5.3760333057047034E-02|        346|
 2|   6.200E+01|                 Infinity|   5.0636968354183333E-02|        390|
 2|   6.400E+01|                 Infinity|   5.0251890762960605E-02|        396|
 2|   6.600E+01|                 Infinity|   4.6574643283262232E-02|        461|
 2|   6.800E+01|                 Infinity|   4.6373889576016833E-02|        465|
 2|   7.000E+01|                 Infinity|   5.2414241836095915E-02|        364|
 2|   7.200E+01|                 Infinity|   5.4232614454664041E-02|        340|
 2|   7.400E+01|                 Infinity|   5.5131784641997125E-02|        329|
 2|   7.600E+01|                 Infinity|   5.5641488407465724E-02|        323|
 2|   7.800E+01|                 Infinity|   5.3994924715603881E-02|        343|
 2|   8.000E+01|                 Infinity|   5.2704627669472988E-02|        360|
 2|   8.200E+01|                 Infinity|   5.8321184351980429E-02|        294|
 2|   8.400E+01|                 Infinity|   6.2257280636469035E-02|        258|
 2|   8.600E+01|                 Infinity|   5.8621038176054921E-02|        291|
 2|   8.800E+01|                 Infinity|   6.1429511683395117E-02|        265|
 2|   9.000E+01|                 Infinity|   5.9131239598908258E-02|        286|
 2|   9.200E+01|                 Infinity|   6.0633906259083242E-02|        272|
 2|   9.400E+01|                 Infinity|   5.8823529411764705E-02|        289|
 2|   9.600E+01|                 Infinity|   5.7735026918962568E-02|        300|
 2|   9.800E+01|                 Infinity|   6.0858061945018457E-02|        270|
 2|   1.000E+02|                 Infinity|   6.0084176812610968E-02|        277|
 2|   1.020E+02|                 Infinity|   6.3372425052447792E-02|        249|
 2|   1.040E+02|                 Infinity|   6.2500000000000000E-02|        256|
 2|   1.060E+02|                 Infinity|   6.1429511683395117E-02|        265|
 2|   1.080E+02|                 Infinity|   5.8420623783698597E-02|        293|
 2|   1.100E+02|                 Infinity|   6.0412209333017698E-02|        274|
 2|   1.120E+02|                 Infinity|   5.7543533764843599E-02|        302|
 2|   1.140E+02|                 Infinity|   5.5300126360933101E-02|        327|
 2|   1.160E+02|                 Infinity|   5.4554472558998097E-02|        336|
 2|   1.180E+02|                 Infinity|   5.8420623783698597E-02|        293|
 2|   1.200E+02|                 Infinity|   5.8925565098878967E-02|        288|
 2|   1.220E+02|                 Infinity|   6.4549722436790274E-02|        240|
 2|   1.240E+02|                 Infinity|   6.9504804685691590E-02|        207|
 2|   1.260E+02|                 Infinity|   7.6028592126970551E-02|        173|
 2|   1.280E+02|                 Infinity|   7.2739296745330792E-02|        189|
 2|   1.300E+02|                 Infinity|   7.4329414624716636E-02|        181|
 2|   1.320E+02|                 Infinity|   8.0321932890249886E-02|        155|
 2|   1.340E+02|                 Infinity|   7.9555728417572996E-02|        158|
 2|   1.360E+02|                 Infinity|   7.9808688446762213E-02|        157|
 2|   1.380E+02|                 Infinity|   7.9808688446762213E-02|        157|
 2|   1.400E+02|                 Infinity|   8.6386842558136015E-02|        134|
 2|   1.420E+02|                 Infinity|   8.1923192051904056E-02|        149|
 2|   1.440E+02|                 Infinity|   8.3918135829668908E-02|        142|
 2|   1.460E+02|                 Infinity|   8.2199493652678646E-02|        148|
 2|   1.480E+02|                 Infinity|   9.7128586235726413E-02|        106|
 2|   1.500E+02|                 Infinity|   9.1669849702821132E-02|        119|
 2|   1.520E+02|                 Infinity|   9.5346258924559238E-02|        110|
 2|   1.540E+02|                 Infinity|   8.0845208345444328E-02|        153|
 2|   1.560E+02|                 Infinity|   9.4491118252306799E-02|        112|
 2|   1.580E+02|                 Infinity|   9.1287092917527679E-02|        120|
 2|   1.600E+02|                 Infinity|   8.8735650941611385E-02|        127|
 2|   1.620E+02|                 Infinity|   9.8058067569092022E-02|        104|
 2|   1.640E+02|                 Infinity|   1.0783277320343841E-01|         86|
 2|   1.660E+02|                 Infinity|   1.1180339887498948E-01|         80|
 2|   1.680E+02|                 Infinity|   1.0314212462587934E-01|         94|
 2|   1.700E+02|                 Infinity|   1.1250879009260240E-01|         79|
 2|   1.720E+02|                 Infinity|   1.0846522890932808E-01|         85|
 2|   1.740E+02|                 Infinity|   1.0910894511799619E-01|         84|
 2|   1.760E+02|                 Infinity|   9.5782628522115137E-02|        109|
 2|   1.780E+02|                 Infinity|   1.0976425998969035E-01|         83|
 2|   1.800E+02|                 Infinity|   1.1704114719613057E-01|         73|
 2|   1.820E+02|                 Infinity|   1.1043152607484653E-01|         82|
 2|   1.840E+02|                 Infinity|   1.0660035817780521E-01|         88|
 2|   1.860E+02|                 Infinity|   1.1867816581938533E-01|         71|
 2|   1.880E+02|                 Infinity|   1.1111111111111110E-01|         81|
 2|   1.900E+02|                 Infinity|   1.1111111111111110E-01|         81|
 2|   1.920E+02|                 Infinity|   1.0101525445522107E-01|         98|
 2|   1.940E+02|                 Infinity|   1.0050378152592121E-01|         99|
 2|   1.960E+02|                 Infinity|   1.0783277320343841E-01|         86|
 2|   1.980E+02|                 Infinity|   1.0314212462587934E-01|         94|
# integrated result:   4.2741862618539224E-06
#
# Histogram 3: pT(H)                                             
 3|   0.000E+00|                 Infinity|   1.5949551604596525E-02|       3931|
 3|   1.000E+01|                 Infinity|   1.8748169213489752E-02|       2845|
 3|   2.000E+01|                 Infinity|   2.0933516060466586E-02|       2282|
 3|   3.000E+01|                 Infinity|   2.5984985016737148E-02|       1481|
 3|   4.000E+01|                 Infinity|   2.5794107751137899E-02|       1503|
 3|   5.000E+01|                 Infinity|   2.6370633137494492E-02|       1438|
 3|   6.000E+01|                 Infinity|   2.6073159633943039E-02|       1471|
 3|   7.000E+01|                 Infinity|   2.6938622922018266E-02|       1378|
 3|   8.000E+01|                 Infinity|   2.9411764705882353E-02|       1156|
 3|   9.000E+01|                 Infinity|   3.3981383301529243E-02|        866|
 3|   1.000E+02|                 Infinity|   3.8235955645093626E-02|        684|
 3|   1.100E+02|                 Infinity|   4.4022545316281192E-02|        516|
 3|   1.200E+02|                 Infinity|   4.6880723093849538E-02|        455|
 3|   1.300E+02|                 Infinity|   4.8393391849582724E-02|        427|
 3|   1.400E+02|                 Infinity|   5.1917413165116499E-02|        371|
 3|   1.500E+02|                 Infinity|   5.5131784641997125E-02|        329|
 3|   1.600E+02|                 Infinity|   5.6343616981901101E-02|        315|
 3|   1.700E+02|                 Infinity|   5.6165595630173037E-02|        317|
 3|   1.800E+02|                 Infinity|   5.6077215409204434E-02|        318|
 3|   1.900E+02|                 Infinity|   5.9976014390406722E-02|        278|
 3|   2.000E+02|                 Infinity|   6.2257280636469035E-02|        258|
 3|   2.100E+02|                 Infinity|   5.8722021951470346E-02|        290|
 3|   2.200E+02|                 Infinity|   7.0359754473029182E-02|        202|
 3|   2.300E+02|                 Infinity|   7.0534561585859828E-02|        201|
 3|   2.400E+02|                 Infinity|   7.9056941504209485E-02|        160|
 3|   2.500E+02|                 Infinity|   8.9442719099991588E-02|        125|
 3|   2.600E+02|                 Infinity|   9.1669849702821132E-02|        119|
 3|   2.700E+02|                 Infinity|   9.5346258924559238E-02|        110|
 3|   2.800E+02|                 Infinity|   1.0050378152592121E-01|         99|
 3|   2.900E+02|                 Infinity|   1.0101525445522107E-01|         98|
 3|   3.000E+02|                 Infinity|   1.0660035817780521E-01|         88|
 3|   3.100E+02|                 Infinity|   1.2598815766974239E-01|         63|
 3|   3.200E+02|                 Infinity|   1.3018891098082389E-01|         59|
 3|   3.300E+02|                 Infinity|   1.5249857033260467E-01|         43|
 3|   3.400E+02|                 Infinity|   1.3608276348795434E-01|         54|
 3|   3.500E+02|                 Infinity|   1.4744195615489714E-01|         46|
 3|   3.600E+02|                 Infinity|   1.3867504905630729E-01|         52|
 3|   3.700E+02|                 Infinity|   1.5617376188860607E-01|         41|
 3|   3.800E+02|                 Infinity|   1.8257418583505536E-01|         30|
 3|   3.900E+02|                 Infinity|   1.6666666666666666E-01|         36|
 3|   4.000E+02|                 Infinity|   1.5811388300841897E-01|         40|
 3|   4.100E+02|                 Infinity|   1.7407765595569785E-01|         33|
 3|   4.200E+02|                 Infinity|   2.0000000000000001E-01|         25|
 3|   4.300E+02|                 Infinity|   2.1821789023599239E-01|         21|
 3|   4.400E+02|                 Infinity|   2.5819888974716110E-01|         15|
 3|   4.500E+02|                 Infinity|   2.8867513459481292E-01|         12|
 3|   4.600E+02|                 Infinity|   2.4253562503633297E-01|         17|
 3|   4.700E+02|                 Infinity|   3.5355339059327373E-01|          8|
 3|   4.800E+02|                 Infinity|   3.0151134457776363E-01|         11|
 3|   4.900E+02|                 Infinity|   7.0710678118654746E-01|          2|
# integrated result:   4.2741862618539258E-06
#
# Histogram 4: pT(j1)                                            
 4|   0.000E+00|                      NaN|   0.0000000000000000E+00|          0|
 4|   1.000E+01|                 Infinity|   5.8420623783698597E-02|        293|
 4|   2.000E+01|                 Infinity|   2.0833333333333332E-02|       2304|
 4|   3.000E+01|                 Infinity|   1.9826289642953604E-02|       2544|
 4|   4.000E+01|                 Infinity|   1.9540346058684970E-02|       2619|
 4|   5.000E+01|                 Infinity|   1.9837990021453852E-02|       2541|
 4|   6.000E+01|                 Infinity|   2.0515248496555453E-02|       2376|
 4|   7.000E+01|                 Infinity|   2.4382992454708537E-02|       1682|
 4|   8.000E+01|                 Infinity|   2.7863910628767641E-02|       1288|
 4|   9.000E+01|                 Infinity|   3.1528333055971580E-02|       1006|
 4|   1.000E+02|                 Infinity|   3.5071531191594722E-02|        813|
 4|   1.100E+02|                 Infinity|   3.9466851898192920E-02|        642|
 4|   1.200E+02|                 Infinity|   3.8866103716823586E-02|        662|
 4|   1.300E+02|                 Infinity|   4.3033148291193521E-02|        540|
 4|   1.400E+02|                 Infinity|   4.3113061355922688E-02|        538|
 4|   1.500E+02|                 Infinity|   4.3033148291193521E-02|        540|
 4|   1.600E+02|                 Infinity|   4.4676705160877031E-02|        501|
 4|   1.700E+02|                 Infinity|   4.7245559126153400E-02|        448|
 4|   1.800E+02|                 Infinity|   5.0188561322849559E-02|        397|
 4|   1.900E+02|                 Infinity|   5.0507627227610534E-02|        392|
 4|   2.000E+02|                 Infinity|   5.7735026918962568E-02|        300|
 4|   2.100E+02|                 Infinity|   5.7543533764843599E-02|        302|
 4|   2.200E+02|                 Infinity|   6.6226617853252193E-02|        228|
 4|   2.300E+02|                 Infinity|   6.9171446386607466E-02|        209|
 4|   2.400E+02|                 Infinity|   7.6471911290187253E-02|        171|
 4|   2.500E+02|                 Infinity|   7.7849894416152296E-02|        165|
 4|   2.600E+02|                 Infinity|   9.0535746042518531E-02|        122|
 4|   2.700E+02|                 Infinity|   8.9442719099991588E-02|        125|
 4|   2.800E+02|                 Infinity|   9.5346258924559238E-02|        110|
 4|   2.900E+02|                 Infinity|   1.0369516947304253E-01|         93|
 4|   3.000E+02|                 Infinity|   1.0910894511799619E-01|         84|
 4|   3.100E+02|                 Infinity|   1.1867816581938533E-01|         71|
 4|   3.200E+02|                 Infinity|   1.2038585308576920E-01|         69|
 4|   3.300E+02|                 Infinity|   1.2309149097933272E-01|         66|
 4|   3.400E+02|                 Infinity|   1.3363062095621220E-01|         56|
 4|   3.500E+02|                 Infinity|   1.4142135623730950E-01|         50|
 4|   3.600E+02|                 Infinity|   1.4433756729740646E-01|         48|
 4|   3.700E+02|                 Infinity|   1.4744195615489714E-01|         46|
 4|   3.800E+02|                 Infinity|   1.6439898730535729E-01|         37|
 4|   3.900E+02|                 Infinity|   1.6222142113076254E-01|         38|
 4|   4.000E+02|                 Infinity|   1.9611613513818404E-01|         26|
 4|   4.100E+02|                 Infinity|   2.1320071635561041E-01|         22|
 4|   4.200E+02|                 Infinity|   1.8257418583505536E-01|         30|
 4|   4.300E+02|                 Infinity|   2.4253562503633297E-01|         17|
 4|   4.400E+02|                 Infinity|   2.0412414523193154E-01|         24|
 4|   4.500E+02|                 Infinity|   2.7735009811261457E-01|         13|
 4|   4.600E+02|                 Infinity|   2.7735009811261457E-01|         13|
 4|   4.700E+02|                 Infinity|   2.4253562503633297E-01|         17|
 4|   4.800E+02|                 Infinity|   4.0824829046386307E-01|          6|
 4|   4.900E+02|                 Infinity|   3.7796447300922720E-01|          7|
# integrated result:   4.2741862618539233E-06
#
# Histogram 5: dy(j1,j2)                                         
 5|  -5.000E+00|                 Infinity|   5.7735026918962584E-01|          3|
 5|  -4.800E+00|                 Infinity|   3.5355339059327373E-01|          8|
 5|  -4.600E+00|                 Infinity|   2.6726124191242440E-01|         14|
 5|  -4.400E+00|                 Infinity|   2.7735009811261457E-01|         13|
 5|  -4.200E+00|                 Infinity|   2.6726124191242440E-01|         14|
 5|  -4.000E+00|                 Infinity|   2.5819888974716110E-01|         15|
 5|  -3.800E+00|                 Infinity|   2.0000000000000001E-01|         25|
 5|  -3.600E+00|                 Infinity|   1.5075567228888181E-01|         44|
 5|  -3.400E+00|                 Infinity|   1.4744195615489714E-01|         46|
 5|  -3.200E+00|                 Infinity|   1.1322770341445956E-01|         78|
 5|  -3.000E+00|                 Infinity|   8.8045090632562384E-02|        129|
 5|  -2.800E+00|                 Infinity|   5.7831493196624020E-02|        299|
 5|  -2.600E+00|                 Infinity|   5.4717565516458275E-02|        334|
 5|  -2.400E+00|                 Infinity|   5.2486388108147798E-02|        363|
 5|  -2.200E+00|                 Infinity|   4.5643546458763840E-02|        480|
 5|  -2.000E+00|                 Infinity|   3.0845984923781787E-02|       1051|
 5|  -1.800E+00|                 Infinity|   2.1926450482675733E-02|       2080|
 5|  -1.600E+00|                 Infinity|   2.5582225504832540E-02|       1528|
 5|  -1.400E+00|                 Infinity|   1.8972907059905599E-02|       2778|
 5|  -1.200E+00|                 Infinity|   1.6220008041881982E-02|       3801|
 5|  -1.000E+00|                 Infinity|   2.1011927654376678E-02|       2265|
 5|  -8.000E-01|                 Infinity|   2.6499947000159001E-02|       1424|
 5|  -6.000E-01|                 Infinity|   3.1098520678556146E-02|       1034|
 5|  -4.000E-01|                 Infinity|   4.2485928866208736E-02|        554|
 5|  -2.000E-01|                 Infinity|   4.4856130401625657E-02|        497|
 5|   0.000E+00|                 Infinity|   3.9715073539476883E-02|        634|
 5|   2.000E-01|                 Infinity|   3.3557802760701215E-02|        888|
 5|   4.000E-01|                 Infinity|   3.9872611141444997E-02|        629|
 5|   6.000E-01|                 Infinity|   4.0961596025952028E-02|        596|
 5|   8.000E-01|                 Infinity|   4.0258484111423729E-02|        617|
 5|   1.000E+00|                 Infinity|   4.0655781409087086E-02|        605|
 5|   1.200E+00|                 Infinity|   4.5407660918649985E-02|        485|
 5|   1.400E+00|                 Infinity|   5.5131784641997125E-02|        329|
 5|   1.600E+00|                 Infinity|   6.7728546147859642E-02|        218|
 5|   1.800E+00|                 Infinity|   6.6666666666666666E-02|        225|
 5|   2.000E+00|                 Infinity|   8.7370405666103795E-02|        131|
 5|   2.200E+00|                 Infinity|   1.0101525445522107E-01|         98|
 5|   2.400E+00|                 Infinity|   1.0482848367219183E-01|         91|
 5|   2.600E+00|                 Infinity|   1.0783277320343841E-01|         86|
 5|   2.800E+00|                 Infinity|   1.1250879009260240E-01|         79|
 5|   3.000E+00|                 Infinity|   1.0599978800063600E-01|         89|
 5|   3.200E+00|                 Infinity|   1.3018891098082389E-01|         59|
 5|   3.400E+00|                 Infinity|   1.8898223650461360E-01|         28|
 5|   3.600E+00|                 Infinity|   2.2360679774997896E-01|         20|
 5|   3.800E+00|                 Infinity|   5.7735026918962584E-01|          3|
 5|   4.000E+00|                 Infinity|   4.0824829046386307E-01|          6|
 5|   4.200E+00|                 Infinity|   4.0824829046386307E-01|          6|
 5|   4.400E+00|                 Infinity|   4.4721359549995793E-01|          5|
 5|   4.600E+00|                 Infinity|   5.7735026918962584E-01|          3|
 5|   4.800E+00|                 Infinity|   4.0824829046386307E-01|          6|
# integrated result:   4.2741862618539233E-06
#
# Histogram 6: mz1                                               
 6|   0.000E+00|                      NaN|   0.0000000000000000E+00|          0|
 6|   2.000E+00|                      NaN|   0.0000000000000000E+00|          0|
 6|   4.000E+00|                 Infinity|   4.4766148103584522E-02|        499|
 6|   6.000E+00|                 Infinity|   2.7885569326658022E-02|       1286|
 6|   8.000E+00|                 Infinity|   3.2581760622553732E-02|        942|
 6|   1.000E+01|                 Infinity|   7.4329414624716636E-02|        181|
 6|   1.200E+01|                 Infinity|   4.6423834544262965E-02|        464|
 6|   1.400E+01|                 Infinity|   2.6602896148920738E-02|       1413|
 6|   1.600E+01|                 Infinity|   5.1031036307982884E-02|        384|
 6|   1.800E+01|                 Infinity|   1.0101525445522107E-01|         98|
 6|   2.000E+01|                 Infinity|   1.0425720702853739E-01|         92|
 6|   2.200E+01|                 Infinity|   8.3624201000709081E-02|        143|
 6|   2.400E+01|                 Infinity|   7.8567420131838608E-02|        162|
 6|   2.600E+01|                 Infinity|   7.0534561585859828E-02|        201|
 6|   2.800E+01|                 Infinity|   5.1917413165116499E-02|        371|
 6|   3.000E+01|                 Infinity|   7.2357460529242162E-02|        191|
 6|   3.200E+01|                 Infinity|   1.1547005383792514E-01|         75|
 6|   3.400E+01|                 Infinity|   1.7677669529663687E-01|         32|
 6|   3.600E+01|                 Infinity|   1.5075567228888181E-01|         44|
 6|   3.800E+01|                 Infinity|   1.6903085094570330E-01|         35|
 6|   4.000E+01|                 Infinity|   3.0151134457776363E-01|         11|
 6|   4.200E+01|                 Infinity|   4.4721359549995793E-01|          5|
 6|   4.400E+01|                 Infinity|   2.5000000000000000E-01|         16|
 6|   4.600E+01|                 Infinity|   2.3570226039551587E-01|         18|
 6|   4.800E+01|                 Infinity|   2.6726124191242440E-01|         14|
 6|   5.000E+01|                 Infinity|   2.2360679774997896E-01|         20|
 6|   5.200E+01|                 Infinity|   2.6726124191242440E-01|         14|
 6|   5.400E+01|                 Infinity|   2.3570226039551587E-01|         18|
 6|   5.600E+01|                 Infinity|   2.8867513459481292E-01|         12|
 6|   5.800E+01|                 Infinity|   3.0151134457776363E-01|         11|
 6|   6.000E+01|                 Infinity|   4.0824829046386307E-01|          6|
 6|   6.200E+01|                 Infinity|   3.1622776601683794E-01|         10|
 6|   6.400E+01|                 Infinity|   2.8867513459481292E-01|         12|
 6|   6.600E+01|                 Infinity|   2.6726124191242440E-01|         14|
 6|   6.800E+01|                 Infinity|   2.2941573387056174E-01|         19|
 6|   7.000E+01|                 Infinity|   2.1320071635561041E-01|         22|
 6|   7.200E+01|                 Infinity|   1.4433756729740646E-01|         48|
 6|   7.400E+01|                 Infinity|   1.3363062095621220E-01|         56|
 6|   7.600E+01|                 Infinity|   8.2760588860236795E-02|        146|
 6|   7.800E+01|                 Infinity|   9.1287092917527679E-02|        120|
 6|   8.000E+01|                 Infinity|   1.1952286093343936E-01|         70|
 6|   8.200E+01|                 Infinity|   1.2598815766974239E-01|         63|
 6|   8.400E+01|                 Infinity|   3.1481427501027934E-02|       1009|
 6|   8.600E+01|                 Infinity|   1.7663875013688813E-02|       3205|
 6|   8.800E+01|                 Infinity|   3.8954469356580992E-02|        659|
 6|   9.000E+01|                 Infinity|   1.5881020420107101E-02|       3965|
 6|   9.200E+01|                 Infinity|   1.1678545896676292E-02|       7332|
 6|   9.400E+01|                 Infinity|   3.5600942725445221E-02|        789|
 6|   9.600E+01|                 Infinity|   5.0062617432175889E-02|        399|
 6|   9.800E+01|                 Infinity|   1.2126781251816648E-01|         68|
 6|   1.000E+02|                 Infinity|   2.6726124191242440E-01|         14|
 6|   1.020E+02|                 Infinity|   3.3333333333333331E-01|          9|
 6|   1.040E+02|                 Infinity|   2.8867513459481292E-01|         12|
 6|   1.060E+02|                 Infinity|   5.0000000000000000E-01|          4|
 6|   1.080E+02|                 Infinity|   2.8867513459481292E-01|         12|
 6|   1.100E+02|                 Infinity|   5.7735026918962584E-01|          3|
 6|   1.120E+02|                      NaN|   0.0000000000000000E+00|          0|
 6|   1.140E+02|                 Infinity|   1.0000000000000000E+00|          1|
 6|   1.160E+02|                      NaN|   0.0000000000000000E+00|          0|
 6|   1.180E+02|                      NaN|   0.0000000000000000E+00|          0|
 6|   1.200E+02|                      NaN|   0.0000000000000000E+00|          0|
 6|   1.220E+02|                      NaN|   0.0000000000000000E+00|          0|
 6|   1.240E+02|                      NaN|   0.0000000000000000E+00|          0|
 6|   1.260E+02|                      NaN|   0.0000000000000000E+00|          0|
 6|   1.280E+02|                      NaN|   0.0000000000000000E+00|          0|
 6|   1.300E+02|                      NaN|   0.0000000000000000E+00|          0|
 6|   1.320E+02|                      NaN|   0.0000000000000000E+00|          0|
 6|   1.340E+02|                      NaN|   0.0000000000000000E+00|          0|
 6|   1.360E+02|                      NaN|   0.0000000000000000E+00|          0|
 6|   1.380E+02|                      NaN|   0.0000000000000000E+00|          0|
 6|   1.400E+02|                      NaN|   0.0000000000000000E+00|          0|
 6|   1.420E+02|                      NaN|   0.0000000000000000E+00|          0|
 6|   1.440E+02|                      NaN|   0.0000000000000000E+00|          0|
 6|   1.460E+02|                      NaN|   0.0000000000000000E+00|          0|
 6|   1.480E+02|                      NaN|   0.0000000000000000E+00|          0|
 6|   1.500E+02|                      NaN|   0.0000000000000000E+00|          0|
 6|   1.520E+02|                      NaN|   0.0000000000000000E+00|          0|
 6|   1.540E+02|                      NaN|   0.0000000000000000E+00|          0|
 6|   1.560E+02|                      NaN|   0.0000000000000000E+00|          0|
 6|   1.580E+02|                      NaN|   0.0000000000000000E+00|          0|
 6|   1.600E+02|                      NaN|   0.0000000000000000E+00|          0|
 6|   1.620E+02|                      NaN|   0.0000000000000000E+00|          0|
 6|   1.640E+02|                      NaN|   0.0000000000000000E+00|          0|
 6|   1.660E+02|                      NaN|   0.0000000000000000E+00|          0|
 6|   1.680E+02|                      NaN|   0.0000000000000000E+00|          0|
 6|   1.700E+02|                      NaN|   0.0000000000000000E+00|          0|
 6|   1.720E+02|                      NaN|   0.0000000000000000E+00|          0|
 6|   1.740E+02|                      NaN|   0.0000000000000000E+00|          0|
 6|   1.760E+02|                      NaN|   0.0000000000000000E+00|          0|
 6|   1.780E+02|                      NaN|   0.0000000000000000E+00|          0|
 6|   1.800E+02|                      NaN|   0.0000000000000000E+00|          0|
 6|   1.820E+02|                      NaN|   0.0000000000000000E+00|          0|
 6|   1.840E+02|                      NaN|   0.0000000000000000E+00|          0|
 6|   1.860E+02|                      NaN|   0.0000000000000000E+00|          0|
 6|   1.880E+02|                      NaN|   0.0000000000000000E+00|          0|
 6|   1.900E+02|                      NaN|   0.0000000000000000E+00|          0|
 6|   1.920E+02|                      NaN|   0.0000000000000000E+00|          0|
 6|   1.940E+02|                      NaN|   0.0000000000000000E+00|          0|
 6|   1.960E+02|                      NaN|   0.0000000000000000E+00|          0|
 6|   1.980E+02|                      NaN|   0.0000000000000000E+00|          0|
# integrated result:   4.2741862618539258E-06
#
# Histogram 7: mz2                                               
 7|   0.000E+00|                      NaN|   0.0000000000000000E+00|          0|
 7|   2.000E+00|                      NaN|   0.0000000000000000E+00|          0|
 7|   4.000E+00|                 Infinity|   2.1383343303319473E-02|       2187|
 7|   6.000E+00|                 Infinity|   3.8014296063485276E-02|        692|
 7|   8.000E+00|                 Infinity|   2.1310387296367063E-02|       2202|
 7|   1.000E+01|                 Infinity|   2.5125945381480302E-02|       1584|
 7|   1.200E+01|                 Infinity|   3.8575837490522978E-02|        672|
 7|   1.400E+01|                 Infinity|   4.2144975196108957E-02|        563|
 7|   1.600E+01|                 Infinity|   4.0622223185119377E-02|        606|
 7|   1.800E+01|                 Infinity|   3.4710506725031162E-02|        830|
 7|   2.000E+01|                 Infinity|   1.5106498551743831E-02|       4382|
 7|   2.200E+01|                 Infinity|   3.0192333931958418E-02|       1097|
 7|   2.400E+01|                 Infinity|   2.4558833620630074E-02|       1658|
 7|   2.600E+01|                 Infinity|   4.9629166698546508E-02|        406|
 7|   2.800E+01|                 Infinity|   5.2999894000318001E-02|        356|
 7|   3.000E+01|                 Infinity|   5.0379272185987839E-02|        394|
 7|   3.200E+01|                 Infinity|   6.4415662640083082E-02|        241|
 7|   3.400E+01|                 Infinity|   9.8532927816429319E-02|        103|
 7|   3.600E+01|                 Infinity|   8.8388347648318433E-02|        128|
 7|   3.800E+01|                 Infinity|   1.4586499149789456E-01|         47|
 7|   4.000E+01|                 Infinity|   2.0851441405707477E-01|         23|
 7|   4.200E+01|                 Infinity|   2.1320071635561041E-01|         22|
 7|   4.400E+01|                 Infinity|   2.5000000000000000E-01|         16|
 7|   4.600E+01|                 Infinity|   3.1622776601683794E-01|         10|
 7|   4.800E+01|                 Infinity|   4.4721359549995793E-01|          5|
 7|   5.000E+01|                 Infinity|   3.3333333333333331E-01|          9|
 7|   5.200E+01|                 Infinity|   2.5819888974716110E-01|         15|
 7|   5.400E+01|                 Infinity|   3.1622776601683794E-01|         10|
 7|   5.600E+01|                 Infinity|   2.6726124191242440E-01|         14|
 7|   5.800E+01|                 Infinity|   2.6726124191242440E-01|         14|
 7|   6.000E+01|                 Infinity|   2.8867513459481292E-01|         12|
 7|   6.200E+01|                 Infinity|   2.5819888974716110E-01|         15|
 7|   6.400E+01|                 Infinity|   2.4253562503633297E-01|         17|
 7|   6.600E+01|                 Infinity|   2.6726124191242440E-01|         14|
 7|   6.800E+01|                 Infinity|   1.7149858514250882E-01|         34|
 7|   7.000E+01|                 Infinity|   7.5164602800282893E-02|        177|
 7|   7.200E+01|                 Infinity|   5.1987524491003641E-02|        370|
 7|   7.400E+01|                 Infinity|   5.9868434008924963E-02|        279|
 7|   7.600E+01|                 Infinity|   1.0101525445522107E-01|         98|
 7|   7.800E+01|                 Infinity|   1.0783277320343841E-01|         86|
 7|   8.000E+01|                 Infinity|   9.6225044864937631E-02|        108|
 7|   8.200E+01|                 Infinity|   9.0535746042518531E-02|        122|
 7|   8.400E+01|                 Infinity|   6.1780206321521543E-02|        262|
 7|   8.600E+01|                 Infinity|   2.7628948199776879E-02|       1310|
 7|   8.800E+01|                 Infinity|   4.2756912480901278E-02|        547|
 7|   9.000E+01|                 Infinity|   1.8754762556128426E-02|       2843|
 7|   9.200E+01|                 Infinity|   8.3333333333333329E-02|        144|
 7|   9.400E+01|                 Infinity|   1.2700012700019050E-01|         62|
 7|   9.600E+01|                 Infinity|   2.4253562503633297E-01|         17|
 7|   9.800E+01|                 Infinity|   4.4721359549995793E-01|          5|
 7|   1.000E+02|                      NaN|   0.0000000000000000E+00|          0|
 7|   1.020E+02|                 Infinity|   7.0710678118654746E-01|          2|
 7|   1.040E+02|                 Infinity|   5.7735026918962584E-01|          3|
 7|   1.060E+02|                 Infinity|   5.7735026918962584E-01|          3|
 7|   1.080E+02|                 Infinity|   1.0000000000000000E+00|          1|
 7|   1.100E+02|                      NaN|   0.0000000000000000E+00|          0|
 7|   1.120E+02|                      NaN|   0.0000000000000000E+00|          0|
 7|   1.140E+02|                 Infinity|   1.0000000000000000E+00|          1|
 7|   1.160E+02|                 Infinity|   1.0000000000000000E+00|          1|
 7|   1.180E+02|                      NaN|   0.0000000000000000E+00|          0|
 7|   1.200E+02|                      NaN|   0.0000000000000000E+00|          0|
 7|   1.220E+02|                      NaN|   0.0000000000000000E+00|          0|
 7|   1.240E+02|                      NaN|   0.0000000000000000E+00|          0|
 7|   1.260E+02|                      NaN|   0.0000000000000000E+00|          0|
 7|   1.280E+02|                      NaN|   0.0000000000000000E+00|          0|
 7|   1.300E+02|                      NaN|   0.0000000000000000E+00|          0|
 7|   1.320E+02|                      NaN|   0.0000000000000000E+00|          0|
 7|   1.340E+02|                      NaN|   0.0000000000000000E+00|          0|
 7|   1.360E+02|                      NaN|   0.0000000000000000E+00|          0|
 7|   1.380E+02|                      NaN|   0.0000000000000000E+00|          0|
 7|   1.400E+02|                      NaN|   0.0000000000000000E+00|          0|
 7|   1.420E+02|                      NaN|   0.0000000000000000E+00|          0|
 7|   1.440E+02|                      NaN|   0.0000000000000000E+00|          0|
 7|   1.460E+02|                      NaN|   0.0000000000000000E+00|          0|
 7|   1.480E+02|                      NaN|   0.0000000000000000E+00|          0|
 7|   1.500E+02|                      NaN|   0.0000000000000000E+00|          0|
 7|   1.520E+02|                      NaN|   0.0000000000000000E+00|          0|
 7|   1.540E+02|                      NaN|   0.0000000000000000E+00|          0|
 7|   1.560E+02|                      NaN|   0.0000000000000000E+00|          0|
 7|   1.580E+02|                      NaN|   0.0000000000000000E+00|          0|
 7|   1.600E+02|                      NaN|   0.0000000000000000E+00|          0|
 7|   1.620E+02|                      NaN|   0.0000000000000000E+00|          0|
 7|   1.640E+02|                      NaN|   0.0000000000000000E+00|          0|
 7|   1.660E+02|                      NaN|   0.0000000000000000E+00|          0|
 7|   1.680E+02|                      NaN|   0.0000000000000000E+00|          0|
 7|   1.700E+02|                      NaN|   0.0000000000000000E+00|          0|
 7|   1.720E+02|                      NaN|   0.0000000000000000E+00|          0|
 7|   1.740E+02|                      NaN|   0.0000000000000000E+00|          0|
 7|   1.760E+02|                      NaN|   0.0000000000000000E+00|          0|
 7|   1.780E+02|                      NaN|   0.0000000000000000E+00|          0|
 7|   1.800E+02|                      NaN|   0.0000000000000000E+00|          0|
 7|   1.820E+02|                      NaN|   0.0000000000000000E+00|          0|
 7|   1.840E+02|                      NaN|   0.0000000000000000E+00|          0|
 7|   1.860E+02|                      NaN|   0.0000000000000000E+00|          0|
 7|   1.880E+02|                      NaN|   0.0000000000000000E+00|          0|
 7|   1.900E+02|                      NaN|   0.0000000000000000E+00|          0|
 7|   1.920E+02|                      NaN|   0.0000000000000000E+00|          0|
 7|   1.940E+02|                      NaN|   0.0000000000000000E+00|          0|
 7|   1.960E+02|                      NaN|   0.0000000000000000E+00|          0|
 7|   1.980E+02|                      NaN|   0.0000000000000000E+00|          0|
# integrated result:   4.2741862618539241E-06
#
# Histogram 8: m_4l                                              
 8|   1.000E+02|                 Infinity|   6.3475752846927826E-03|      24819|
 8|   1.400E+02|                      NaN|   0.0000000000000000E+00|          0|
 8|   1.800E+02|                      NaN|   0.0000000000000000E+00|          0|
 8|   2.200E+02|                      NaN|   0.0000000000000000E+00|          0|
 8|   2.600E+02|                      NaN|   0.0000000000000000E+00|          0|
 8|   3.000E+02|                      NaN|   0.0000000000000000E+00|          0|
 8|   3.400E+02|                      NaN|   0.0000000000000000E+00|          0|
 8|   3.800E+02|                      NaN|   0.0000000000000000E+00|          0|
 8|   4.200E+02|                      NaN|   0.0000000000000000E+00|          0|
 8|   4.600E+02|                      NaN|   0.0000000000000000E+00|          0|
 8|   5.000E+02|                      NaN|   0.0000000000000000E+00|          0|
 8|   5.400E+02|                      NaN|   0.0000000000000000E+00|          0|
 8|   5.800E+02|                      NaN|   0.0000000000000000E+00|          0|
 8|   6.200E+02|                      NaN|   0.0000000000000000E+00|          0|
 8|   6.600E+02|                      NaN|   0.0000000000000000E+00|          0|
 8|   7.000E+02|                      NaN|   0.0000000000000000E+00|          0|
 8|   7.400E+02|                      NaN|   0.0000000000000000E+00|          0|
 8|   7.800E+02|                      NaN|   0.0000000000000000E+00|          0|
 8|   8.200E+02|                      NaN|   0.0000000000000000E+00|          0|
 8|   8.600E+02|                      NaN|   0.0000000000000000E+00|          0|
 8|   9.000E+02|                      NaN|   0.0000000000000000E+00|          0|
 8|   9.400E+02|                      NaN|   0.0000000000000000E+00|          0|
 8|   9.800E+02|                      NaN|   0.0000000000000000E+00|          0|
 8|   1.020E+03|                      NaN|   0.0000000000000000E+00|          0|
 8|   1.060E+03|                      NaN|   0.0000000000000000E+00|          0|
 8|   1.100E+03|                      NaN|   0.0000000000000000E+00|          0|
 8|   1.140E+03|                      NaN|   0.0000000000000000E+00|          0|
 8|   1.180E+03|                      NaN|   0.0000000000000000E+00|          0|
 8|   1.220E+03|                      NaN|   0.0000000000000000E+00|          0|
 8|   1.260E+03|                      NaN|   0.0000000000000000E+00|          0|
 8|   1.300E+03|                      NaN|   0.0000000000000000E+00|          0|
 8|   1.340E+03|                      NaN|   0.0000000000000000E+00|          0|
 8|   1.380E+03|                      NaN|   0.0000000000000000E+00|          0|
 8|   1.420E+03|                      NaN|   0.0000000000000000E+00|          0|
 8|   1.460E+03|                      NaN|   0.0000000000000000E+00|          0|
 8|   1.500E+03|                      NaN|   0.0000000000000000E+00|          0|
 8|   1.540E+03|                      NaN|   0.0000000000000000E+00|          0|
 8|   1.580E+03|                      NaN|   0.0000000000000000E+00|          0|
 8|   1.620E+03|                      NaN|   0.0000000000000000E+00|          0|
 8|   1.660E+03|                      NaN|   0.0000000000000000E+00|          0|
 8|   1.700E+03|                      NaN|   0.0000000000000000E+00|          0|
 8|   1.740E+03|                      NaN|   0.0000000000000000E+00|          0|
 8|   1.780E+03|                      NaN|   0.0000000000000000E+00|          0|
 8|   1.820E+03|                      NaN|   0.0000000000000000E+00|          0|
 8|   1.860E+03|                      NaN|   0.0000000000000000E+00|          0|
 8|   1.900E+03|                      NaN|   0.0000000000000000E+00|          0|
 8|   1.940E+03|                      NaN|   0.0000000000000000E+00|          0|
 8|   1.980E+03|                      NaN|   0.0000000000000000E+00|          0|
 8|   2.020E+03|                      NaN|   0.0000000000000000E+00|          0|
 8|   2.060E+03|                      NaN|   0.0000000000000000E+00|          0|
 8|   2.100E+03|                      NaN|   0.0000000000000000E+00|          0|
 8|   2.140E+03|                      NaN|   0.0000000000000000E+00|          0|
 8|   2.180E+03|                      NaN|   0.0000000000000000E+00|          0|
 8|   2.220E+03|                      NaN|   0.0000000000000000E+00|          0|
 8|   2.260E+03|                      NaN|   0.0000000000000000E+00|          0|
 8|   2.300E+03|                      NaN|   0.0000000000000000E+00|          0|
 8|   2.340E+03|                      NaN|   0.0000000000000000E+00|          0|
 8|   2.380E+03|                      NaN|   0.0000000000000000E+00|          0|
 8|   2.420E+03|                      NaN|   0.0000000000000000E+00|          0|
 8|   2.460E+03|                      NaN|   0.0000000000000000E+00|          0|
 8|   2.500E+03|                      NaN|   0.0000000000000000E+00|          0|
 8|   2.540E+03|                      NaN|   0.0000000000000000E+00|          0|
 8|   2.580E+03|                      NaN|   0.0000000000000000E+00|          0|
 8|   2.620E+03|                      NaN|   0.0000000000000000E+00|          0|
 8|   2.660E+03|                      NaN|   0.0000000000000000E+00|          0|
 8|   2.700E+03|                      NaN|   0.0000000000000000E+00|          0|
 8|   2.740E+03|                      NaN|   0.0000000000000000E+00|          0|
 8|   2.780E+03|                      NaN|   0.0000000000000000E+00|          0|
 8|   2.820E+03|                      NaN|   0.0000000000000000E+00|          0|
 8|   2.860E+03|                      NaN|   0.0000000000000000E+00|          0|
 8|   2.900E+03|                      NaN|   0.0000000000000000E+00|          0|
 8|   2.940E+03|                      NaN|   0.0000000000000000E+00|          0|
 8|   2.980E+03|                      NaN|   0.0000000000000000E+00|          0|
 8|   3.020E+03|                      NaN|   0.0000000000000000E+00|          0|
 8|   3.060E+03|                      NaN|   0.0000000000000000E+00|          0|
 8|   3.100E+03|                      NaN|   0.0000000000000000E+00|          0|
 8|   3.140E+03|                      NaN|   0.0000000000000000E+00|          0|
 8|   3.180E+03|                      NaN|   0.0000000000000000E+00|          0|
 8|   3.220E+03|                      NaN|   0.0000000000000000E+00|          0|
 8|   3.260E+03|                      NaN|   0.0000000000000000E+00|          0|
 8|   3.300E+03|                      NaN|   0.0000000000000000E+00|          0|
 8|   3.340E+03|                      NaN|   0.0000000000000000E+00|          0|
 8|   3.380E+03|                      NaN|   0.0000000000000000E+00|          0|
 8|   3.420E+03|                      NaN|   0.0000000000000000E+00|          0|
 8|   3.460E+03|                      NaN|   0.0000000000000000E+00|          0|
 8|   3.500E+03|                      NaN|   0.0000000000000000E+00|          0|
 8|   3.540E+03|                      NaN|   0.0000000000000000E+00|          0|
 8|   3.580E+03|                      NaN|   0.0000000000000000E+00|          0|
 8|   3.620E+03|                      NaN|   0.0000000000000000E+00|          0|
 8|   3.660E+03|                      NaN|   0.0000000000000000E+00|          0|
 8|   3.700E+03|                      NaN|   0.0000000000000000E+00|          0|
 8|   3.740E+03|                      NaN|   0.0000000000000000E+00|          0|
 8|   3.780E+03|                      NaN|   0.0000000000000000E+00|          0|
 8|   3.820E+03|                      NaN|   0.0000000000000000E+00|          0|
 8|   3.860E+03|                      NaN|   0.0000000000000000E+00|          0|
 8|   3.900E+03|                      NaN|   0.0000000000000000E+00|          0|
 8|   3.940E+03|                      NaN|   0.0000000000000000E+00|          0|
 8|   3.980E+03|                      NaN|   0.0000000000000000E+00|          0|
 8|   4.020E+03|                      NaN|   0.0000000000000000E+00|          0|
 8|   4.060E+03|                      NaN|   0.0000000000000000E+00|          0|
# integrated result:   4.2741862618539106E-06
#
# Histogram 9: m_4l                                              
 9|   8.500E+01|                      NaN|   0.0000000000000000E+00|          0|
 9|   8.600E+01|                      NaN|   0.0000000000000000E+00|          0|
 9|   8.700E+01|                      NaN|   0.0000000000000000E+00|          0|
 9|   8.800E+01|                      NaN|   0.0000000000000000E+00|          0|
 9|   8.900E+01|                      NaN|   0.0000000000000000E+00|          0|
 9|   9.000E+01|                      NaN|   0.0000000000000000E+00|          0|
 9|   9.100E+01|                      NaN|   0.0000000000000000E+00|          0|
 9|   9.200E+01|                      NaN|   0.0000000000000000E+00|          0|
 9|   9.300E+01|                      NaN|   0.0000000000000000E+00|          0|
 9|   9.400E+01|                      NaN|   0.0000000000000000E+00|          0|
 9|   9.500E+01|                      NaN|   0.0000000000000000E+00|          0|
 9|   9.600E+01|                      NaN|   0.0000000000000000E+00|          0|
 9|   9.700E+01|                      NaN|   0.0000000000000000E+00|          0|
 9|   9.800E+01|                      NaN|   0.0000000000000000E+00|          0|
 9|   9.900E+01|                      NaN|   0.0000000000000000E+00|          0|
 9|   1.000E+02|                      NaN|   0.0000000000000000E+00|          0|
 9|   1.010E+02|                      NaN|   0.0000000000000000E+00|          0|
 9|   1.020E+02|                      NaN|   0.0000000000000000E+00|          0|
 9|   1.030E+02|                      NaN|   0.0000000000000000E+00|          0|
 9|   1.040E+02|                      NaN|   0.0000000000000000E+00|          0|
 9|   1.050E+02|                      NaN|   0.0000000000000000E+00|          0|
 9|   1.060E+02|                      NaN|   0.0000000000000000E+00|          0|
 9|   1.070E+02|                      NaN|   0.0000000000000000E+00|          0|
 9|   1.080E+02|                      NaN|   0.0000000000000000E+00|          0|
 9|   1.090E+02|                      NaN|   0.0000000000000000E+00|          0|
 9|   1.100E+02|                      NaN|   0.0000000000000000E+00|          0|
 9|   1.110E+02|                      NaN|   0.0000000000000000E+00|          0|
 9|   1.120E+02|                      NaN|   0.0000000000000000E+00|          0|
 9|   1.130E+02|                      NaN|   0.0000000000000000E+00|          0|
 9|   1.140E+02|                      NaN|   0.0000000000000000E+00|          0|
 9|   1.150E+02|                      NaN|   0.0000000000000000E+00|          0|
 9|   1.160E+02|                      NaN|   0.0000000000000000E+00|          0|
 9|   1.170E+02|                      NaN|   0.0000000000000000E+00|          0|
 9|   1.180E+02|                      NaN|   0.0000000000000000E+00|          0|
 9|   1.190E+02|                      NaN|   0.0000000000000000E+00|          0|
 9|   1.200E+02|                      NaN|   0.0000000000000000E+00|          0|
 9|   1.210E+02|                      NaN|   0.0000000000000000E+00|          0|
 9|   1.220E+02|                      NaN|   0.0000000000000000E+00|          0|
 9|   1.230E+02|                      NaN|   0.0000000000000000E+00|          0|
 9|   1.240E+02|                 Infinity|   1.1942054429810795E-02|       7012|
 9|   1.250E+02|                 Infinity|   7.4938435262390211E-03|      17807|
 9|   1.260E+02|                      NaN|   0.0000000000000000E+00|          0|
 9|   1.270E+02|                      NaN|   0.0000000000000000E+00|          0|
 9|   1.280E+02|                      NaN|   0.0000000000000000E+00|          0|
 9|   1.290E+02|                      NaN|   0.0000000000000000E+00|          0|
 9|   1.300E+02|                      NaN|   0.0000000000000000E+00|          0|
 9|   1.310E+02|                      NaN|   0.0000000000000000E+00|          0|
 9|   1.320E+02|                      NaN|   0.0000000000000000E+00|          0|
 9|   1.330E+02|                      NaN|   0.0000000000000000E+00|          0|
 9|   1.340E+02|                      NaN|   0.0000000000000000E+00|          0|
# integrated result:   4.2741862618538970E-06
#
# Histogram10: Phi1                                              
10|  -3.142E+00|                 Infinity|   4.8795003647426664E-02|        420|
10|  -2.985E+00|                 Infinity|   4.4632184267745179E-02|        502|
10|  -2.827E+00|                 Infinity|   4.6829290579084699E-02|        456|
10|  -2.670E+00|                 Infinity|   5.0964719143762556E-02|        385|
10|  -2.513E+00|                 Infinity|   5.0251890762960605E-02|        396|
10|  -2.356E+00|                 Infinity|   4.9875466805381644E-02|        402|
10|  -2.199E+00|                 Infinity|   4.9875466805381644E-02|        402|
10|  -2.042E+00|                 Infinity|   5.0832856777534893E-02|        387|
10|  -1.885E+00|                 Infinity|   4.7619047619047616E-02|        441|
10|  -1.728E+00|                 Infinity|   4.5691166238495382E-02|        479|
10|  -1.571E+00|                 Infinity|   4.5314325442944378E-02|        487|
10|  -1.414E+00|                 Infinity|   3.8235955645093626E-02|        684|
10|  -1.257E+00|                 Infinity|   3.4239347869895034E-02|        853|
10|  -1.100E+00|                 Infinity|   3.5355339059327376E-02|        800|
10|  -9.425E-01|                 Infinity|   3.5071531191594722E-02|        813|
10|  -7.854E-01|                 Infinity|   3.5421817348790727E-02|        797|
10|  -6.283E-01|                 Infinity|   3.5759926992607577E-02|        782|
10|  -4.713E-01|                 Infinity|   3.5805743701971648E-02|        780|
10|  -3.142E-01|                 Infinity|   3.7011660509880265E-02|        730|
10|  -1.571E-01|                 Infinity|   3.6885555678165878E-02|        735|
10|  -3.000E-05|                 Infinity|   3.9043440472151518E-02|        656|
10|   1.570E-01|                 Infinity|   3.4773407121036048E-02|        827|
10|   3.141E-01|                 Infinity|   3.1575448897533630E-02|       1003|
10|   4.712E-01|                 Infinity|   3.2091527190283999E-02|        971|
10|   6.283E-01|                 Infinity|   3.2616403652672113E-02|        940|
10|   7.854E-01|                 Infinity|   3.2342311367657542E-02|        956|
10|   9.424E-01|                 Infinity|   3.3204455008545970E-02|        907|
10|   1.100E+00|                 Infinity|   3.1295877196220290E-02|       1021|
10|   1.257E+00|                 Infinity|   3.4985571427065980E-02|        817|
10|   1.414E+00|                 Infinity|   4.1030496993110906E-02|        594|
10|   1.571E+00|                 Infinity|   4.4946657497549475E-02|        495|
10|   1.728E+00|                 Infinity|   4.7457899787624949E-02|        444|
10|   1.885E+00|                 Infinity|   4.7351372381037843E-02|        446|
10|   2.042E+00|                 Infinity|   4.8336824452283177E-02|        428|
10|   2.199E+00|                 Infinity|   4.7192917818300872E-02|        449|
10|   2.356E+00|                 Infinity|   4.9088069367381602E-02|        415|
10|   2.513E+00|                 Infinity|   4.7192917818300872E-02|        449|
10|   2.670E+00|                 Infinity|   4.7457899787624949E-02|        444|
10|   2.827E+00|                 Infinity|   4.7404546313997722E-02|        445|
10|   2.984E+00|                 Infinity|   5.1231551957855996E-02|        381|
# integrated result:   4.2741862618539233E-06
#
