#
# column #1=histogram, #2=x-axis bin, #3=binned cross-section, #4=error, #5=number of events 
# this can be easily plotted in gnuplot with the commands:
#    NHi=3
#    plot 'output.dat' using ($2):($1==NHi ? $3 : 1/0) w st
# where NHi selects the histogram
#
#
# run time =      -0.05min
# TotCS =      8.8378596201E-07           4.49289E-07
#
# Histogram 1: m_jj                                              
 1|   0.000E+00|                 Infinity|   2.6252235637134264E-02|       1451|
 1|   5.000E+01|                 Infinity|   1.1992614823203206E-02|       6953|
 1|   1.000E+02|                 Infinity|   1.2206927932713571E-02|       6711|
 1|   1.500E+02|                 Infinity|   1.5034619483106592E-02|       4424|
 1|   2.000E+02|                 Infinity|   1.8392797319442742E-02|       2956|
 1|   2.500E+02|                 Infinity|   2.2786197567488776E-02|       1926|
 1|   3.000E+02|                 Infinity|   2.9424494316824982E-02|       1155|
 1|   3.500E+02|                 Infinity|   3.7113480951260276E-02|        726|
 1|   4.000E+02|                 Infinity|   4.6829290579084699E-02|        456|
 1|   4.500E+02|                 Infinity|   5.6888012398857428E-02|        309|
 1|   5.000E+02|                 Infinity|   6.7419986246324212E-02|        220|
 1|   5.500E+02|                 Infinity|   8.4515425472851652E-02|        140|
 1|   6.000E+02|                 Infinity|   1.0783277320343841E-01|         86|
 1|   6.500E+02|                 Infinity|   1.2403473458920847E-01|         65|
 1|   7.000E+02|                 Infinity|   1.2216944435630522E-01|         67|
 1|   7.500E+02|                 Infinity|   1.4744195615489714E-01|         46|
 1|   8.000E+02|                 Infinity|   1.8569533817705186E-01|         29|
 1|   8.500E+02|                 Infinity|   2.0851441405707477E-01|         23|
 1|   9.000E+02|                 Infinity|   2.3570226039551587E-01|         18|
 1|   9.500E+02|                 Infinity|   2.2941573387056174E-01|         19|
 1|   1.000E+03|                 Infinity|   3.3333333333333331E-01|          9|
 1|   1.050E+03|                 Infinity|   2.3570226039551587E-01|         18|
 1|   1.100E+03|                 Infinity|   3.7796447300922720E-01|          7|
 1|   1.150E+03|                 Infinity|   5.0000000000000000E-01|          4|
 1|   1.200E+03|                 Infinity|   4.0824829046386307E-01|          6|
 1|   1.250E+03|                 Infinity|   7.0710678118654746E-01|          2|
 1|   1.300E+03|                 Infinity|   7.0710678118654746E-01|          2|
 1|   1.350E+03|                 Infinity|   7.0710678118654746E-01|          2|
 1|   1.400E+03|                 Infinity|   7.0710678118654746E-01|          2|
 1|   1.450E+03|                 Infinity|   1.0000000000000000E+00|          1|
 1|   1.500E+03|                      NaN|   0.0000000000000000E+00|          0|
 1|   1.550E+03|                 Infinity|   1.0000000000000000E+00|          1|
 1|   1.600E+03|                 Infinity|   7.0710678118654746E-01|          2|
 1|   1.650E+03|                      NaN|   0.0000000000000000E+00|          0|
 1|   1.700E+03|                      NaN|   0.0000000000000000E+00|          0|
 1|   1.750E+03|                 Infinity|   1.0000000000000000E+00|          1|
 1|   1.800E+03|                      NaN|   0.0000000000000000E+00|          0|
 1|   1.850E+03|                 Infinity|   1.0000000000000000E+00|          1|
 1|   1.900E+03|                      NaN|   0.0000000000000000E+00|          0|
 1|   1.950E+03|                 Infinity|   1.0000000000000000E+00|          1|
 1|   2.000E+03|                 Infinity|   1.0000000000000000E+00|          1|
 1|   2.050E+03|                      NaN|   0.0000000000000000E+00|          0|
 1|   2.100E+03|                      NaN|   0.0000000000000000E+00|          0|
 1|   2.150E+03|                      NaN|   0.0000000000000000E+00|          0|
 1|   2.200E+03|                      NaN|   0.0000000000000000E+00|          0|
 1|   2.250E+03|                      NaN|   0.0000000000000000E+00|          0|
 1|   2.300E+03|                      NaN|   0.0000000000000000E+00|          0|
 1|   2.350E+03|                 Infinity|   1.0000000000000000E+00|          1|
 1|   2.400E+03|                 Infinity|   1.0000000000000000E+00|          1|
 1|   2.450E+03|                      NaN|   0.0000000000000000E+00|          0|
 1|   2.500E+03|                      NaN|   0.0000000000000000E+00|          0|
 1|   2.550E+03|                      NaN|   0.0000000000000000E+00|          0|
 1|   2.600E+03|                 Infinity|   7.0710678118654746E-01|          2|
 1|   2.650E+03|                      NaN|   0.0000000000000000E+00|          0|
 1|   2.700E+03|                      NaN|   0.0000000000000000E+00|          0|
 1|   2.750E+03|                 Infinity|   7.0710678118654746E-01|          2|
 1|   2.800E+03|                 Infinity|   1.0000000000000000E+00|          1|
 1|   2.850E+03|                 Infinity|   1.0000000000000000E+00|          1|
 1|   2.900E+03|                      NaN|   0.0000000000000000E+00|          0|
 1|   2.950E+03|                      NaN|   0.0000000000000000E+00|          0|
 1|   3.000E+03|                      NaN|   0.0000000000000000E+00|          0|
 1|   3.050E+03|                      NaN|   0.0000000000000000E+00|          0|
 1|   3.100E+03|                      NaN|   0.0000000000000000E+00|          0|
 1|   3.150E+03|                 Infinity|   1.0000000000000000E+00|          1|
 1|   3.200E+03|                      NaN|   0.0000000000000000E+00|          0|
 1|   3.250E+03|                      NaN|   0.0000000000000000E+00|          0|
 1|   3.300E+03|                      NaN|   0.0000000000000000E+00|          0|
 1|   3.350E+03|                      NaN|   0.0000000000000000E+00|          0|
 1|   3.400E+03|                      NaN|   0.0000000000000000E+00|          0|
 1|   3.450E+03|                      NaN|   0.0000000000000000E+00|          0|
 1|   3.500E+03|                      NaN|   0.0000000000000000E+00|          0|
 1|   3.550E+03|                      NaN|   0.0000000000000000E+00|          0|
 1|   3.600E+03|                      NaN|   0.0000000000000000E+00|          0|
 1|   3.650E+03|                      NaN|   0.0000000000000000E+00|          0|
 1|   3.700E+03|                      NaN|   0.0000000000000000E+00|          0|
 1|   3.750E+03|                      NaN|   0.0000000000000000E+00|          0|
 1|   3.800E+03|                      NaN|   0.0000000000000000E+00|          0|
 1|   3.850E+03|                      NaN|   0.0000000000000000E+00|          0|
 1|   3.900E+03|                      NaN|   0.0000000000000000E+00|          0|
 1|   3.950E+03|                      NaN|   0.0000000000000000E+00|          0|
 1|   4.000E+03|                      NaN|   0.0000000000000000E+00|          0|
 1|   4.050E+03|                      NaN|   0.0000000000000000E+00|          0|
 1|   4.100E+03|                      NaN|   0.0000000000000000E+00|          0|
 1|   4.150E+03|                      NaN|   0.0000000000000000E+00|          0|
 1|   4.200E+03|                      NaN|   0.0000000000000000E+00|          0|
 1|   4.250E+03|                      NaN|   0.0000000000000000E+00|          0|
 1|   4.300E+03|                      NaN|   0.0000000000000000E+00|          0|
 1|   4.350E+03|                      NaN|   0.0000000000000000E+00|          0|
 1|   4.400E+03|                      NaN|   0.0000000000000000E+00|          0|
 1|   4.450E+03|                      NaN|   0.0000000000000000E+00|          0|
 1|   4.500E+03|                      NaN|   0.0000000000000000E+00|          0|
 1|   4.550E+03|                      NaN|   0.0000000000000000E+00|          0|
 1|   4.600E+03|                      NaN|   0.0000000000000000E+00|          0|
 1|   4.650E+03|                      NaN|   0.0000000000000000E+00|          0|
 1|   4.700E+03|                      NaN|   0.0000000000000000E+00|          0|
 1|   4.750E+03|                      NaN|   0.0000000000000000E+00|          0|
 1|   4.800E+03|                      NaN|   0.0000000000000000E+00|          0|
 1|   4.850E+03|                      NaN|   0.0000000000000000E+00|          0|
 1|   4.900E+03|                      NaN|   0.0000000000000000E+00|          0|
 1|   4.950E+03|                      NaN|   0.0000000000000000E+00|          0|
# integrated result:   8.8378596201078868E-07
#
# Histogram 2: m_jj                                              
 2|   0.000E+00|                      NaN|   0.0000000000000000E+00|          0|
 2|   2.000E+00|                      NaN|   0.0000000000000000E+00|          0|
 2|   4.000E+00|                      NaN|   0.0000000000000000E+00|          0|
 2|   6.000E+00|                      NaN|   0.0000000000000000E+00|          0|
 2|   8.000E+00|                      NaN|   0.0000000000000000E+00|          0|
 2|   1.000E+01|                      NaN|   0.0000000000000000E+00|          0|
 2|   1.200E+01|                      NaN|   0.0000000000000000E+00|          0|
 2|   1.400E+01|                      NaN|   0.0000000000000000E+00|          0|
 2|   1.600E+01|                      NaN|   0.0000000000000000E+00|          0|
 2|   1.800E+01|                      NaN|   0.0000000000000000E+00|          0|
 2|   2.000E+01|                      NaN|   0.0000000000000000E+00|          0|
 2|   2.200E+01|                      NaN|   0.0000000000000000E+00|          0|
 2|   2.400E+01|                      NaN|   0.0000000000000000E+00|          0|
 2|   2.600E+01|                      NaN|   0.0000000000000000E+00|          0|
 2|   2.800E+01|                      NaN|   0.0000000000000000E+00|          0|
 2|   3.000E+01|                 Infinity|   1.7960530202677491E-01|         31|
 2|   3.200E+01|                 Infinity|   1.2216944435630522E-01|         67|
 2|   3.400E+01|                 Infinity|   1.0783277320343841E-01|         86|
 2|   3.600E+01|                 Infinity|   9.0535746042518531E-02|        122|
 2|   3.800E+01|                 Infinity|   8.0064076902543566E-02|        156|
 2|   4.000E+01|                 Infinity|   7.5164602800282893E-02|        177|
 2|   4.200E+01|                 Infinity|   7.3720978077448568E-02|        184|
 2|   4.400E+01|                 Infinity|   7.4743509275193590E-02|        179|
 2|   4.600E+01|                 Infinity|   6.6964953018242512E-02|        223|
 2|   4.800E+01|                 Infinity|   6.6519010523773930E-02|        226|
 2|   5.000E+01|                 Infinity|   5.7448498962142602E-02|        303|
 2|   5.200E+01|                 Infinity|   6.0971076084969232E-02|        269|
 2|   5.400E+01|                 Infinity|   6.3119440309780311E-02|        251|
 2|   5.600E+01|                 Infinity|   5.9654998627189357E-02|        281|
 2|   5.800E+01|                 Infinity|   6.3119440309780311E-02|        251|
 2|   6.000E+01|                 Infinity|   6.2500000000000000E-02|        256|
 2|   6.200E+01|                 Infinity|   6.2745580513815860E-02|        254|
 2|   6.400E+01|                 Infinity|   6.1429511683395117E-02|        265|
 2|   6.600E+01|                 Infinity|   5.8520573598065284E-02|        292|
 2|   6.800E+01|                 Infinity|   5.9339082909692663E-02|        284|
 2|   7.000E+01|                 Infinity|   6.2622429108514954E-02|        255|
 2|   7.200E+01|                 Infinity|   6.1199006136210460E-02|        267|
 2|   7.400E+01|                 Infinity|   6.0745673923078697E-02|        271|
 2|   7.600E+01|                 Infinity|   6.1545745489666362E-02|        264|
 2|   7.800E+01|                 Infinity|   5.7735026918962568E-02|        300|
 2|   8.000E+01|                 Infinity|   6.0745673923078697E-02|        271|
 2|   8.200E+01|                 Infinity|   6.1662641597820735E-02|        263|
 2|   8.400E+01|                 Infinity|   5.8621038176054921E-02|        291|
 2|   8.600E+01|                 Infinity|   5.9234887775909233E-02|        285|
 2|   8.800E+01|                 Infinity|   5.4799662435119099E-02|        333|
 2|   9.000E+01|                 Infinity|   5.7831493196624020E-02|        299|
 2|   9.200E+01|                 Infinity|   5.8420623783698597E-02|        293|
 2|   9.400E+01|                 Infinity|   5.8621038176054921E-02|        291|
 2|   9.600E+01|                 Infinity|   5.8123819371909642E-02|        296|
 2|   9.800E+01|                 Infinity|   6.1084722178152612E-02|        268|
 2|   1.000E+02|                 Infinity|   5.8420623783698597E-02|        293|
 2|   1.020E+02|                 Infinity|   5.8823529411764705E-02|        289|
 2|   1.040E+02|                 Infinity|   5.7928444636349226E-02|        298|
 2|   1.060E+02|                 Infinity|   5.5300126360933101E-02|        327|
 2|   1.080E+02|                 Infinity|   5.9234887775909233E-02|        285|
 2|   1.100E+02|                 Infinity|   5.6343616981901101E-02|        315|
 2|   1.120E+02|                 Infinity|   5.7831493196624020E-02|        299|
 2|   1.140E+02|                 Infinity|   6.1429511683395117E-02|        265|
 2|   1.160E+02|                 Infinity|   5.7639041770423498E-02|        301|
 2|   1.180E+02|                 Infinity|   5.9339082909692663E-02|        284|
 2|   1.200E+02|                 Infinity|   6.4282434653322507E-02|        242|
 2|   1.220E+02|                 Infinity|   5.9654998627189357E-02|        281|
 2|   1.240E+02|                 Infinity|   6.3119440309780311E-02|        251|
 2|   1.260E+02|                 Infinity|   5.7259833431386825E-02|        305|
 2|   1.280E+02|                 Infinity|   6.2378286155180533E-02|        257|
 2|   1.300E+02|                 Infinity|   5.8420623783698597E-02|        293|
 2|   1.320E+02|                 Infinity|   6.3887656499993992E-02|        245|
 2|   1.340E+02|                 Infinity|   6.3372425052447792E-02|        249|
 2|   1.360E+02|                 Infinity|   6.4415662640083082E-02|        241|
 2|   1.380E+02|                 Infinity|   6.6372331159997203E-02|        227|
 2|   1.400E+02|                 Infinity|   6.9843029576957816E-02|        205|
 2|   1.420E+02|                 Infinity|   6.3119440309780311E-02|        251|
 2|   1.440E+02|                 Infinity|   6.6666666666666666E-02|        225|
 2|   1.460E+02|                 Infinity|   6.4684622735315084E-02|        239|
 2|   1.480E+02|                 Infinity|   6.4018439966447988E-02|        244|
 2|   1.500E+02|                 Infinity|   6.4820372355216441E-02|        238|
 2|   1.520E+02|                 Infinity|   7.0186240634359645E-02|        203|
 2|   1.540E+02|                 Infinity|   7.0359754473029182E-02|        202|
 2|   1.560E+02|                 Infinity|   6.7573737839948592E-02|        219|
 2|   1.580E+02|                 Infinity|   6.6815310478106099E-02|        224|
 2|   1.600E+02|                 Infinity|   7.5809804357890337E-02|        174|
 2|   1.620E+02|                 Infinity|   6.8199433947047347E-02|        215|
 2|   1.640E+02|                 Infinity|   7.0534561585859828E-02|        201|
 2|   1.660E+02|                 Infinity|   7.9305158571814416E-02|        159|
 2|   1.680E+02|                 Infinity|   7.5809804357890337E-02|        174|
 2|   1.700E+02|                 Infinity|   7.4329414624716636E-02|        181|
 2|   1.720E+02|                 Infinity|   7.5809804357890337E-02|        174|
 2|   1.740E+02|                 Infinity|   7.5592894601845442E-02|        175|
 2|   1.760E+02|                 Infinity|   7.9808688446762213E-02|        157|
 2|   1.780E+02|                 Infinity|   7.7382323253413682E-02|        167|
 2|   1.800E+02|                 Infinity|   7.6923076923076927E-02|        169|
 2|   1.820E+02|                 Infinity|   7.5164602800282893E-02|        177|
 2|   1.840E+02|                 Infinity|   7.7849894416152296E-02|        165|
 2|   1.860E+02|                 Infinity|   8.4215192106651904E-02|        141|
 2|   1.880E+02|                 Infinity|   8.0321932890249886E-02|        155|
 2|   1.900E+02|                 Infinity|   8.3333333333333329E-02|        144|
 2|   1.920E+02|                 Infinity|   7.8326044998795738E-02|        163|
 2|   1.940E+02|                 Infinity|   7.7615052570633281E-02|        166|
 2|   1.960E+02|                 Infinity|   8.8388347648318433E-02|        128|
 2|   1.980E+02|                 Infinity|   8.0845208345444328E-02|        153|
# integrated result:   8.8378596201078942E-07
#
# Histogram 3: pT(H)                                             
 3|   0.000E+00|                 Infinity|   1.7636382584553453E-02|       3215|
 3|   1.000E+01|                 Infinity|   1.6462159944159827E-02|       3690|
 3|   2.000E+01|                 Infinity|   1.9027781815309071E-02|       2762|
 3|   3.000E+01|                 Infinity|   2.0783778356318634E-02|       2315|
 3|   4.000E+01|                 Infinity|   2.1310387296367063E-02|       2202|
 3|   5.000E+01|                 Infinity|   2.2021944790965527E-02|       2062|
 3|   6.000E+01|                 Infinity|   2.3168268228563865E-02|       1863|
 3|   7.000E+01|                 Infinity|   2.5507216374642365E-02|       1537|
 3|   8.000E+01|                 Infinity|   2.7267094157460592E-02|       1345|
 3|   9.000E+01|                 Infinity|   2.9111125486979101E-02|       1180|
 3|   1.000E+02|                 Infinity|   3.2376195411908802E-02|        954|
 3|   1.100E+02|                 Infinity|   3.5223497683817342E-02|        806|
 3|   1.200E+02|                 Infinity|   3.9528470752104743E-02|        640|
 3|   1.300E+02|                 Infinity|   4.4324220717793628E-02|        509|
 3|   1.400E+02|                 Infinity|   4.8507125007266595E-02|        425|
 3|   1.500E+02|                 Infinity|   5.1987524491003641E-02|        370|
 3|   1.600E+02|                 Infinity|   5.6613851707229781E-02|        312|
 3|   1.700E+02|                 Infinity|   6.2622429108514954E-02|        255|
 3|   1.800E+02|                 Infinity|   6.9843029576957816E-02|        205|
 3|   1.900E+02|                 Infinity|   7.6471911290187253E-02|        171|
 3|   2.000E+02|                 Infinity|   8.4515425472851652E-02|        140|
 3|   2.100E+02|                 Infinity|   8.9802651013387455E-02|        124|
 3|   2.200E+02|                 Infinity|   9.4072086838359728E-02|        113|
 3|   2.300E+02|                 Infinity|   1.1180339887498948E-01|         80|
 3|   2.400E+02|                 Infinity|   1.1704114719613057E-01|         73|
 3|   2.500E+02|                 Infinity|   1.2598815766974239E-01|         63|
 3|   2.600E+02|                 Infinity|   1.4907119849998599E-01|         45|
 3|   2.700E+02|                 Infinity|   1.4744195615489714E-01|         46|
 3|   2.800E+02|                 Infinity|   1.5249857033260467E-01|         43|
 3|   2.900E+02|                 Infinity|   1.6666666666666666E-01|         36|
 3|   3.000E+02|                 Infinity|   1.7677669529663687E-01|         32|
 3|   3.100E+02|                 Infinity|   1.9611613513818404E-01|         26|
 3|   3.200E+02|                 Infinity|   2.4253562503633297E-01|         17|
 3|   3.300E+02|                 Infinity|   2.0851441405707477E-01|         23|
 3|   3.400E+02|                 Infinity|   2.1821789023599239E-01|         21|
 3|   3.500E+02|                 Infinity|   2.8867513459481292E-01|         12|
 3|   3.600E+02|                 Infinity|   2.7735009811261457E-01|         13|
 3|   3.700E+02|                 Infinity|   3.1622776601683794E-01|         10|
 3|   3.800E+02|                 Infinity|   3.1622776601683794E-01|         10|
 3|   3.900E+02|                 Infinity|   7.0710678118654746E-01|          2|
 3|   4.000E+02|                 Infinity|   2.8867513459481292E-01|         12|
 3|   4.100E+02|                 Infinity|   4.0824829046386307E-01|          6|
 3|   4.200E+02|                 Infinity|   5.7735026918962584E-01|          3|
 3|   4.300E+02|                 Infinity|   3.0151134457776363E-01|         11|
 3|   4.400E+02|                 Infinity|   3.5355339059327373E-01|          8|
 3|   4.500E+02|                 Infinity|   1.0000000000000000E+00|          1|
 3|   4.600E+02|                 Infinity|   4.0824829046386307E-01|          6|
 3|   4.700E+02|                 Infinity|   4.4721359549995793E-01|          5|
 3|   4.800E+02|                 Infinity|   7.0710678118654746E-01|          2|
 3|   4.900E+02|                 Infinity|   5.7735026918962584E-01|          3|
# integrated result:   8.8378596201078910E-07
#
# Histogram 4: pT(j1)                                            
 4|   0.000E+00|                      NaN|   0.0000000000000000E+00|          0|
 4|   1.000E+01|                 Infinity|   5.5727821257535282E-02|        322|
 4|   2.000E+01|                 Infinity|   2.3249527748763855E-02|       1850|
 4|   3.000E+01|                 Infinity|   1.9837990021453852E-02|       2541|
 4|   4.000E+01|                 Infinity|   1.8405254345807757E-02|       2952|
 4|   5.000E+01|                 Infinity|   1.8764665626020038E-02|       2840|
 4|   6.000E+01|                 Infinity|   1.9287918745261489E-02|       2688|
 4|   7.000E+01|                 Infinity|   2.0541200750444025E-02|       2370|
 4|   8.000E+01|                 Infinity|   2.2189373390928115E-02|       2031|
 4|   9.000E+01|                 Infinity|   2.4492448305451230E-02|       1667|
 4|   1.000E+02|                 Infinity|   2.7126281959038646E-02|       1359|
 4|   1.100E+02|                 Infinity|   2.9160592175990215E-02|       1176|
 4|   1.200E+02|                 Infinity|   3.1280562354492725E-02|       1022|
 4|   1.300E+02|                 Infinity|   3.4647946433761852E-02|        833|
 4|   1.400E+02|                 Infinity|   3.9043440472151518E-02|        656|
 4|   1.500E+02|                 Infinity|   4.3810795433832352E-02|        521|
 4|   1.600E+02|                 Infinity|   4.6077567758409141E-02|        471|
 4|   1.700E+02|                 Infinity|   4.9206783130512292E-02|        413|
 4|   1.800E+02|                 Infinity|   5.4073807043587517E-02|        342|
 4|   1.900E+02|                 Infinity|   6.0971076084969232E-02|        269|
 4|   2.000E+02|                 Infinity|   6.7728546147859642E-02|        218|
 4|   2.100E+02|                 Infinity|   7.5809804357890337E-02|        174|
 4|   2.200E+02|                 Infinity|   8.3624201000709081E-02|        143|
 4|   2.300E+02|                 Infinity|   8.9087080637474794E-02|        126|
 4|   2.400E+02|                 Infinity|   9.8058067569092022E-02|        104|
 4|   2.500E+02|                 Infinity|   9.8532927816429319E-02|        103|
 4|   2.600E+02|                 Infinity|   1.1111111111111110E-01|         81|
 4|   2.700E+02|                 Infinity|   1.2500000000000000E-01|         64|
 4|   2.800E+02|                 Infinity|   1.1952286093343936E-01|         70|
 4|   2.900E+02|                 Infinity|   1.5249857033260467E-01|         43|
 4|   3.000E+02|                 Infinity|   1.5811388300841897E-01|         40|
 4|   3.100E+02|                 Infinity|   1.6222142113076254E-01|         38|
 4|   3.200E+02|                 Infinity|   1.7960530202677491E-01|         31|
 4|   3.300E+02|                 Infinity|   2.0412414523193154E-01|         24|
 4|   3.400E+02|                 Infinity|   2.1821789023599239E-01|         21|
 4|   3.500E+02|                 Infinity|   1.7960530202677491E-01|         31|
 4|   3.600E+02|                 Infinity|   2.2941573387056174E-01|         19|
 4|   3.700E+02|                 Infinity|   2.3570226039551587E-01|         18|
 4|   3.800E+02|                 Infinity|   3.0151134457776363E-01|         11|
 4|   3.900E+02|                 Infinity|   2.6726124191242440E-01|         14|
 4|   4.000E+02|                 Infinity|   2.8867513459481292E-01|         12|
 4|   4.100E+02|                 Infinity|   2.5819888974716110E-01|         15|
 4|   4.200E+02|                 Infinity|   2.8867513459481292E-01|         12|
 4|   4.300E+02|                 Infinity|   3.7796447300922720E-01|          7|
 4|   4.400E+02|                 Infinity|   4.4721359549995793E-01|          5|
 4|   4.500E+02|                 Infinity|   3.0151134457776363E-01|         11|
 4|   4.600E+02|                 Infinity|   4.4721359549995793E-01|          5|
 4|   4.700E+02|                 Infinity|   5.0000000000000000E-01|          4|
 4|   4.800E+02|                 Infinity|   3.7796447300922720E-01|          7|
 4|   4.900E+02|                 Infinity|   4.4721359549995793E-01|          5|
# integrated result:   8.8378596201078931E-07
#
# Histogram 5: dy(j1,j2)                                         
 5|  -5.000E+00|                      NaN|   0.0000000000000000E+00|          0|
 5|  -4.800E+00|                 Infinity|   1.0000000000000000E+00|          1|
 5|  -4.600E+00|                 Infinity|   7.0710678118654746E-01|          2|
 5|  -4.400E+00|                      NaN|   0.0000000000000000E+00|          0|
 5|  -4.200E+00|                 Infinity|   1.0000000000000000E+00|          1|
 5|  -4.000E+00|                 Infinity|   1.0000000000000000E+00|          1|
 5|  -3.800E+00|                 Infinity|   5.0000000000000000E-01|          4|
 5|  -3.600E+00|                 Infinity|   1.0000000000000000E+00|          1|
 5|  -3.400E+00|                 Infinity|   4.0824829046386307E-01|          6|
 5|  -3.200E+00|                 Infinity|   3.1622776601683794E-01|         10|
 5|  -3.000E+00|                 Infinity|   2.0851441405707477E-01|         23|
 5|  -2.800E+00|                 Infinity|   2.0412414523193154E-01|         24|
 5|  -2.600E+00|                 Infinity|   2.0000000000000001E-01|         25|
 5|  -2.400E+00|                 Infinity|   1.7960530202677491E-01|         31|
 5|  -2.200E+00|                 Infinity|   1.2403473458920847E-01|         65|
 5|  -2.000E+00|                 Infinity|   1.0976425998969035E-01|         83|
 5|  -1.800E+00|                 Infinity|   9.2057461789832346E-02|        118|
 5|  -1.600E+00|                 Infinity|   6.5232807305344226E-02|        235|
 5|  -1.400E+00|                 Infinity|   5.1708768999501914E-02|        374|
 5|  -1.200E+00|                 Infinity|   5.4635836470815310E-02|        335|
 5|  -1.000E+00|                 Infinity|   6.3757671306333821E-02|        246|
 5|  -8.000E-01|                 Infinity|   5.8420623783698597E-02|        293|
 5|  -6.000E-01|                 Infinity|   5.2704627669472988E-02|        360|
 5|  -4.000E-01|                 Infinity|   4.2796049251091289E-02|        546|
 5|  -2.000E-01|                 Infinity|   4.2220033092074907E-02|        561|
 5|   0.000E+00|                 Infinity|   3.3389028164708894E-02|        897|
 5|   2.000E-01|                 Infinity|   2.9135827337403251E-02|       1178|
 5|   4.000E-01|                 Infinity|   2.8724249481071301E-02|       1212|
 5|   6.000E-01|                 Infinity|   2.4693239916239739E-02|       1640|
 5|   8.000E-01|                 Infinity|   2.1687943336591728E-02|       2126|
 5|   1.000E+00|                 Infinity|   2.4217973984824139E-02|       1705|
 5|   1.200E+00|                 Infinity|   2.3193180352135665E-02|       1859|
 5|   1.400E+00|                 Infinity|   2.0532539058829544E-02|       2372|
 5|   1.600E+00|                 Infinity|   1.8130943107347374E-02|       3042|
 5|   1.800E+00|                 Infinity|   2.4768870230903496E-02|       1630|
 5|   2.000E+00|                 Infinity|   2.8060676663315687E-02|       1270|
 5|   2.200E+00|                 Infinity|   3.1372790256907930E-02|       1016|
 5|   2.400E+00|                 Infinity|   3.2512804438117757E-02|        946|
 5|   2.600E+00|                 Infinity|   3.6490518258441337E-02|        751|
 5|   2.800E+00|                 Infinity|   3.8778336716474064E-02|        665|
 5|   3.000E+00|                 Infinity|   4.0893041005476534E-02|        598|
 5|   3.200E+00|                 Infinity|   4.6473941234017310E-02|        463|
 5|   3.400E+00|                 Infinity|   6.3757671306333821E-02|        246|
 5|   3.600E+00|                 Infinity|   5.3916386601719206E-02|        344|
 5|   3.800E+00|                 Infinity|   5.9549133417541367E-02|        282|
 5|   4.000E+00|                 Infinity|   8.8388347648318433E-02|        128|
 5|   4.200E+00|                 Infinity|   1.4433756729740646E-01|         48|
 5|   4.400E+00|                 Infinity|   1.8569533817705186E-01|         29|
 5|   4.600E+00|                 Infinity|   2.0000000000000001E-01|         25|
 5|   4.800E+00|                 Infinity|   2.4253562503633297E-01|         17|
# integrated result:   8.8378596201078931E-07
#
# Histogram 6: mz1                                               
 6|   0.000E+00|                      NaN|   0.0000000000000000E+00|          0|
 6|   2.000E+00|                      NaN|   0.0000000000000000E+00|          0|
 6|   4.000E+00|                 Infinity|   2.5871684190211096E-02|       1494|
 6|   6.000E+00|                 Infinity|   2.0567251744743179E-02|       2364|
 6|   8.000E+00|                 Infinity|   2.3769134427076417E-02|       1770|
 6|   1.000E+01|                 Infinity|   1.3501191532731466E-02|       5486|
 6|   1.200E+01|                 Infinity|   4.7946330148538413E-02|        435|
 6|   1.400E+01|                 Infinity|   4.2717882885838047E-02|        548|
 6|   1.600E+01|                 Infinity|   2.9348363544187461E-02|       1161|
 6|   1.800E+01|                 Infinity|   3.4606427010299139E-02|        835|
 6|   2.000E+01|                 Infinity|   5.7639041770423498E-02|        301|
 6|   2.200E+01|                 Infinity|   6.8518870982753166E-02|        213|
 6|   2.400E+01|                 Infinity|   6.8041381743977170E-02|        216|
 6|   2.600E+01|                 Infinity|   5.9339082909692663E-02|        284|
 6|   2.800E+01|                 Infinity|   7.1981575074869450E-02|        193|
 6|   3.000E+01|                 Infinity|   1.3867504905630729E-01|         52|
 6|   3.200E+01|                 Infinity|   1.4285714285714285E-01|         49|
 6|   3.400E+01|                 Infinity|   1.3018891098082389E-01|         59|
 6|   3.600E+01|                 Infinity|   3.0151134457776363E-01|         11|
 6|   3.800E+01|                 Infinity|   3.0151134457776363E-01|         11|
 6|   4.000E+01|                 Infinity|   2.8867513459481292E-01|         12|
 6|   4.200E+01|                 Infinity|   2.1320071635561041E-01|         22|
 6|   4.400E+01|                 Infinity|   2.8867513459481292E-01|         12|
 6|   4.600E+01|                 Infinity|   2.6726124191242440E-01|         14|
 6|   4.800E+01|                 Infinity|   2.0000000000000001E-01|         25|
 6|   5.000E+01|                 Infinity|   2.1320071635561041E-01|         22|
 6|   5.200E+01|                 Infinity|   2.5000000000000000E-01|         16|
 6|   5.400E+01|                 Infinity|   2.0412414523193154E-01|         24|
 6|   5.600E+01|                 Infinity|   1.6903085094570330E-01|         35|
 6|   5.800E+01|                 Infinity|   1.7677669529663687E-01|         32|
 6|   6.000E+01|                 Infinity|   1.6666666666666666E-01|         36|
 6|   6.200E+01|                 Infinity|   1.6666666666666666E-01|         36|
 6|   6.400E+01|                 Infinity|   1.4433756729740646E-01|         48|
 6|   6.600E+01|                 Infinity|   1.5075567228888181E-01|         44|
 6|   6.800E+01|                 Infinity|   1.8257418583505536E-01|         30|
 6|   7.000E+01|                 Infinity|   1.7960530202677491E-01|         31|
 6|   7.200E+01|                 Infinity|   1.5430334996209191E-01|         42|
 6|   7.400E+01|                 Infinity|   1.5430334996209191E-01|         42|
 6|   7.600E+01|                 Infinity|   1.4002800840280097E-01|         51|
 6|   7.800E+01|                 Infinity|   1.4907119849998599E-01|         45|
 6|   8.000E+01|                 Infinity|   7.6696498884737035E-02|        170|
 6|   8.200E+01|                 Infinity|   4.9266463908214660E-02|        412|
 6|   8.400E+01|                 Infinity|   5.9339082909692663E-02|        284|
 6|   8.600E+01|                 Infinity|   4.8737017882857933E-02|        421|
 6|   8.800E+01|                 Infinity|   2.6621743403250103E-02|       1411|
 6|   9.000E+01|                 Infinity|   1.2722605123424140E-02|       6178|
 6|   9.200E+01|                 Infinity|   2.5949964805384102E-02|       1485|
 6|   9.400E+01|                 Infinity|   4.3478260869565216E-02|        529|
 6|   9.600E+01|                 Infinity|   5.2414241836095915E-02|        364|
 6|   9.800E+01|                 Infinity|   8.8735650941611385E-02|        127|
 6|   1.000E+02|                 Infinity|   9.8058067569092022E-02|        104|
 6|   1.020E+02|                 Infinity|   9.0166963466743230E-02|        123|
 6|   1.040E+02|                 Infinity|   1.3245323570650439E-01|         57|
 6|   1.060E+02|                 Infinity|   1.5075567228888181E-01|         44|
 6|   1.080E+02|                 Infinity|   2.2360679774997896E-01|         20|
 6|   1.100E+02|                 Infinity|   3.3333333333333331E-01|          9|
 6|   1.120E+02|                 Infinity|   7.0710678118654746E-01|          2|
 6|   1.140E+02|                 Infinity|   5.0000000000000000E-01|          4|
 6|   1.160E+02|                 Infinity|   5.0000000000000000E-01|          4|
 6|   1.180E+02|                      NaN|   0.0000000000000000E+00|          0|
 6|   1.200E+02|                      NaN|   0.0000000000000000E+00|          0|
 6|   1.220E+02|                      NaN|   0.0000000000000000E+00|          0|
 6|   1.240E+02|                      NaN|   0.0000000000000000E+00|          0|
 6|   1.260E+02|                      NaN|   0.0000000000000000E+00|          0|
 6|   1.280E+02|                      NaN|   0.0000000000000000E+00|          0|
 6|   1.300E+02|                      NaN|   0.0000000000000000E+00|          0|
 6|   1.320E+02|                      NaN|   0.0000000000000000E+00|          0|
 6|   1.340E+02|                      NaN|   0.0000000000000000E+00|          0|
 6|   1.360E+02|                      NaN|   0.0000000000000000E+00|          0|
 6|   1.380E+02|                      NaN|   0.0000000000000000E+00|          0|
 6|   1.400E+02|                      NaN|   0.0000000000000000E+00|          0|
 6|   1.420E+02|                      NaN|   0.0000000000000000E+00|          0|
 6|   1.440E+02|                      NaN|   0.0000000000000000E+00|          0|
 6|   1.460E+02|                      NaN|   0.0000000000000000E+00|          0|
 6|   1.480E+02|                      NaN|   0.0000000000000000E+00|          0|
 6|   1.500E+02|                      NaN|   0.0000000000000000E+00|          0|
 6|   1.520E+02|                      NaN|   0.0000000000000000E+00|          0|
 6|   1.540E+02|                      NaN|   0.0000000000000000E+00|          0|
 6|   1.560E+02|                      NaN|   0.0000000000000000E+00|          0|
 6|   1.580E+02|                      NaN|   0.0000000000000000E+00|          0|
 6|   1.600E+02|                      NaN|   0.0000000000000000E+00|          0|
 6|   1.620E+02|                      NaN|   0.0000000000000000E+00|          0|
 6|   1.640E+02|                      NaN|   0.0000000000000000E+00|          0|
 6|   1.660E+02|                      NaN|   0.0000000000000000E+00|          0|
 6|   1.680E+02|                      NaN|   0.0000000000000000E+00|          0|
 6|   1.700E+02|                      NaN|   0.0000000000000000E+00|          0|
 6|   1.720E+02|                      NaN|   0.0000000000000000E+00|          0|
 6|   1.740E+02|                      NaN|   0.0000000000000000E+00|          0|
 6|   1.760E+02|                      NaN|   0.0000000000000000E+00|          0|
 6|   1.780E+02|                      NaN|   0.0000000000000000E+00|          0|
 6|   1.800E+02|                      NaN|   0.0000000000000000E+00|          0|
 6|   1.820E+02|                      NaN|   0.0000000000000000E+00|          0|
 6|   1.840E+02|                      NaN|   0.0000000000000000E+00|          0|
 6|   1.860E+02|                      NaN|   0.0000000000000000E+00|          0|
 6|   1.880E+02|                      NaN|   0.0000000000000000E+00|          0|
 6|   1.900E+02|                      NaN|   0.0000000000000000E+00|          0|
 6|   1.920E+02|                      NaN|   0.0000000000000000E+00|          0|
 6|   1.940E+02|                      NaN|   0.0000000000000000E+00|          0|
 6|   1.960E+02|                      NaN|   0.0000000000000000E+00|          0|
 6|   1.980E+02|                      NaN|   0.0000000000000000E+00|          0|
# integrated result:   8.8378596201078931E-07
#
# Histogram 7: mz2                                               
 7|   0.000E+00|                      NaN|   0.0000000000000000E+00|          0|
 7|   2.000E+00|                      NaN|   0.0000000000000000E+00|          0|
 7|   4.000E+00|                 Infinity|   3.2124628310161780E-02|        969|
 7|   6.000E+00|                 Infinity|   3.5578403348241000E-02|        790|
 7|   8.000E+00|                 Infinity|   4.0858892322271849E-02|        599|
 7|   1.000E+01|                 Infinity|   3.7742567804819861E-02|        702|
 7|   1.200E+01|                 Infinity|   2.8819520885211749E-02|       1204|
 7|   1.400E+01|                 Infinity|   3.4179296351233165E-02|        856|
 7|   1.600E+01|                 Infinity|   2.3802777946288958E-02|       1765|
 7|   1.800E+01|                 Infinity|   3.9746431675858215E-02|        633|
 7|   2.000E+01|                 Infinity|   3.5355339059327376E-02|        800|
 7|   2.200E+01|                 Infinity|   4.0756957296961119E-02|        602|
 7|   2.400E+01|                 Infinity|   4.0996003084539386E-02|        595|
 7|   2.600E+01|                 Infinity|   3.5782813348225660E-02|        781|
 7|   2.800E+01|                 Infinity|   4.0555355282690636E-02|        608|
 7|   3.000E+01|                 Infinity|   4.2601432284230495E-02|        551|
 7|   3.200E+01|                 Infinity|   4.1885390829169547E-02|        570|
 7|   3.400E+01|                 Infinity|   6.5795169495976899E-02|        231|
 7|   3.600E+01|                 Infinity|   1.0259783520851541E-01|         95|
 7|   3.800E+01|                 Infinity|   1.0721125348377948E-01|         87|
 7|   4.000E+01|                 Infinity|   1.0910894511799619E-01|         84|
 7|   4.200E+01|                 Infinity|   1.3736056394868904E-01|         53|
 7|   4.400E+01|                 Infinity|   1.3736056394868904E-01|         53|
 7|   4.600E+01|                 Infinity|   1.4907119849998599E-01|         45|
 7|   4.800E+01|                 Infinity|   1.6439898730535729E-01|         37|
 7|   5.000E+01|                 Infinity|   1.6012815380508713E-01|         39|
 7|   5.200E+01|                 Infinity|   1.9611613513818404E-01|         26|
 7|   5.400E+01|                 Infinity|   2.0851441405707477E-01|         23|
 7|   5.600E+01|                 Infinity|   1.7677669529663687E-01|         32|
 7|   5.800E+01|                 Infinity|   1.6666666666666666E-01|         36|
 7|   6.000E+01|                 Infinity|   1.9245008972987526E-01|         27|
 7|   6.200E+01|                 Infinity|   2.0000000000000001E-01|         25|
 7|   6.400E+01|                 Infinity|   1.5249857033260467E-01|         43|
 7|   6.600E+01|                 Infinity|   1.3608276348795434E-01|         54|
 7|   6.800E+01|                 Infinity|   1.0599978800063600E-01|         89|
 7|   7.000E+01|                 Infinity|   6.4820372355216441E-02|        238|
 7|   7.200E+01|                 Infinity|   6.6666666666666666E-02|        225|
 7|   7.400E+01|                 Infinity|   5.8123819371909642E-02|        296|
 7|   7.600E+01|                 Infinity|   5.9028133610095526E-02|        287|
 7|   7.800E+01|                 Infinity|   3.9528470752104743E-02|        640|
 7|   8.000E+01|                 Infinity|   4.9446817643414874E-02|        409|
 7|   8.200E+01|                 Infinity|   4.4543540318737397E-02|        504|
 7|   8.400E+01|                 Infinity|   3.7662178857735470E-02|        705|
 7|   8.600E+01|                 Infinity|   3.3729162867744238E-02|        879|
 7|   8.800E+01|                 Infinity|   1.3843565587089459E-02|       5218|
 7|   9.000E+01|                 Infinity|   1.6597653257732305E-02|       3630|
 7|   9.200E+01|                 Infinity|   3.1250000000000000E-02|       1024|
 7|   9.400E+01|                 Infinity|   5.5641488407465724E-02|        323|
 7|   9.600E+01|                 Infinity|   8.7038827977848926E-02|        132|
 7|   9.800E+01|                 Infinity|   1.0425720702853739E-01|         92|
 7|   1.000E+02|                 Infinity|   1.5811388300841897E-01|         40|
 7|   1.020E+02|                 Infinity|   1.8898223650461360E-01|         28|
 7|   1.040E+02|                 Infinity|   1.8569533817705186E-01|         29|
 7|   1.060E+02|                 Infinity|   2.2360679774997896E-01|         20|
 7|   1.080E+02|                 Infinity|   3.7796447300922720E-01|          7|
 7|   1.100E+02|                 Infinity|   3.3333333333333331E-01|          9|
 7|   1.120E+02|                 Infinity|   4.4721359549995793E-01|          5|
 7|   1.140E+02|                 Infinity|   5.0000000000000000E-01|          4|
 7|   1.160E+02|                 Infinity|   1.0000000000000000E+00|          1|
 7|   1.180E+02|                      NaN|   0.0000000000000000E+00|          0|
 7|   1.200E+02|                      NaN|   0.0000000000000000E+00|          0|
 7|   1.220E+02|                      NaN|   0.0000000000000000E+00|          0|
 7|   1.240E+02|                      NaN|   0.0000000000000000E+00|          0|
 7|   1.260E+02|                      NaN|   0.0000000000000000E+00|          0|
 7|   1.280E+02|                      NaN|   0.0000000000000000E+00|          0|
 7|   1.300E+02|                      NaN|   0.0000000000000000E+00|          0|
 7|   1.320E+02|                      NaN|   0.0000000000000000E+00|          0|
 7|   1.340E+02|                      NaN|   0.0000000000000000E+00|          0|
 7|   1.360E+02|                      NaN|   0.0000000000000000E+00|          0|
 7|   1.380E+02|                      NaN|   0.0000000000000000E+00|          0|
 7|   1.400E+02|                      NaN|   0.0000000000000000E+00|          0|
 7|   1.420E+02|                      NaN|   0.0000000000000000E+00|          0|
 7|   1.440E+02|                      NaN|   0.0000000000000000E+00|          0|
 7|   1.460E+02|                      NaN|   0.0000000000000000E+00|          0|
 7|   1.480E+02|                      NaN|   0.0000000000000000E+00|          0|
 7|   1.500E+02|                      NaN|   0.0000000000000000E+00|          0|
 7|   1.520E+02|                      NaN|   0.0000000000000000E+00|          0|
 7|   1.540E+02|                      NaN|   0.0000000000000000E+00|          0|
 7|   1.560E+02|                      NaN|   0.0000000000000000E+00|          0|
 7|   1.580E+02|                      NaN|   0.0000000000000000E+00|          0|
 7|   1.600E+02|                      NaN|   0.0000000000000000E+00|          0|
 7|   1.620E+02|                      NaN|   0.0000000000000000E+00|          0|
 7|   1.640E+02|                      NaN|   0.0000000000000000E+00|          0|
 7|   1.660E+02|                      NaN|   0.0000000000000000E+00|          0|
 7|   1.680E+02|                      NaN|   0.0000000000000000E+00|          0|
 7|   1.700E+02|                      NaN|   0.0000000000000000E+00|          0|
 7|   1.720E+02|                      NaN|   0.0000000000000000E+00|          0|
 7|   1.740E+02|                      NaN|   0.0000000000000000E+00|          0|
 7|   1.760E+02|                      NaN|   0.0000000000000000E+00|          0|
 7|   1.780E+02|                      NaN|   0.0000000000000000E+00|          0|
 7|   1.800E+02|                      NaN|   0.0000000000000000E+00|          0|
 7|   1.820E+02|                      NaN|   0.0000000000000000E+00|          0|
 7|   1.840E+02|                      NaN|   0.0000000000000000E+00|          0|
 7|   1.860E+02|                      NaN|   0.0000000000000000E+00|          0|
 7|   1.880E+02|                      NaN|   0.0000000000000000E+00|          0|
 7|   1.900E+02|                      NaN|   0.0000000000000000E+00|          0|
 7|   1.920E+02|                      NaN|   0.0000000000000000E+00|          0|
 7|   1.940E+02|                      NaN|   0.0000000000000000E+00|          0|
 7|   1.960E+02|                      NaN|   0.0000000000000000E+00|          0|
 7|   1.980E+02|                      NaN|   0.0000000000000000E+00|          0|
# integrated result:   8.8378596201078921E-07
#
# Histogram 8: m_4l                                              
 8|   1.000E+02|                 Infinity|   5.9923227601817756E-03|      27849|
 8|   1.400E+02|                      NaN|   0.0000000000000000E+00|          0|
 8|   1.800E+02|                      NaN|   0.0000000000000000E+00|          0|
 8|   2.200E+02|                      NaN|   0.0000000000000000E+00|          0|
 8|   2.600E+02|                      NaN|   0.0000000000000000E+00|          0|
 8|   3.000E+02|                      NaN|   0.0000000000000000E+00|          0|
 8|   3.400E+02|                      NaN|   0.0000000000000000E+00|          0|
 8|   3.800E+02|                      NaN|   0.0000000000000000E+00|          0|
 8|   4.200E+02|                      NaN|   0.0000000000000000E+00|          0|
 8|   4.600E+02|                      NaN|   0.0000000000000000E+00|          0|
 8|   5.000E+02|                      NaN|   0.0000000000000000E+00|          0|
 8|   5.400E+02|                      NaN|   0.0000000000000000E+00|          0|
 8|   5.800E+02|                      NaN|   0.0000000000000000E+00|          0|
 8|   6.200E+02|                      NaN|   0.0000000000000000E+00|          0|
 8|   6.600E+02|                      NaN|   0.0000000000000000E+00|          0|
 8|   7.000E+02|                      NaN|   0.0000000000000000E+00|          0|
 8|   7.400E+02|                      NaN|   0.0000000000000000E+00|          0|
 8|   7.800E+02|                      NaN|   0.0000000000000000E+00|          0|
 8|   8.200E+02|                      NaN|   0.0000000000000000E+00|          0|
 8|   8.600E+02|                      NaN|   0.0000000000000000E+00|          0|
 8|   9.000E+02|                      NaN|   0.0000000000000000E+00|          0|
 8|   9.400E+02|                      NaN|   0.0000000000000000E+00|          0|
 8|   9.800E+02|                      NaN|   0.0000000000000000E+00|          0|
 8|   1.020E+03|                      NaN|   0.0000000000000000E+00|          0|
 8|   1.060E+03|                      NaN|   0.0000000000000000E+00|          0|
 8|   1.100E+03|                      NaN|   0.0000000000000000E+00|          0|
 8|   1.140E+03|                      NaN|   0.0000000000000000E+00|          0|
 8|   1.180E+03|                      NaN|   0.0000000000000000E+00|          0|
 8|   1.220E+03|                      NaN|   0.0000000000000000E+00|          0|
 8|   1.260E+03|                      NaN|   0.0000000000000000E+00|          0|
 8|   1.300E+03|                      NaN|   0.0000000000000000E+00|          0|
 8|   1.340E+03|                      NaN|   0.0000000000000000E+00|          0|
 8|   1.380E+03|                      NaN|   0.0000000000000000E+00|          0|
 8|   1.420E+03|                      NaN|   0.0000000000000000E+00|          0|
 8|   1.460E+03|                      NaN|   0.0000000000000000E+00|          0|
 8|   1.500E+03|                      NaN|   0.0000000000000000E+00|          0|
 8|   1.540E+03|                      NaN|   0.0000000000000000E+00|          0|
 8|   1.580E+03|                      NaN|   0.0000000000000000E+00|          0|
 8|   1.620E+03|                      NaN|   0.0000000000000000E+00|          0|
 8|   1.660E+03|                      NaN|   0.0000000000000000E+00|          0|
 8|   1.700E+03|                      NaN|   0.0000000000000000E+00|          0|
 8|   1.740E+03|                      NaN|   0.0000000000000000E+00|          0|
 8|   1.780E+03|                      NaN|   0.0000000000000000E+00|          0|
 8|   1.820E+03|                      NaN|   0.0000000000000000E+00|          0|
 8|   1.860E+03|                      NaN|   0.0000000000000000E+00|          0|
 8|   1.900E+03|                      NaN|   0.0000000000000000E+00|          0|
 8|   1.940E+03|                      NaN|   0.0000000000000000E+00|          0|
 8|   1.980E+03|                      NaN|   0.0000000000000000E+00|          0|
 8|   2.020E+03|                      NaN|   0.0000000000000000E+00|          0|
 8|   2.060E+03|                      NaN|   0.0000000000000000E+00|          0|
 8|   2.100E+03|                      NaN|   0.0000000000000000E+00|          0|
 8|   2.140E+03|                      NaN|   0.0000000000000000E+00|          0|
 8|   2.180E+03|                      NaN|   0.0000000000000000E+00|          0|
 8|   2.220E+03|                      NaN|   0.0000000000000000E+00|          0|
 8|   2.260E+03|                      NaN|   0.0000000000000000E+00|          0|
 8|   2.300E+03|                      NaN|   0.0000000000000000E+00|          0|
 8|   2.340E+03|                      NaN|   0.0000000000000000E+00|          0|
 8|   2.380E+03|                      NaN|   0.0000000000000000E+00|          0|
 8|   2.420E+03|                      NaN|   0.0000000000000000E+00|          0|
 8|   2.460E+03|                      NaN|   0.0000000000000000E+00|          0|
 8|   2.500E+03|                      NaN|   0.0000000000000000E+00|          0|
 8|   2.540E+03|                      NaN|   0.0000000000000000E+00|          0|
 8|   2.580E+03|                      NaN|   0.0000000000000000E+00|          0|
 8|   2.620E+03|                      NaN|   0.0000000000000000E+00|          0|
 8|   2.660E+03|                      NaN|   0.0000000000000000E+00|          0|
 8|   2.700E+03|                      NaN|   0.0000000000000000E+00|          0|
 8|   2.740E+03|                      NaN|   0.0000000000000000E+00|          0|
 8|   2.780E+03|                      NaN|   0.0000000000000000E+00|          0|
 8|   2.820E+03|                      NaN|   0.0000000000000000E+00|          0|
 8|   2.860E+03|                      NaN|   0.0000000000000000E+00|          0|
 8|   2.900E+03|                      NaN|   0.0000000000000000E+00|          0|
 8|   2.940E+03|                      NaN|   0.0000000000000000E+00|          0|
 8|   2.980E+03|                      NaN|   0.0000000000000000E+00|          0|
 8|   3.020E+03|                      NaN|   0.0000000000000000E+00|          0|
 8|   3.060E+03|                      NaN|   0.0000000000000000E+00|          0|
 8|   3.100E+03|                      NaN|   0.0000000000000000E+00|          0|
 8|   3.140E+03|                      NaN|   0.0000000000000000E+00|          0|
 8|   3.180E+03|                      NaN|   0.0000000000000000E+00|          0|
 8|   3.220E+03|                      NaN|   0.0000000000000000E+00|          0|
 8|   3.260E+03|                      NaN|   0.0000000000000000E+00|          0|
 8|   3.300E+03|                      NaN|   0.0000000000000000E+00|          0|
 8|   3.340E+03|                      NaN|   0.0000000000000000E+00|          0|
 8|   3.380E+03|                      NaN|   0.0000000000000000E+00|          0|
 8|   3.420E+03|                      NaN|   0.0000000000000000E+00|          0|
 8|   3.460E+03|                      NaN|   0.0000000000000000E+00|          0|
 8|   3.500E+03|                      NaN|   0.0000000000000000E+00|          0|
 8|   3.540E+03|                      NaN|   0.0000000000000000E+00|          0|
 8|   3.580E+03|                      NaN|   0.0000000000000000E+00|          0|
 8|   3.620E+03|                      NaN|   0.0000000000000000E+00|          0|
 8|   3.660E+03|                      NaN|   0.0000000000000000E+00|          0|
 8|   3.700E+03|                      NaN|   0.0000000000000000E+00|          0|
 8|   3.740E+03|                      NaN|   0.0000000000000000E+00|          0|
 8|   3.780E+03|                      NaN|   0.0000000000000000E+00|          0|
 8|   3.820E+03|                      NaN|   0.0000000000000000E+00|          0|
 8|   3.860E+03|                      NaN|   0.0000000000000000E+00|          0|
 8|   3.900E+03|                      NaN|   0.0000000000000000E+00|          0|
 8|   3.940E+03|                      NaN|   0.0000000000000000E+00|          0|
 8|   3.980E+03|                      NaN|   0.0000000000000000E+00|          0|
 8|   4.020E+03|                      NaN|   0.0000000000000000E+00|          0|
 8|   4.060E+03|                      NaN|   0.0000000000000000E+00|          0|
# integrated result:   8.8378596201078497E-07
#
# Histogram 9: m_4l                                              
 9|   8.500E+01|                      NaN|   0.0000000000000000E+00|          0|
 9|   8.600E+01|                      NaN|   0.0000000000000000E+00|          0|
 9|   8.700E+01|                      NaN|   0.0000000000000000E+00|          0|
 9|   8.800E+01|                      NaN|   0.0000000000000000E+00|          0|
 9|   8.900E+01|                      NaN|   0.0000000000000000E+00|          0|
 9|   9.000E+01|                      NaN|   0.0000000000000000E+00|          0|
 9|   9.100E+01|                      NaN|   0.0000000000000000E+00|          0|
 9|   9.200E+01|                      NaN|   0.0000000000000000E+00|          0|
 9|   9.300E+01|                      NaN|   0.0000000000000000E+00|          0|
 9|   9.400E+01|                      NaN|   0.0000000000000000E+00|          0|
 9|   9.500E+01|                      NaN|   0.0000000000000000E+00|          0|
 9|   9.600E+01|                      NaN|   0.0000000000000000E+00|          0|
 9|   9.700E+01|                      NaN|   0.0000000000000000E+00|          0|
 9|   9.800E+01|                      NaN|   0.0000000000000000E+00|          0|
 9|   9.900E+01|                      NaN|   0.0000000000000000E+00|          0|
 9|   1.000E+02|                      NaN|   0.0000000000000000E+00|          0|
 9|   1.010E+02|                      NaN|   0.0000000000000000E+00|          0|
 9|   1.020E+02|                      NaN|   0.0000000000000000E+00|          0|
 9|   1.030E+02|                      NaN|   0.0000000000000000E+00|          0|
 9|   1.040E+02|                      NaN|   0.0000000000000000E+00|          0|
 9|   1.050E+02|                      NaN|   0.0000000000000000E+00|          0|
 9|   1.060E+02|                      NaN|   0.0000000000000000E+00|          0|
 9|   1.070E+02|                      NaN|   0.0000000000000000E+00|          0|
 9|   1.080E+02|                      NaN|   0.0000000000000000E+00|          0|
 9|   1.090E+02|                      NaN|   0.0000000000000000E+00|          0|
 9|   1.100E+02|                      NaN|   0.0000000000000000E+00|          0|
 9|   1.110E+02|                      NaN|   0.0000000000000000E+00|          0|
 9|   1.120E+02|                      NaN|   0.0000000000000000E+00|          0|
 9|   1.130E+02|                      NaN|   0.0000000000000000E+00|          0|
 9|   1.140E+02|                      NaN|   0.0000000000000000E+00|          0|
 9|   1.150E+02|                      NaN|   0.0000000000000000E+00|          0|
 9|   1.160E+02|                      NaN|   0.0000000000000000E+00|          0|
 9|   1.170E+02|                      NaN|   0.0000000000000000E+00|          0|
 9|   1.180E+02|                      NaN|   0.0000000000000000E+00|          0|
 9|   1.190E+02|                      NaN|   0.0000000000000000E+00|          0|
 9|   1.200E+02|                      NaN|   0.0000000000000000E+00|          0|
 9|   1.210E+02|                      NaN|   0.0000000000000000E+00|          0|
 9|   1.220E+02|                      NaN|   0.0000000000000000E+00|          0|
 9|   1.230E+02|                      NaN|   0.0000000000000000E+00|          0|
 9|   1.240E+02|                 Infinity|   8.7581255623452332E-03|      13037|
 9|   1.250E+02|                 Infinity|   8.2166189784614613E-03|      14812|
 9|   1.260E+02|                      NaN|   0.0000000000000000E+00|          0|
 9|   1.270E+02|                      NaN|   0.0000000000000000E+00|          0|
 9|   1.280E+02|                      NaN|   0.0000000000000000E+00|          0|
 9|   1.290E+02|                      NaN|   0.0000000000000000E+00|          0|
 9|   1.300E+02|                      NaN|   0.0000000000000000E+00|          0|
 9|   1.310E+02|                      NaN|   0.0000000000000000E+00|          0|
 9|   1.320E+02|                      NaN|   0.0000000000000000E+00|          0|
 9|   1.330E+02|                      NaN|   0.0000000000000000E+00|          0|
 9|   1.340E+02|                      NaN|   0.0000000000000000E+00|          0|
# integrated result:   8.8378596201079069E-07
#
# Histogram10: Phi1                                              
10|  -3.142E+00|                 Infinity|   4.8393391849582724E-02|        427|
10|  -2.985E+00|                 Infinity|   4.7781848256749658E-02|        438|
10|  -2.827E+00|                 Infinity|   4.7192917818300872E-02|        449|
10|  -2.670E+00|                 Infinity|   4.4632184267745179E-02|        502|
10|  -2.513E+00|                 Infinity|   4.1812100500354540E-02|        572|
10|  -2.356E+00|                 Infinity|   3.8291979053374177E-02|        682|
10|  -2.199E+00|                 Infinity|   3.5267280792929914E-02|        804|
10|  -2.042E+00|                 Infinity|   3.6297700432031385E-02|        759|
10|  -1.885E+00|                 Infinity|   3.8208035995043507E-02|        685|
10|  -1.728E+00|                 Infinity|   3.7113480951260276E-02|        726|
10|  -1.571E+00|                 Infinity|   3.6369648372665396E-02|        756|
10|  -1.414E+00|                 Infinity|   3.9163022499397869E-02|        652|
10|  -1.257E+00|                 Infinity|   3.8404768632128432E-02|        678|
10|  -1.100E+00|                 Infinity|   3.7959480900056165E-02|        694|
10|  -9.425E-01|                 Infinity|   3.6107907233705945E-02|        767|
10|  -7.854E-01|                 Infinity|   3.2478490123081544E-02|        948|
10|  -6.283E-01|                 Infinity|   3.3883707378584857E-02|        871|
10|  -4.713E-01|                 Infinity|   3.6935842757655886E-02|        733|
10|  -3.142E-01|                 Infinity|   3.8348249442368518E-02|        680|
10|  -1.571E-01|                 Infinity|   4.1239304942116126E-02|        588|
10|  -3.000E-05|                 Infinity|   4.0655781409087086E-02|        605|
10|   1.570E-01|                 Infinity|   3.7877700953928513E-02|        697|
10|   3.141E-01|                 Infinity|   3.4380708208626445E-02|        846|
10|   4.712E-01|                 Infinity|   3.1976473969553970E-02|        978|
10|   6.283E-01|                 Infinity|   3.1341957040361135E-02|       1018|
10|   7.854E-01|                 Infinity|   3.6711154910717615E-02|        742|
10|   9.424E-01|                 Infinity|   3.6393726262341948E-02|        755|
10|   1.100E+00|                 Infinity|   3.7319668543103798E-02|        718|
10|   1.257E+00|                 Infinity|   3.7555788309433985E-02|        709|
10|   1.414E+00|                 Infinity|   3.7608870722230077E-02|        707|
10|   1.571E+00|                 Infinity|   3.5533452725935076E-02|        792|
10|   1.728E+00|                 Infinity|   3.6810508691615514E-02|        738|
10|   1.885E+00|                 Infinity|   3.4668762264076822E-02|        832|
10|   2.042E+00|                 Infinity|   3.3614632272640714E-02|        885|
10|   2.199E+00|                 Infinity|   3.6131468676496206E-02|        766|
10|   2.356E+00|                 Infinity|   3.8866103716823586E-02|        662|
10|   2.513E+00|                 Infinity|   4.1486990682251118E-02|        581|
10|   2.670E+00|                 Infinity|   4.3895128130614712E-02|        519|
10|   2.827E+00|                 Infinity|   4.7036043419179864E-02|        452|
10|   2.984E+00|                 Infinity|   4.7891314261057569E-02|        436|
# integrated result:   8.8378596201078889E-07
#
