#
# column #1=histogram, #2=x-axis bin, #3=binned cross-section, #4=error, #5=number of events 
# this can be easily plotted in gnuplot with the commands:
#    NHi=3
#    plot 'output.dat' using ($2):($1==NHi ? $3 : 1/0) w st
# where NHi selects the histogram
#
#
# run time =      -0.06min
# TotCS =      3.3958659524E-07           1.30938E-07
#
# Histogram 1: m_jj                                              
 1|   0.000E+00|                 Infinity|   2.8149476494978783E-02|       1262|
 1|   5.000E+01|                 Infinity|   1.3136306707967735E-02|       5795|
 1|   1.000E+02|                 Infinity|   1.3666610481827953E-02|       5354|
 1|   1.500E+02|                 Infinity|   1.5218038588185883E-02|       4318|
 1|   2.000E+02|                 Infinity|   1.7402492911639783E-02|       3302|
 1|   2.500E+02|                 Infinity|   2.1662485007196228E-02|       2131|
 1|   3.000E+02|                 Infinity|   2.7186362391351842E-02|       1353|
 1|   3.500E+02|                 Infinity|   3.2174472604389340E-02|        966|
 1|   4.000E+02|                 Infinity|   3.9043440472151518E-02|        656|
 1|   4.500E+02|                 Infinity|   4.7245559126153400E-02|        448|
 1|   5.000E+02|                 Infinity|   5.4635836470815310E-02|        335|
 1|   5.500E+02|                 Infinity|   6.2136976600120006E-02|        259|
 1|   6.000E+02|                 Infinity|   7.0359754473029182E-02|        202|
 1|   6.500E+02|                 Infinity|   8.2478609884232251E-02|        147|
 1|   7.000E+02|                 Infinity|   1.0153461651336192E-01|         97|
 1|   7.500E+02|                 Infinity|   1.0910894511799619E-01|         84|
 1|   8.000E+02|                 Infinity|   1.3245323570650439E-01|         57|
 1|   8.500E+02|                 Infinity|   1.6222142113076254E-01|         38|
 1|   9.000E+02|                 Infinity|   1.5617376188860607E-01|         41|
 1|   9.500E+02|                 Infinity|   1.7677669529663687E-01|         32|
 1|   1.000E+03|                 Infinity|   2.0412414523193154E-01|         24|
 1|   1.050E+03|                 Infinity|   2.4253562503633297E-01|         17|
 1|   1.100E+03|                 Infinity|   2.1320071635561041E-01|         22|
 1|   1.150E+03|                 Infinity|   3.7796447300922720E-01|          7|
 1|   1.200E+03|                 Infinity|   3.3333333333333331E-01|          9|
 1|   1.250E+03|                 Infinity|   3.7796447300922720E-01|          7|
 1|   1.300E+03|                 Infinity|   7.0710678118654746E-01|          2|
 1|   1.350E+03|                 Infinity|   7.0710678118654746E-01|          2|
 1|   1.400E+03|                 Infinity|   3.0151134457776363E-01|         11|
 1|   1.450E+03|                 Infinity|   1.0000000000000000E+00|          1|
 1|   1.500E+03|                      NaN|   0.0000000000000000E+00|          0|
 1|   1.550E+03|                 Infinity|   1.0000000000000000E+00|          1|
 1|   1.600E+03|                      NaN|   0.0000000000000000E+00|          0|
 1|   1.650E+03|                 Infinity|   7.0710678118654746E-01|          2|
 1|   1.700E+03|                      NaN|   0.0000000000000000E+00|          0|
 1|   1.750E+03|                 Infinity|   7.0710678118654746E-01|          2|
 1|   1.800E+03|                 Infinity|   1.0000000000000000E+00|          1|
 1|   1.850E+03|                 Infinity|   1.0000000000000000E+00|          1|
 1|   1.900E+03|                      NaN|   0.0000000000000000E+00|          0|
 1|   1.950E+03|                      NaN|   0.0000000000000000E+00|          0|
 1|   2.000E+03|                 Infinity|   1.0000000000000000E+00|          1|
 1|   2.050E+03|                 Infinity|   1.0000000000000000E+00|          1|
 1|   2.100E+03|                      NaN|   0.0000000000000000E+00|          0|
 1|   2.150E+03|                      NaN|   0.0000000000000000E+00|          0|
 1|   2.200E+03|                 Infinity|   1.0000000000000000E+00|          1|
 1|   2.250E+03|                      NaN|   0.0000000000000000E+00|          0|
 1|   2.300E+03|                      NaN|   0.0000000000000000E+00|          0|
 1|   2.350E+03|                      NaN|   0.0000000000000000E+00|          0|
 1|   2.400E+03|                      NaN|   0.0000000000000000E+00|          0|
 1|   2.450E+03|                      NaN|   0.0000000000000000E+00|          0|
 1|   2.500E+03|                      NaN|   0.0000000000000000E+00|          0|
 1|   2.550E+03|                 Infinity|   7.0710678118654746E-01|          2|
 1|   2.600E+03|                      NaN|   0.0000000000000000E+00|          0|
 1|   2.650E+03|                 Infinity|   7.0710678118654746E-01|          2|
 1|   2.700E+03|                      NaN|   0.0000000000000000E+00|          0|
 1|   2.750E+03|                      NaN|   0.0000000000000000E+00|          0|
 1|   2.800E+03|                 Infinity|   1.0000000000000000E+00|          1|
 1|   2.850E+03|                      NaN|   0.0000000000000000E+00|          0|
 1|   2.900E+03|                      NaN|   0.0000000000000000E+00|          0|
 1|   2.950E+03|                      NaN|   0.0000000000000000E+00|          0|
 1|   3.000E+03|                      NaN|   0.0000000000000000E+00|          0|
 1|   3.050E+03|                      NaN|   0.0000000000000000E+00|          0|
 1|   3.100E+03|                      NaN|   0.0000000000000000E+00|          0|
 1|   3.150E+03|                      NaN|   0.0000000000000000E+00|          0|
 1|   3.200E+03|                 Infinity|   1.0000000000000000E+00|          1|
 1|   3.250E+03|                      NaN|   0.0000000000000000E+00|          0|
 1|   3.300E+03|                      NaN|   0.0000000000000000E+00|          0|
 1|   3.350E+03|                 Infinity|   1.0000000000000000E+00|          1|
 1|   3.400E+03|                      NaN|   0.0000000000000000E+00|          0|
 1|   3.450E+03|                      NaN|   0.0000000000000000E+00|          0|
 1|   3.500E+03|                      NaN|   0.0000000000000000E+00|          0|
 1|   3.550E+03|                      NaN|   0.0000000000000000E+00|          0|
 1|   3.600E+03|                      NaN|   0.0000000000000000E+00|          0|
 1|   3.650E+03|                      NaN|   0.0000000000000000E+00|          0|
 1|   3.700E+03|                      NaN|   0.0000000000000000E+00|          0|
 1|   3.750E+03|                      NaN|   0.0000000000000000E+00|          0|
 1|   3.800E+03|                      NaN|   0.0000000000000000E+00|          0|
 1|   3.850E+03|                      NaN|   0.0000000000000000E+00|          0|
 1|   3.900E+03|                      NaN|   0.0000000000000000E+00|          0|
 1|   3.950E+03|                      NaN|   0.0000000000000000E+00|          0|
 1|   4.000E+03|                      NaN|   0.0000000000000000E+00|          0|
 1|   4.050E+03|                      NaN|   0.0000000000000000E+00|          0|
 1|   4.100E+03|                      NaN|   0.0000000000000000E+00|          0|
 1|   4.150E+03|                      NaN|   0.0000000000000000E+00|          0|
 1|   4.200E+03|                      NaN|   0.0000000000000000E+00|          0|
 1|   4.250E+03|                      NaN|   0.0000000000000000E+00|          0|
 1|   4.300E+03|                      NaN|   0.0000000000000000E+00|          0|
 1|   4.350E+03|                      NaN|   0.0000000000000000E+00|          0|
 1|   4.400E+03|                      NaN|   0.0000000000000000E+00|          0|
 1|   4.450E+03|                      NaN|   0.0000000000000000E+00|          0|
 1|   4.500E+03|                      NaN|   0.0000000000000000E+00|          0|
 1|   4.550E+03|                      NaN|   0.0000000000000000E+00|          0|
 1|   4.600E+03|                      NaN|   0.0000000000000000E+00|          0|
 1|   4.650E+03|                      NaN|   0.0000000000000000E+00|          0|
 1|   4.700E+03|                      NaN|   0.0000000000000000E+00|          0|
 1|   4.750E+03|                      NaN|   0.0000000000000000E+00|          0|
 1|   4.800E+03|                      NaN|   0.0000000000000000E+00|          0|
 1|   4.850E+03|                      NaN|   0.0000000000000000E+00|          0|
 1|   4.900E+03|                      NaN|   0.0000000000000000E+00|          0|
 1|   4.950E+03|                      NaN|   0.0000000000000000E+00|          0|
# integrated result:   3.3958659524252625E-07
#
# Histogram 2: m_jj                                              
 2|   0.000E+00|                      NaN|   0.0000000000000000E+00|          0|
 2|   2.000E+00|                      NaN|   0.0000000000000000E+00|          0|
 2|   4.000E+00|                      NaN|   0.0000000000000000E+00|          0|
 2|   6.000E+00|                      NaN|   0.0000000000000000E+00|          0|
 2|   8.000E+00|                      NaN|   0.0000000000000000E+00|          0|
 2|   1.000E+01|                      NaN|   0.0000000000000000E+00|          0|
 2|   1.200E+01|                      NaN|   0.0000000000000000E+00|          0|
 2|   1.400E+01|                      NaN|   0.0000000000000000E+00|          0|
 2|   1.600E+01|                      NaN|   0.0000000000000000E+00|          0|
 2|   1.800E+01|                      NaN|   0.0000000000000000E+00|          0|
 2|   2.000E+01|                      NaN|   0.0000000000000000E+00|          0|
 2|   2.200E+01|                      NaN|   0.0000000000000000E+00|          0|
 2|   2.400E+01|                      NaN|   0.0000000000000000E+00|          0|
 2|   2.600E+01|                      NaN|   0.0000000000000000E+00|          0|
 2|   2.800E+01|                      NaN|   0.0000000000000000E+00|          0|
 2|   3.000E+01|                 Infinity|   1.1396057645963795E-01|         77|
 2|   3.200E+01|                 Infinity|   1.2216944435630522E-01|         67|
 2|   3.400E+01|                 Infinity|   1.0314212462587934E-01|         94|
 2|   3.600E+01|                 Infinity|   1.0153461651336192E-01|         97|
 2|   3.800E+01|                 Infinity|   8.3624201000709081E-02|        143|
 2|   4.000E+01|                 Infinity|   9.3658581158169399E-02|        114|
 2|   4.200E+01|                 Infinity|   7.8811040623910061E-02|        161|
 2|   4.400E+01|                 Infinity|   7.8326044998795738E-02|        163|
 2|   4.600E+01|                 Infinity|   7.5809804357890337E-02|        174|
 2|   4.800E+01|                 Infinity|   7.6249285166302333E-02|        172|
 2|   5.000E+01|                 Infinity|   7.2357460529242162E-02|        191|
 2|   5.200E+01|                 Infinity|   6.8041381743977170E-02|        216|
 2|   5.400E+01|                 Infinity|   7.3127242412713067E-02|        187|
 2|   5.600E+01|                 Infinity|   6.5512178208041838E-02|        233|
 2|   5.800E+01|                 Infinity|   6.4956980246163087E-02|        237|
 2|   6.000E+01|                 Infinity|   6.9673301429161769E-02|        206|
 2|   6.200E+01|                 Infinity|   6.6081860045508978E-02|        229|
 2|   6.400E+01|                 Infinity|   6.5795169495976899E-02|        231|
 2|   6.600E+01|                 Infinity|   6.5795169495976899E-02|        231|
 2|   6.800E+01|                 Infinity|   6.3500063500095252E-02|        248|
 2|   7.000E+01|                 Infinity|   6.3245553203367583E-02|        250|
 2|   7.200E+01|                 Infinity|   6.6081860045508978E-02|        229|
 2|   7.400E+01|                 Infinity|   6.5512178208041838E-02|        233|
 2|   7.600E+01|                 Infinity|   6.0522753266880246E-02|        273|
 2|   7.800E+01|                 Infinity|   6.3245553203367583E-02|        250|
 2|   8.000E+01|                 Infinity|   6.4820372355216441E-02|        238|
 2|   8.200E+01|                 Infinity|   6.6519010523773930E-02|        226|
 2|   8.400E+01|                 Infinity|   6.3119440309780311E-02|        251|
 2|   8.600E+01|                 Infinity|   6.3887656499993992E-02|        245|
 2|   8.800E+01|                 Infinity|   6.4684622735315084E-02|        239|
 2|   9.000E+01|                 Infinity|   6.5372045046061339E-02|        234|
 2|   9.200E+01|                 Infinity|   6.4150029909958411E-02|        243|
 2|   9.400E+01|                 Infinity|   6.7115605521402430E-02|        222|
 2|   9.600E+01|                 Infinity|   6.6372331159997203E-02|        227|
 2|   9.800E+01|                 Infinity|   6.6519010523773930E-02|        226|
 2|   1.000E+02|                 Infinity|   6.4150029909958411E-02|        243|
 2|   1.020E+02|                 Infinity|   6.8358592702466331E-02|        214|
 2|   1.040E+02|                 Infinity|   6.6519010523773930E-02|        226|
 2|   1.060E+02|                 Infinity|   6.5653216429861272E-02|        232|
 2|   1.080E+02|                 Infinity|   6.9171446386607466E-02|        209|
 2|   1.100E+02|                 Infinity|   6.8358592702466331E-02|        214|
 2|   1.120E+02|                 Infinity|   6.7419986246324212E-02|        220|
 2|   1.140E+02|                 Infinity|   6.2257280636469035E-02|        258|
 2|   1.160E+02|                 Infinity|   6.5232807305344226E-02|        235|
 2|   1.180E+02|                 Infinity|   6.7884423330213065E-02|        217|
 2|   1.200E+02|                 Infinity|   6.9673301429161769E-02|        206|
 2|   1.220E+02|                 Infinity|   6.9171446386607466E-02|        209|
 2|   1.240E+02|                 Infinity|   6.6081860045508978E-02|        229|
 2|   1.260E+02|                 Infinity|   7.1066905451870152E-02|        198|
 2|   1.280E+02|                 Infinity|   6.7419986246324212E-02|        220|
 2|   1.300E+02|                 Infinity|   7.3127242412713067E-02|        187|
 2|   1.320E+02|                 Infinity|   7.2739296745330792E-02|        189|
 2|   1.340E+02|                 Infinity|   7.0710678118654752E-02|        200|
 2|   1.360E+02|                 Infinity|   6.9673301429161769E-02|        206|
 2|   1.380E+02|                 Infinity|   7.1795815861773818E-02|        194|
 2|   1.400E+02|                 Infinity|   6.9673301429161769E-02|        206|
 2|   1.420E+02|                 Infinity|   7.1247049987909650E-02|        197|
 2|   1.440E+02|                 Infinity|   6.8358592702466331E-02|        214|
 2|   1.460E+02|                 Infinity|   6.7419986246324212E-02|        220|
 2|   1.480E+02|                 Infinity|   6.8842839082151427E-02|        211|
 2|   1.500E+02|                 Infinity|   7.1428571428571425E-02|        196|
 2|   1.520E+02|                 Infinity|   7.1981575074869450E-02|        193|
 2|   1.540E+02|                 Infinity|   7.1981575074869450E-02|        193|
 2|   1.560E+02|                 Infinity|   6.7728546147859642E-02|        218|
 2|   1.580E+02|                 Infinity|   6.7728546147859642E-02|        218|
 2|   1.600E+02|                 Infinity|   7.3922127095457285E-02|        183|
 2|   1.620E+02|                 Infinity|   7.1428571428571425E-02|        196|
 2|   1.640E+02|                 Infinity|   7.1981575074869450E-02|        193|
 2|   1.660E+02|                 Infinity|   7.4329414624716636E-02|        181|
 2|   1.680E+02|                 Infinity|   7.9808688446762213E-02|        157|
 2|   1.700E+02|                 Infinity|   7.4953168899586142E-02|        178|
 2|   1.720E+02|                 Infinity|   8.2199493652678646E-02|        148|
 2|   1.740E+02|                 Infinity|   7.3922127095457285E-02|        183|
 2|   1.760E+02|                 Infinity|   7.8811040623910061E-02|        161|
 2|   1.780E+02|                 Infinity|   7.5809804357890337E-02|        174|
 2|   1.800E+02|                 Infinity|   8.0064076902543566E-02|        156|
 2|   1.820E+02|                 Infinity|   7.6696498884737035E-02|        170|
 2|   1.840E+02|                 Infinity|   7.9305158571814416E-02|        159|
 2|   1.860E+02|                 Infinity|   8.4215192106651904E-02|        141|
 2|   1.880E+02|                 Infinity|   8.4215192106651904E-02|        141|
 2|   1.900E+02|                 Infinity|   7.3922127095457285E-02|        183|
 2|   1.920E+02|                 Infinity|   8.3333333333333329E-02|        144|
 2|   1.940E+02|                 Infinity|   8.0582296402538028E-02|        154|
 2|   1.960E+02|                 Infinity|   8.3333333333333329E-02|        144|
 2|   1.980E+02|                 Infinity|   8.0582296402538028E-02|        154|
# integrated result:   3.3958659524252572E-07
#
# Histogram 3: pT(H)                                             
 3|   0.000E+00|                 Infinity|   2.4992191160203070E-02|       1601|
 3|   1.000E+01|                 Infinity|   1.8841113964807383E-02|       2817|
 3|   2.000E+01|                 Infinity|   1.9495733338247299E-02|       2631|
 3|   3.000E+01|                 Infinity|   2.0779290873084565E-02|       2316|
 3|   4.000E+01|                 Infinity|   2.1147746721890678E-02|       2236|
 3|   5.000E+01|                 Infinity|   2.2977882942966148E-02|       1894|
 3|   6.000E+01|                 Infinity|   2.4723408821707437E-02|       1636|
 3|   7.000E+01|                 Infinity|   2.6126497213658208E-02|       1465|
 3|   8.000E+01|                 Infinity|   2.8455519661223609E-02|       1235|
 3|   9.000E+01|                 Infinity|   3.0542361089076306E-02|       1072|
 3|   1.000E+02|                 Infinity|   3.1766046899489794E-02|        991|
 3|   1.100E+02|                 Infinity|   3.4503277967117711E-02|        840|
 3|   1.200E+02|                 Infinity|   3.4773407121036048E-02|        827|
 3|   1.300E+02|                 Infinity|   3.7345684348663553E-02|        717|
 3|   1.400E+02|                 Infinity|   4.1996052556580801E-02|        567|
 3|   1.500E+02|                 Infinity|   4.3314808182420998E-02|        533|
 3|   1.600E+02|                 Infinity|   4.7836487323493986E-02|        437|
 3|   1.700E+02|                 Infinity|   5.0767308256680958E-02|        388|
 3|   1.800E+02|                 Infinity|   5.5384877562171128E-02|        326|
 3|   1.900E+02|                 Infinity|   5.9028133610095526E-02|        287|
 3|   2.000E+02|                 Infinity|   6.2378286155180533E-02|        257|
 3|   2.100E+02|                 Infinity|   7.0888120500833582E-02|        199|
 3|   2.200E+02|                 Infinity|   7.4743509275193590E-02|        179|
 3|   2.300E+02|                 Infinity|   8.0321932890249886E-02|        155|
 3|   2.400E+02|                 Infinity|   8.4818892967997092E-02|        139|
 3|   2.500E+02|                 Infinity|   8.4818892967997092E-02|        139|
 3|   2.600E+02|                 Infinity|   9.5346258924559238E-02|        110|
 3|   2.700E+02|                 Infinity|   8.9087080637474794E-02|        126|
 3|   2.800E+02|                 Infinity|   1.0976425998969035E-01|         83|
 3|   2.900E+02|                 Infinity|   1.1322770341445956E-01|         78|
 3|   3.000E+02|                 Infinity|   1.1952286093343936E-01|         70|
 3|   3.100E+02|                 Infinity|   1.1396057645963795E-01|         77|
 3|   3.200E+02|                 Infinity|   1.3608276348795434E-01|         54|
 3|   3.300E+02|                 Infinity|   1.5249857033260467E-01|         43|
 3|   3.400E+02|                 Infinity|   1.5617376188860607E-01|         41|
 3|   3.500E+02|                 Infinity|   1.8257418583505536E-01|         30|
 3|   3.600E+02|                 Infinity|   1.5075567228888181E-01|         44|
 3|   3.700E+02|                 Infinity|   1.7407765595569785E-01|         33|
 3|   3.800E+02|                 Infinity|   1.6666666666666666E-01|         36|
 3|   3.900E+02|                 Infinity|   1.8569533817705186E-01|         29|
 3|   4.000E+02|                 Infinity|   1.8898223650461360E-01|         28|
 3|   4.100E+02|                 Infinity|   2.3570226039551587E-01|         18|
 3|   4.200E+02|                 Infinity|   2.6726124191242440E-01|         14|
 3|   4.300E+02|                 Infinity|   2.8867513459481292E-01|         12|
 3|   4.400E+02|                 Infinity|   2.5819888974716110E-01|         15|
 3|   4.500E+02|                 Infinity|   2.4253562503633297E-01|         17|
 3|   4.600E+02|                 Infinity|   2.7735009811261457E-01|         13|
 3|   4.700E+02|                 Infinity|   2.2360679774997896E-01|         20|
 3|   4.800E+02|                 Infinity|   3.7796447300922720E-01|          7|
 3|   4.900E+02|                 Infinity|   2.8867513459481292E-01|         12|
# integrated result:   3.3958659524252615E-07
#
# Histogram 4: pT(j1)                                            
 4|   0.000E+00|                      NaN|   0.0000000000000000E+00|          0|
 4|   1.000E+01|                 Infinity|   6.8199433947047347E-02|        215|
 4|   2.000E+01|                 Infinity|   2.5725733587791941E-02|       1511|
 4|   3.000E+01|                 Infinity|   2.0810764446485861E-02|       2309|
 4|   4.000E+01|                 Infinity|   2.0681295814776020E-02|       2338|
 4|   5.000E+01|                 Infinity|   2.1329769189683427E-02|       2198|
 4|   6.000E+01|                 Infinity|   2.1873931962990357E-02|       2090|
 4|   7.000E+01|                 Infinity|   2.3363465675799888E-02|       1832|
 4|   8.000E+01|                 Infinity|   2.4021532944603168E-02|       1733|
 4|   9.000E+01|                 Infinity|   2.5213645282964960E-02|       1573|
 4|   1.000E+02|                 Infinity|   2.6162237992630243E-02|       1461|
 4|   1.100E+02|                 Infinity|   2.8104971365967134E-02|       1266|
 4|   1.200E+02|                 Infinity|   2.9630442547297988E-02|       1139|
 4|   1.300E+02|                 Infinity|   3.1766046899489794E-02|        991|
 4|   1.400E+02|                 Infinity|   3.4752402342845795E-02|        828|
 4|   1.500E+02|                 Infinity|   3.8014296063485276E-02|        692|
 4|   1.600E+02|                 Infinity|   4.0927275453502901E-02|        597|
 4|   1.700E+02|                 Infinity|   4.2257712736425826E-02|        560|
 4|   1.800E+02|                 Infinity|   4.7511433814557989E-02|        443|
 4|   1.900E+02|                 Infinity|   5.1778037307849772E-02|        373|
 4|   2.000E+02|                 Infinity|   5.4392829322042119E-02|        338|
 4|   2.100E+02|                 Infinity|   6.0302268915552716E-02|        275|
 4|   2.200E+02|                 Infinity|   6.4684622735315084E-02|        239|
 4|   2.300E+02|                 Infinity|   6.7115605521402430E-02|        222|
 4|   2.400E+02|                 Infinity|   7.3922127095457285E-02|        183|
 4|   2.500E+02|                 Infinity|   7.8326044998795738E-02|        163|
 4|   2.600E+02|                 Infinity|   8.6710996952411995E-02|        133|
 4|   2.700E+02|                 Infinity|   8.5125653075874858E-02|        138|
 4|   2.800E+02|                 Infinity|   9.8058067569092022E-02|        104|
 4|   2.900E+02|                 Infinity|   8.9802651013387455E-02|        124|
 4|   3.000E+02|                 Infinity|   1.1111111111111110E-01|         81|
 4|   3.100E+02|                 Infinity|   1.1043152607484653E-01|         82|
 4|   3.200E+02|                 Infinity|   1.1867816581938533E-01|         71|
 4|   3.300E+02|                 Infinity|   1.1704114719613057E-01|         73|
 4|   3.400E+02|                 Infinity|   1.2598815766974239E-01|         63|
 4|   3.500E+02|                 Infinity|   1.2403473458920847E-01|         65|
 4|   3.600E+02|                 Infinity|   1.5249857033260467E-01|         43|
 4|   3.700E+02|                 Infinity|   1.5430334996209191E-01|         42|
 4|   3.800E+02|                 Infinity|   1.4285714285714285E-01|         49|
 4|   3.900E+02|                 Infinity|   1.7960530202677491E-01|         31|
 4|   4.000E+02|                 Infinity|   1.7149858514250882E-01|         34|
 4|   4.100E+02|                 Infinity|   2.0412414523193154E-01|         24|
 4|   4.200E+02|                 Infinity|   1.8898223650461360E-01|         28|
 4|   4.300E+02|                 Infinity|   2.2941573387056174E-01|         19|
 4|   4.400E+02|                 Infinity|   2.0851441405707477E-01|         23|
 4|   4.500E+02|                 Infinity|   2.4253562503633297E-01|         17|
 4|   4.600E+02|                 Infinity|   2.6726124191242440E-01|         14|
 4|   4.700E+02|                 Infinity|   2.5000000000000000E-01|         16|
 4|   4.800E+02|                 Infinity|   2.7735009811261457E-01|         13|
 4|   4.900E+02|                 Infinity|   2.5000000000000000E-01|         16|
# integrated result:   3.3958659524252631E-07
#
# Histogram 5: dy(j1,j2)                                         
 5|  -5.000E+00|                 Infinity|   1.5811388300841897E-01|         40|
 5|  -4.800E+00|                 Infinity|   1.3608276348795434E-01|         54|
 5|  -4.600E+00|                 Infinity|   1.4285714285714285E-01|         49|
 5|  -4.400E+00|                 Infinity|   1.2038585308576920E-01|         69|
 5|  -4.200E+00|                 Infinity|   9.6673648904566353E-02|        107|
 5|  -4.000E+00|                 Infinity|   8.5435765771676095E-02|        137|
 5|  -3.800E+00|                 Infinity|   6.9673301429161769E-02|        206|
 5|  -3.600E+00|                 Infinity|   5.5131784641997125E-02|        329|
 5|  -3.400E+00|                 Infinity|   3.9715073539476883E-02|        634|
 5|  -3.200E+00|                 Infinity|   3.5311227577322434E-02|        802|
 5|  -3.000E+00|                 Infinity|   3.4421419541075714E-02|        844|
 5|  -2.800E+00|                 Infinity|   3.1143732993214979E-02|       1031|
 5|  -2.600E+00|                 Infinity|   2.9735051672502628E-02|       1131|
 5|  -2.400E+00|                 Infinity|   2.8559773898876990E-02|       1226|
 5|  -2.200E+00|                 Infinity|   2.7907278609297381E-02|       1284|
 5|  -2.000E+00|                 Infinity|   2.5565499628245683E-02|       1530|
 5|  -1.800E+00|                 Infinity|   2.4260699053001704E-02|       1699|
 5|  -1.600E+00|                 Infinity|   2.3877299420036403E-02|       1754|
 5|  -1.400E+00|                 Infinity|   2.1025856676559002E-02|       2262|
 5|  -1.200E+00|                 Infinity|   1.9121472563060887E-02|       2735|
 5|  -1.000E+00|                 Infinity|   2.0571603220883004E-02|       2363|
 5|  -8.000E-01|                 Infinity|   2.3106337435539137E-02|       1873|
 5|  -6.000E-01|                 Infinity|   2.6997462357801941E-02|       1372|
 5|  -4.000E-01|                 Infinity|   3.3786868919974296E-02|        876|
 5|  -2.000E-01|                 Infinity|   3.9013715732043520E-02|        657|
 5|   0.000E+00|                 Infinity|   3.7011660509880265E-02|        730|
 5|   2.000E-01|                 Infinity|   5.1366549693751415E-02|        379|
 5|   4.000E-01|                 Infinity|   6.5232807305344226E-02|        235|
 5|   6.000E-01|                 Infinity|   7.3127242412713067E-02|        187|
 5|   8.000E-01|                 Infinity|   8.3624201000709081E-02|        143|
 5|   1.000E+00|                 Infinity|   1.1704114719613057E-01|         73|
 5|   1.200E+00|                 Infinity|   1.4433756729740646E-01|         48|
 5|   1.400E+00|                 Infinity|   2.1320071635561041E-01|         22|
 5|   1.600E+00|                 Infinity|   2.5819888974716110E-01|         15|
 5|   1.800E+00|                 Infinity|   2.4253562503633297E-01|         17|
 5|   2.000E+00|                 Infinity|   2.5000000000000000E-01|         16|
 5|   2.200E+00|                 Infinity|   3.5355339059327373E-01|          8|
 5|   2.400E+00|                 Infinity|   4.0824829046386307E-01|          6|
 5|   2.600E+00|                 Infinity|   4.4721359549995793E-01|          5|
 5|   2.800E+00|                 Infinity|   4.4721359549995793E-01|          5|
 5|   3.000E+00|                 Infinity|   1.0000000000000000E+00|          1|
 5|   3.200E+00|                 Infinity|   5.0000000000000000E-01|          4|
 5|   3.400E+00|                 Infinity|   1.0000000000000000E+00|          1|
 5|   3.600E+00|                      NaN|   0.0000000000000000E+00|          0|
 5|   3.800E+00|                      NaN|   0.0000000000000000E+00|          0|
 5|   4.000E+00|                      NaN|   0.0000000000000000E+00|          0|
 5|   4.200E+00|                      NaN|   0.0000000000000000E+00|          0|
 5|   4.400E+00|                 Infinity|   7.0710678118654746E-01|          2|
 5|   4.600E+00|                      NaN|   0.0000000000000000E+00|          0|
 5|   4.800E+00|                      NaN|   0.0000000000000000E+00|          0|
# integrated result:   3.3958659524252604E-07
#
# Histogram 6: mz1                                               
 6|   0.000E+00|                      NaN|   0.0000000000000000E+00|          0|
 6|   2.000E+00|                      NaN|   0.0000000000000000E+00|          0|
 6|   4.000E+00|                 Infinity|   1.6183857208774653E-02|       3818|
 6|   6.000E+00|                 Infinity|   4.1451333614483915E-02|        582|
 6|   8.000E+00|                 Infinity|   2.8071730702217298E-02|       1269|
 6|   1.000E+01|                 Infinity|   2.5540472211939846E-02|       1533|
 6|   1.200E+01|                 Infinity|   2.2388683141982252E-02|       1995|
 6|   1.400E+01|                 Infinity|   2.7066598098038335E-02|       1365|
 6|   1.600E+01|                 Infinity|   2.9235267310234306E-02|       1170|
 6|   1.800E+01|                 Infinity|   3.6514837167011073E-02|        750|
 6|   2.000E+01|                 Infinity|   4.4455422447438706E-02|        506|
 6|   2.200E+01|                 Infinity|   6.6815310478106099E-02|        224|
 6|   2.400E+01|                 Infinity|   7.3521462209380772E-02|        185|
 6|   2.600E+01|                 Infinity|   8.1649658092772609E-02|        150|
 6|   2.800E+01|                 Infinity|   8.8045090632562384E-02|        129|
 6|   3.000E+01|                 Infinity|   9.2450032704204849E-02|        117|
 6|   3.200E+01|                 Infinity|   1.0259783520851541E-01|         95|
 6|   3.400E+01|                 Infinity|   1.0721125348377948E-01|         87|
 6|   3.600E+01|                 Infinity|   1.0783277320343841E-01|         86|
 6|   3.800E+01|                 Infinity|   1.3245323570650439E-01|         57|
 6|   4.000E+01|                 Infinity|   1.3483997249264842E-01|         55|
 6|   4.200E+01|                 Infinity|   1.7149858514250882E-01|         34|
 6|   4.400E+01|                 Infinity|   1.7407765595569785E-01|         33|
 6|   4.600E+01|                 Infinity|   1.4907119849998599E-01|         45|
 6|   4.800E+01|                 Infinity|   1.7960530202677491E-01|         31|
 6|   5.000E+01|                 Infinity|   1.9245008972987526E-01|         27|
 6|   5.200E+01|                 Infinity|   1.9611613513818404E-01|         26|
 6|   5.400E+01|                 Infinity|   2.1320071635561041E-01|         22|
 6|   5.600E+01|                 Infinity|   1.8569533817705186E-01|         29|
 6|   5.800E+01|                 Infinity|   1.7149858514250882E-01|         34|
 6|   6.000E+01|                 Infinity|   1.8898223650461360E-01|         28|
 6|   6.200E+01|                 Infinity|   1.3736056394868904E-01|         53|
 6|   6.400E+01|                 Infinity|   1.0660035817780521E-01|         88|
 6|   6.600E+01|                 Infinity|   7.7849894416152296E-02|        165|
 6|   6.800E+01|                 Infinity|   7.1066905451870152E-02|        198|
 6|   7.000E+01|                 Infinity|   6.9337524528153643E-02|        208|
 6|   7.200E+01|                 Infinity|   6.8041381743977170E-02|        216|
 6|   7.400E+01|                 Infinity|   4.8853196874603148E-02|        419|
 6|   7.600E+01|                 Infinity|   4.0225899335456484E-02|        618|
 6|   7.800E+01|                 Infinity|   7.4535599249992993E-02|        180|
 6|   8.000E+01|                 Infinity|   1.2216944435630522E-01|         67|
 6|   8.200E+01|                 Infinity|   8.8045090632562384E-02|        129|
 6|   8.400E+01|                 Infinity|   4.5691166238495382E-02|        479|
 6|   8.600E+01|                 Infinity|   5.9976014390406722E-02|        278|
 6|   8.800E+01|                 Infinity|   3.5399616270239430E-02|        798|
 6|   9.000E+01|                 Infinity|   1.5048231635721150E-02|       4416|
 6|   9.200E+01|                 Infinity|   1.9124969220777426E-02|       2734|
 6|   9.400E+01|                 Infinity|   4.3519413988924463E-02|        528|
 6|   9.600E+01|                 Infinity|   5.6077215409204434E-02|        318|
 6|   9.800E+01|                 Infinity|   7.7151674981045956E-02|        168|
 6|   1.000E+02|                 Infinity|   1.0783277320343841E-01|         86|
 6|   1.020E+02|                 Infinity|   1.0482848367219183E-01|         91|
 6|   1.040E+02|                 Infinity|   1.0206207261596577E-01|         96|
 6|   1.060E+02|                 Infinity|   9.8058067569092022E-02|        104|
 6|   1.080E+02|                 Infinity|   1.4586499149789456E-01|         47|
 6|   1.100E+02|                 Infinity|   2.5819888974716110E-01|         15|
 6|   1.120E+02|                 Infinity|   3.7796447300922720E-01|          7|
 6|   1.140E+02|                 Infinity|   5.0000000000000000E-01|          4|
 6|   1.160E+02|                 Infinity|   5.7735026918962584E-01|          3|
 6|   1.180E+02|                 Infinity|   1.0000000000000000E+00|          1|
 6|   1.200E+02|                      NaN|   0.0000000000000000E+00|          0|
 6|   1.220E+02|                      NaN|   0.0000000000000000E+00|          0|
 6|   1.240E+02|                      NaN|   0.0000000000000000E+00|          0|
 6|   1.260E+02|                      NaN|   0.0000000000000000E+00|          0|
 6|   1.280E+02|                      NaN|   0.0000000000000000E+00|          0|
 6|   1.300E+02|                      NaN|   0.0000000000000000E+00|          0|
 6|   1.320E+02|                      NaN|   0.0000000000000000E+00|          0|
 6|   1.340E+02|                      NaN|   0.0000000000000000E+00|          0|
 6|   1.360E+02|                      NaN|   0.0000000000000000E+00|          0|
 6|   1.380E+02|                      NaN|   0.0000000000000000E+00|          0|
 6|   1.400E+02|                      NaN|   0.0000000000000000E+00|          0|
 6|   1.420E+02|                      NaN|   0.0000000000000000E+00|          0|
 6|   1.440E+02|                      NaN|   0.0000000000000000E+00|          0|
 6|   1.460E+02|                      NaN|   0.0000000000000000E+00|          0|
 6|   1.480E+02|                      NaN|   0.0000000000000000E+00|          0|
 6|   1.500E+02|                      NaN|   0.0000000000000000E+00|          0|
 6|   1.520E+02|                      NaN|   0.0000000000000000E+00|          0|
 6|   1.540E+02|                      NaN|   0.0000000000000000E+00|          0|
 6|   1.560E+02|                      NaN|   0.0000000000000000E+00|          0|
 6|   1.580E+02|                      NaN|   0.0000000000000000E+00|          0|
 6|   1.600E+02|                      NaN|   0.0000000000000000E+00|          0|
 6|   1.620E+02|                      NaN|   0.0000000000000000E+00|          0|
 6|   1.640E+02|                      NaN|   0.0000000000000000E+00|          0|
 6|   1.660E+02|                      NaN|   0.0000000000000000E+00|          0|
 6|   1.680E+02|                      NaN|   0.0000000000000000E+00|          0|
 6|   1.700E+02|                      NaN|   0.0000000000000000E+00|          0|
 6|   1.720E+02|                      NaN|   0.0000000000000000E+00|          0|
 6|   1.740E+02|                      NaN|   0.0000000000000000E+00|          0|
 6|   1.760E+02|                      NaN|   0.0000000000000000E+00|          0|
 6|   1.780E+02|                      NaN|   0.0000000000000000E+00|          0|
 6|   1.800E+02|                      NaN|   0.0000000000000000E+00|          0|
 6|   1.820E+02|                      NaN|   0.0000000000000000E+00|          0|
 6|   1.840E+02|                      NaN|   0.0000000000000000E+00|          0|
 6|   1.860E+02|                      NaN|   0.0000000000000000E+00|          0|
 6|   1.880E+02|                      NaN|   0.0000000000000000E+00|          0|
 6|   1.900E+02|                      NaN|   0.0000000000000000E+00|          0|
 6|   1.920E+02|                      NaN|   0.0000000000000000E+00|          0|
 6|   1.940E+02|                      NaN|   0.0000000000000000E+00|          0|
 6|   1.960E+02|                      NaN|   0.0000000000000000E+00|          0|
 6|   1.980E+02|                      NaN|   0.0000000000000000E+00|          0|
# integrated result:   3.3958659524252594E-07
#
# Histogram 7: mz2                                               
 7|   0.000E+00|                      NaN|   0.0000000000000000E+00|          0|
 7|   2.000E+00|                      NaN|   0.0000000000000000E+00|          0|
 7|   4.000E+00|                 Infinity|   2.3993858358289818E-02|       1737|
 7|   6.000E+00|                 Infinity|   2.6306682088232822E-02|       1445|
 7|   8.000E+00|                 Infinity|   2.8329634983503674E-02|       1246|
 7|   1.000E+01|                 Infinity|   3.7267799624996496E-02|        720|
 7|   1.200E+01|                 Infinity|   3.6986336072765455E-02|        731|
 7|   1.400E+01|                 Infinity|   3.8490017945975050E-02|        675|
 7|   1.600E+01|                 Infinity|   3.7190400165280094E-02|        723|
 7|   1.800E+01|                 Infinity|   3.4279558509553047E-02|        851|
 7|   2.000E+01|                 Infinity|   3.3167906340332974E-02|        909|
 7|   2.200E+01|                 Infinity|   3.9013715732043520E-02|        657|
 7|   2.400E+01|                 Infinity|   4.1922180815031851E-02|        569|
 7|   2.600E+01|                 Infinity|   4.3979949713354248E-02|        517|
 7|   2.800E+01|                 Infinity|   4.3113061355922688E-02|        538|
 7|   3.000E+01|                 Infinity|   4.3852900965351466E-02|        520|
 7|   3.200E+01|                 Infinity|   5.5215763037423267E-02|        328|
 7|   3.400E+01|                 Infinity|   7.3922127095457285E-02|        183|
 7|   3.600E+01|                 Infinity|   8.4818892967997092E-02|        139|
 7|   3.800E+01|                 Infinity|   8.4215192106651904E-02|        141|
 7|   4.000E+01|                 Infinity|   1.0540925533894598E-01|         90|
 7|   4.200E+01|                 Infinity|   8.9802651013387455E-02|        124|
 7|   4.400E+01|                 Infinity|   8.3624201000709081E-02|        143|
 7|   4.600E+01|                 Infinity|   8.4215192106651904E-02|        141|
 7|   4.800E+01|                 Infinity|   9.5346258924559238E-02|        110|
 7|   5.000E+01|                 Infinity|   9.3658581158169399E-02|        114|
 7|   5.200E+01|                 Infinity|   9.6673648904566353E-02|        107|
 7|   5.400E+01|                 Infinity|   9.3658581158169399E-02|        114|
 7|   5.600E+01|                 Infinity|   1.0482848367219183E-01|         91|
 7|   5.800E+01|                 Infinity|   1.2803687993289598E-01|         61|
 7|   6.000E+01|                 Infinity|   1.1547005383792514E-01|         75|
 7|   6.200E+01|                 Infinity|   1.2126781251816648E-01|         68|
 7|   6.400E+01|                 Infinity|   9.9503719020998915E-02|        101|
 7|   6.600E+01|                 Infinity|   7.2357460529242162E-02|        191|
 7|   6.800E+01|                 Infinity|   3.8433122101204392E-02|        677|
 7|   7.000E+01|                 Infinity|   3.8320083261967369E-02|        681|
 7|   7.200E+01|                 Infinity|   8.7038827977848926E-02|        132|
 7|   7.400E+01|                 Infinity|   4.8795003647426664E-02|        420|
 7|   7.600E+01|                 Infinity|   6.4018439966447988E-02|        244|
 7|   7.800E+01|                 Infinity|   3.0372836961539348E-02|       1084|
 7|   8.000E+01|                 Infinity|   4.8001536073731928E-02|        434|
 7|   8.200E+01|                 Infinity|   4.0622223185119377E-02|        606|
 7|   8.400E+01|                 Infinity|   2.6735674352058678E-02|       1399|
 7|   8.600E+01|                 Infinity|   3.4340140987172259E-02|        848|
 7|   8.800E+01|                 Infinity|   2.3816275411477048E-02|       1763|
 7|   9.000E+01|                 Infinity|   1.6968662364707825E-02|       3473|
 7|   9.200E+01|                 Infinity|   3.5578403348241000E-02|        790|
 7|   9.400E+01|                 Infinity|   8.1649658092772609E-02|        150|
 7|   9.600E+01|                 Infinity|   1.5430334996209191E-01|         42|
 7|   9.800E+01|                 Infinity|   1.7960530202677491E-01|         31|
 7|   1.000E+02|                 Infinity|   2.0000000000000001E-01|         25|
 7|   1.020E+02|                 Infinity|   3.0151134457776363E-01|         11|
 7|   1.040E+02|                 Infinity|   3.1622776601683794E-01|         10|
 7|   1.060E+02|                 Infinity|   3.7796447300922720E-01|          7|
 7|   1.080E+02|                 Infinity|   5.7735026918962584E-01|          3|
 7|   1.100E+02|                 Infinity|   7.0710678118654746E-01|          2|
 7|   1.120E+02|                 Infinity|   5.7735026918962584E-01|          3|
 7|   1.140E+02|                 Infinity|   1.0000000000000000E+00|          1|
 7|   1.160E+02|                 Infinity|   1.0000000000000000E+00|          1|
 7|   1.180E+02|                      NaN|   0.0000000000000000E+00|          0|
 7|   1.200E+02|                      NaN|   0.0000000000000000E+00|          0|
 7|   1.220E+02|                      NaN|   0.0000000000000000E+00|          0|
 7|   1.240E+02|                      NaN|   0.0000000000000000E+00|          0|
 7|   1.260E+02|                      NaN|   0.0000000000000000E+00|          0|
 7|   1.280E+02|                      NaN|   0.0000000000000000E+00|          0|
 7|   1.300E+02|                      NaN|   0.0000000000000000E+00|          0|
 7|   1.320E+02|                      NaN|   0.0000000000000000E+00|          0|
 7|   1.340E+02|                      NaN|   0.0000000000000000E+00|          0|
 7|   1.360E+02|                      NaN|   0.0000000000000000E+00|          0|
 7|   1.380E+02|                      NaN|   0.0000000000000000E+00|          0|
 7|   1.400E+02|                      NaN|   0.0000000000000000E+00|          0|
 7|   1.420E+02|                      NaN|   0.0000000000000000E+00|          0|
 7|   1.440E+02|                      NaN|   0.0000000000000000E+00|          0|
 7|   1.460E+02|                      NaN|   0.0000000000000000E+00|          0|
 7|   1.480E+02|                      NaN|   0.0000000000000000E+00|          0|
 7|   1.500E+02|                      NaN|   0.0000000000000000E+00|          0|
 7|   1.520E+02|                      NaN|   0.0000000000000000E+00|          0|
 7|   1.540E+02|                      NaN|   0.0000000000000000E+00|          0|
 7|   1.560E+02|                      NaN|   0.0000000000000000E+00|          0|
 7|   1.580E+02|                      NaN|   0.0000000000000000E+00|          0|
 7|   1.600E+02|                      NaN|   0.0000000000000000E+00|          0|
 7|   1.620E+02|                      NaN|   0.0000000000000000E+00|          0|
 7|   1.640E+02|                      NaN|   0.0000000000000000E+00|          0|
 7|   1.660E+02|                      NaN|   0.0000000000000000E+00|          0|
 7|   1.680E+02|                      NaN|   0.0000000000000000E+00|          0|
 7|   1.700E+02|                      NaN|   0.0000000000000000E+00|          0|
 7|   1.720E+02|                      NaN|   0.0000000000000000E+00|          0|
 7|   1.740E+02|                      NaN|   0.0000000000000000E+00|          0|
 7|   1.760E+02|                      NaN|   0.0000000000000000E+00|          0|
 7|   1.780E+02|                      NaN|   0.0000000000000000E+00|          0|
 7|   1.800E+02|                      NaN|   0.0000000000000000E+00|          0|
 7|   1.820E+02|                      NaN|   0.0000000000000000E+00|          0|
 7|   1.840E+02|                      NaN|   0.0000000000000000E+00|          0|
 7|   1.860E+02|                      NaN|   0.0000000000000000E+00|          0|
 7|   1.880E+02|                      NaN|   0.0000000000000000E+00|          0|
 7|   1.900E+02|                      NaN|   0.0000000000000000E+00|          0|
 7|   1.920E+02|                      NaN|   0.0000000000000000E+00|          0|
 7|   1.940E+02|                      NaN|   0.0000000000000000E+00|          0|
 7|   1.960E+02|                      NaN|   0.0000000000000000E+00|          0|
 7|   1.980E+02|                      NaN|   0.0000000000000000E+00|          0|
# integrated result:   3.3958659524252615E-07
#
# Histogram 8: m_4l                                              
 8|   1.000E+02|                 Infinity|   6.0862570450558222E-03|      26996|
 8|   1.400E+02|                      NaN|   0.0000000000000000E+00|          0|
 8|   1.800E+02|                      NaN|   0.0000000000000000E+00|          0|
 8|   2.200E+02|                      NaN|   0.0000000000000000E+00|          0|
 8|   2.600E+02|                      NaN|   0.0000000000000000E+00|          0|
 8|   3.000E+02|                      NaN|   0.0000000000000000E+00|          0|
 8|   3.400E+02|                      NaN|   0.0000000000000000E+00|          0|
 8|   3.800E+02|                      NaN|   0.0000000000000000E+00|          0|
 8|   4.200E+02|                      NaN|   0.0000000000000000E+00|          0|
 8|   4.600E+02|                      NaN|   0.0000000000000000E+00|          0|
 8|   5.000E+02|                      NaN|   0.0000000000000000E+00|          0|
 8|   5.400E+02|                      NaN|   0.0000000000000000E+00|          0|
 8|   5.800E+02|                      NaN|   0.0000000000000000E+00|          0|
 8|   6.200E+02|                      NaN|   0.0000000000000000E+00|          0|
 8|   6.600E+02|                      NaN|   0.0000000000000000E+00|          0|
 8|   7.000E+02|                      NaN|   0.0000000000000000E+00|          0|
 8|   7.400E+02|                      NaN|   0.0000000000000000E+00|          0|
 8|   7.800E+02|                      NaN|   0.0000000000000000E+00|          0|
 8|   8.200E+02|                      NaN|   0.0000000000000000E+00|          0|
 8|   8.600E+02|                      NaN|   0.0000000000000000E+00|          0|
 8|   9.000E+02|                      NaN|   0.0000000000000000E+00|          0|
 8|   9.400E+02|                      NaN|   0.0000000000000000E+00|          0|
 8|   9.800E+02|                      NaN|   0.0000000000000000E+00|          0|
 8|   1.020E+03|                      NaN|   0.0000000000000000E+00|          0|
 8|   1.060E+03|                      NaN|   0.0000000000000000E+00|          0|
 8|   1.100E+03|                      NaN|   0.0000000000000000E+00|          0|
 8|   1.140E+03|                      NaN|   0.0000000000000000E+00|          0|
 8|   1.180E+03|                      NaN|   0.0000000000000000E+00|          0|
 8|   1.220E+03|                      NaN|   0.0000000000000000E+00|          0|
 8|   1.260E+03|                      NaN|   0.0000000000000000E+00|          0|
 8|   1.300E+03|                      NaN|   0.0000000000000000E+00|          0|
 8|   1.340E+03|                      NaN|   0.0000000000000000E+00|          0|
 8|   1.380E+03|                      NaN|   0.0000000000000000E+00|          0|
 8|   1.420E+03|                      NaN|   0.0000000000000000E+00|          0|
 8|   1.460E+03|                      NaN|   0.0000000000000000E+00|          0|
 8|   1.500E+03|                      NaN|   0.0000000000000000E+00|          0|
 8|   1.540E+03|                      NaN|   0.0000000000000000E+00|          0|
 8|   1.580E+03|                      NaN|   0.0000000000000000E+00|          0|
 8|   1.620E+03|                      NaN|   0.0000000000000000E+00|          0|
 8|   1.660E+03|                      NaN|   0.0000000000000000E+00|          0|
 8|   1.700E+03|                      NaN|   0.0000000000000000E+00|          0|
 8|   1.740E+03|                      NaN|   0.0000000000000000E+00|          0|
 8|   1.780E+03|                      NaN|   0.0000000000000000E+00|          0|
 8|   1.820E+03|                      NaN|   0.0000000000000000E+00|          0|
 8|   1.860E+03|                      NaN|   0.0000000000000000E+00|          0|
 8|   1.900E+03|                      NaN|   0.0000000000000000E+00|          0|
 8|   1.940E+03|                      NaN|   0.0000000000000000E+00|          0|
 8|   1.980E+03|                      NaN|   0.0000000000000000E+00|          0|
 8|   2.020E+03|                      NaN|   0.0000000000000000E+00|          0|
 8|   2.060E+03|                      NaN|   0.0000000000000000E+00|          0|
 8|   2.100E+03|                      NaN|   0.0000000000000000E+00|          0|
 8|   2.140E+03|                      NaN|   0.0000000000000000E+00|          0|
 8|   2.180E+03|                      NaN|   0.0000000000000000E+00|          0|
 8|   2.220E+03|                      NaN|   0.0000000000000000E+00|          0|
 8|   2.260E+03|                      NaN|   0.0000000000000000E+00|          0|
 8|   2.300E+03|                      NaN|   0.0000000000000000E+00|          0|
 8|   2.340E+03|                      NaN|   0.0000000000000000E+00|          0|
 8|   2.380E+03|                      NaN|   0.0000000000000000E+00|          0|
 8|   2.420E+03|                      NaN|   0.0000000000000000E+00|          0|
 8|   2.460E+03|                      NaN|   0.0000000000000000E+00|          0|
 8|   2.500E+03|                      NaN|   0.0000000000000000E+00|          0|
 8|   2.540E+03|                      NaN|   0.0000000000000000E+00|          0|
 8|   2.580E+03|                      NaN|   0.0000000000000000E+00|          0|
 8|   2.620E+03|                      NaN|   0.0000000000000000E+00|          0|
 8|   2.660E+03|                      NaN|   0.0000000000000000E+00|          0|
 8|   2.700E+03|                      NaN|   0.0000000000000000E+00|          0|
 8|   2.740E+03|                      NaN|   0.0000000000000000E+00|          0|
 8|   2.780E+03|                      NaN|   0.0000000000000000E+00|          0|
 8|   2.820E+03|                      NaN|   0.0000000000000000E+00|          0|
 8|   2.860E+03|                      NaN|   0.0000000000000000E+00|          0|
 8|   2.900E+03|                      NaN|   0.0000000000000000E+00|          0|
 8|   2.940E+03|                      NaN|   0.0000000000000000E+00|          0|
 8|   2.980E+03|                      NaN|   0.0000000000000000E+00|          0|
 8|   3.020E+03|                      NaN|   0.0000000000000000E+00|          0|
 8|   3.060E+03|                      NaN|   0.0000000000000000E+00|          0|
 8|   3.100E+03|                      NaN|   0.0000000000000000E+00|          0|
 8|   3.140E+03|                      NaN|   0.0000000000000000E+00|          0|
 8|   3.180E+03|                      NaN|   0.0000000000000000E+00|          0|
 8|   3.220E+03|                      NaN|   0.0000000000000000E+00|          0|
 8|   3.260E+03|                      NaN|   0.0000000000000000E+00|          0|
 8|   3.300E+03|                      NaN|   0.0000000000000000E+00|          0|
 8|   3.340E+03|                      NaN|   0.0000000000000000E+00|          0|
 8|   3.380E+03|                      NaN|   0.0000000000000000E+00|          0|
 8|   3.420E+03|                      NaN|   0.0000000000000000E+00|          0|
 8|   3.460E+03|                      NaN|   0.0000000000000000E+00|          0|
 8|   3.500E+03|                      NaN|   0.0000000000000000E+00|          0|
 8|   3.540E+03|                      NaN|   0.0000000000000000E+00|          0|
 8|   3.580E+03|                      NaN|   0.0000000000000000E+00|          0|
 8|   3.620E+03|                      NaN|   0.0000000000000000E+00|          0|
 8|   3.660E+03|                      NaN|   0.0000000000000000E+00|          0|
 8|   3.700E+03|                      NaN|   0.0000000000000000E+00|          0|
 8|   3.740E+03|                      NaN|   0.0000000000000000E+00|          0|
 8|   3.780E+03|                      NaN|   0.0000000000000000E+00|          0|
 8|   3.820E+03|                      NaN|   0.0000000000000000E+00|          0|
 8|   3.860E+03|                      NaN|   0.0000000000000000E+00|          0|
 8|   3.900E+03|                      NaN|   0.0000000000000000E+00|          0|
 8|   3.940E+03|                      NaN|   0.0000000000000000E+00|          0|
 8|   3.980E+03|                      NaN|   0.0000000000000000E+00|          0|
 8|   4.020E+03|                      NaN|   0.0000000000000000E+00|          0|
 8|   4.060E+03|                      NaN|   0.0000000000000000E+00|          0|
# integrated result:   3.3958659524252636E-07
#
# Histogram 9: m_4l                                              
 9|   8.500E+01|                      NaN|   0.0000000000000000E+00|          0|
 9|   8.600E+01|                      NaN|   0.0000000000000000E+00|          0|
 9|   8.700E+01|                      NaN|   0.0000000000000000E+00|          0|
 9|   8.800E+01|                      NaN|   0.0000000000000000E+00|          0|
 9|   8.900E+01|                      NaN|   0.0000000000000000E+00|          0|
 9|   9.000E+01|                      NaN|   0.0000000000000000E+00|          0|
 9|   9.100E+01|                      NaN|   0.0000000000000000E+00|          0|
 9|   9.200E+01|                      NaN|   0.0000000000000000E+00|          0|
 9|   9.300E+01|                      NaN|   0.0000000000000000E+00|          0|
 9|   9.400E+01|                      NaN|   0.0000000000000000E+00|          0|
 9|   9.500E+01|                      NaN|   0.0000000000000000E+00|          0|
 9|   9.600E+01|                      NaN|   0.0000000000000000E+00|          0|
 9|   9.700E+01|                      NaN|   0.0000000000000000E+00|          0|
 9|   9.800E+01|                      NaN|   0.0000000000000000E+00|          0|
 9|   9.900E+01|                      NaN|   0.0000000000000000E+00|          0|
 9|   1.000E+02|                      NaN|   0.0000000000000000E+00|          0|
 9|   1.010E+02|                      NaN|   0.0000000000000000E+00|          0|
 9|   1.020E+02|                      NaN|   0.0000000000000000E+00|          0|
 9|   1.030E+02|                      NaN|   0.0000000000000000E+00|          0|
 9|   1.040E+02|                      NaN|   0.0000000000000000E+00|          0|
 9|   1.050E+02|                      NaN|   0.0000000000000000E+00|          0|
 9|   1.060E+02|                      NaN|   0.0000000000000000E+00|          0|
 9|   1.070E+02|                      NaN|   0.0000000000000000E+00|          0|
 9|   1.080E+02|                      NaN|   0.0000000000000000E+00|          0|
 9|   1.090E+02|                      NaN|   0.0000000000000000E+00|          0|
 9|   1.100E+02|                      NaN|   0.0000000000000000E+00|          0|
 9|   1.110E+02|                      NaN|   0.0000000000000000E+00|          0|
 9|   1.120E+02|                      NaN|   0.0000000000000000E+00|          0|
 9|   1.130E+02|                      NaN|   0.0000000000000000E+00|          0|
 9|   1.140E+02|                      NaN|   0.0000000000000000E+00|          0|
 9|   1.150E+02|                      NaN|   0.0000000000000000E+00|          0|
 9|   1.160E+02|                      NaN|   0.0000000000000000E+00|          0|
 9|   1.170E+02|                      NaN|   0.0000000000000000E+00|          0|
 9|   1.180E+02|                      NaN|   0.0000000000000000E+00|          0|
 9|   1.190E+02|                      NaN|   0.0000000000000000E+00|          0|
 9|   1.200E+02|                      NaN|   0.0000000000000000E+00|          0|
 9|   1.210E+02|                      NaN|   0.0000000000000000E+00|          0|
 9|   1.220E+02|                      NaN|   0.0000000000000000E+00|          0|
 9|   1.230E+02|                      NaN|   0.0000000000000000E+00|          0|
 9|   1.240E+02|                 Infinity|   8.7005877445538882E-03|      13210|
 9|   1.250E+02|                 Infinity|   8.5168865636874869E-03|      13786|
 9|   1.260E+02|                      NaN|   0.0000000000000000E+00|          0|
 9|   1.270E+02|                      NaN|   0.0000000000000000E+00|          0|
 9|   1.280E+02|                      NaN|   0.0000000000000000E+00|          0|
 9|   1.290E+02|                      NaN|   0.0000000000000000E+00|          0|
 9|   1.300E+02|                      NaN|   0.0000000000000000E+00|          0|
 9|   1.310E+02|                      NaN|   0.0000000000000000E+00|          0|
 9|   1.320E+02|                      NaN|   0.0000000000000000E+00|          0|
 9|   1.330E+02|                      NaN|   0.0000000000000000E+00|          0|
 9|   1.340E+02|                      NaN|   0.0000000000000000E+00|          0|
# integrated result:   3.3958659524252620E-07
#
# Histogram10: Phi1                                              
10|  -3.142E+00|                 Infinity|   4.5548751867427691E-02|        482|
10|  -2.985E+00|                 Infinity|   4.5083481733371615E-02|        492|
10|  -2.827E+00|                 Infinity|   4.2562826537937429E-02|        552|
10|  -2.670E+00|                 Infinity|   4.1204282171516463E-02|        589|
10|  -2.513E+00|                 Infinity|   4.0655781409087086E-02|        605|
10|  -2.356E+00|                 Infinity|   3.9223227027636809E-02|        650|
10|  -2.199E+00|                 Infinity|   3.5967500063280318E-02|        773|
10|  -2.042E+00|                 Infinity|   3.3729162867744238E-02|        879|
10|  -1.885E+00|                 Infinity|   3.3576713893653728E-02|        887|
10|  -1.728E+00|                 Infinity|   3.3825504574586919E-02|        874|
10|  -1.571E+00|                 Infinity|   3.3864273073929821E-02|        872|
10|  -1.414E+00|                 Infinity|   3.5851736969103737E-02|        778|
10|  -1.257E+00|                 Infinity|   3.7062465833055058E-02|        728|
10|  -1.100E+00|                 Infinity|   3.9904344223381107E-02|        628|
10|  -9.425E-01|                 Infinity|   3.9590379123244791E-02|        638|
10|  -7.854E-01|                 Infinity|   3.9652579285907208E-02|        636|
10|  -6.283E-01|                 Infinity|   4.0996003084539386E-02|        595|
10|  -4.713E-01|                 Infinity|   3.9043440472151518E-02|        656|
10|  -3.142E-01|                 Infinity|   4.0000000000000001E-02|        625|
10|  -1.571E-01|                 Infinity|   4.2953677958755772E-02|        542|
10|  -3.000E-05|                 Infinity|   4.1848697531868720E-02|        571|
10|   1.570E-01|                 Infinity|   4.2033135170919861E-02|        566|
10|   3.141E-01|                 Infinity|   3.9872611141444997E-02|        629|
10|   4.712E-01|                 Infinity|   3.9715073539476883E-02|        634|
10|   6.283E-01|                 Infinity|   3.9283710065919304E-02|        648|
10|   7.854E-01|                 Infinity|   4.0000000000000001E-02|        625|
10|   9.424E-01|                 Infinity|   3.8291979053374177E-02|        682|
10|   1.100E+00|                 Infinity|   3.8069349381344049E-02|        690|
10|   1.257E+00|                 Infinity|   3.5874800166708763E-02|        777|
10|   1.414E+00|                 Infinity|   3.4020690871988585E-02|        864|
10|   1.571E+00|                 Infinity|   3.2897584747988450E-02|        924|
10|   1.728E+00|                 Infinity|   3.4139437099945942E-02|        858|
10|   1.885E+00|                 Infinity|   3.4773407121036048E-02|        827|
10|   2.042E+00|                 Infinity|   3.4319911152729012E-02|        849|
10|   2.199E+00|                 Infinity|   3.8180177416060626E-02|        686|
10|   2.356E+00|                 Infinity|   4.0927275453502901E-02|        597|
10|   2.513E+00|                 Infinity|   4.0555355282690636E-02|        608|
10|   2.670E+00|                 Infinity|   4.1922180815031851E-02|        569|
10|   2.827E+00|                 Infinity|   4.6625240412015691E-02|        460|
10|   2.984E+00|                 Infinity|   4.7088160934801108E-02|        451|
# integrated result:   3.3958659524252578E-07
#
