#
# column #1=histogram, #2=x-axis bin, #3=binned cross-section, #4=error, #5=number of events 
# this can be easily plotted in gnuplot with the commands:
#    NHi=3
#    plot 'output.dat' using ($2):($1==NHi ? $3 : 1/0) w st
# where NHi selects the histogram
#
#
# run time =      -0.05min
# TotCS =      6.1209035873E-07           3.88755E-07
#
# Histogram 1: m_jj                                              
 1|   0.000E+00|                 Infinity|   2.7358782758229137E-02|       1336|
 1|   5.000E+01|                 Infinity|   1.1274451557073644E-02|       7867|
 1|   1.000E+02|                 Infinity|   1.1577921116187230E-02|       7460|
 1|   1.500E+02|                 Infinity|   1.6444343748524361E-02|       3698|
 1|   2.000E+02|                 Infinity|   1.8712029714127994E-02|       2856|
 1|   2.500E+02|                 Infinity|   2.1002657004177173E-02|       2267|
 1|   3.000E+02|                 Infinity|   2.5205634593236811E-02|       1574|
 1|   3.500E+02|                 Infinity|   3.1846487764924103E-02|        986|
 1|   4.000E+02|                 Infinity|   3.4668762264076822E-02|        832|
 1|   4.500E+02|                 Infinity|   3.9528470752104743E-02|        640|
 1|   5.000E+02|                 Infinity|   4.0389619586100968E-02|        613|
 1|   5.500E+02|                 Infinity|   4.3073049225394802E-02|        539|
 1|   6.000E+02|                 Infinity|   5.5215763037423267E-02|        328|
 1|   6.500E+02|                 Infinity|   6.1084722178152612E-02|        268|
 1|   7.000E+02|                 Infinity|   6.9006555934235422E-02|        210|
 1|   7.500E+02|                 Infinity|   8.4515425472851652E-02|        140|
 1|   8.000E+02|                 Infinity|   1.1624763874381928E-01|         74|
 1|   8.500E+02|                 Infinity|   1.4744195615489714E-01|         46|
 1|   9.000E+02|                 Infinity|   1.6903085094570330E-01|         35|
 1|   9.500E+02|                 Infinity|   2.0412414523193154E-01|         24|
 1|   1.000E+03|                 Infinity|   2.2941573387056174E-01|         19|
 1|   1.050E+03|                 Infinity|   2.7735009811261457E-01|         13|
 1|   1.100E+03|                 Infinity|   4.0824829046386307E-01|          6|
 1|   1.150E+03|                 Infinity|   3.5355339059327373E-01|          8|
 1|   1.200E+03|                 Infinity|   4.0824829046386307E-01|          6|
 1|   1.250E+03|                 Infinity|   3.3333333333333331E-01|          9|
 1|   1.300E+03|                 Infinity|   3.3333333333333331E-01|          9|
 1|   1.350E+03|                 Infinity|   1.0000000000000000E+00|          1|
 1|   1.400E+03|                 Infinity|   5.0000000000000000E-01|          4|
 1|   1.450E+03|                 Infinity|   5.0000000000000000E-01|          4|
 1|   1.500E+03|                 Infinity|   1.0000000000000000E+00|          1|
 1|   1.550E+03|                 Infinity|   5.7735026918962584E-01|          3|
 1|   1.600E+03|                 Infinity|   1.0000000000000000E+00|          1|
 1|   1.650E+03|                      NaN|   0.0000000000000000E+00|          0|
 1|   1.700E+03|                 Infinity|   7.0710678118654746E-01|          2|
 1|   1.750E+03|                      NaN|   0.0000000000000000E+00|          0|
 1|   1.800E+03|                      NaN|   0.0000000000000000E+00|          0|
 1|   1.850E+03|                      NaN|   0.0000000000000000E+00|          0|
 1|   1.900E+03|                 Infinity|   7.0710678118654746E-01|          2|
 1|   1.950E+03|                 Infinity|   1.0000000000000000E+00|          1|
 1|   2.000E+03|                      NaN|   0.0000000000000000E+00|          0|
 1|   2.050E+03|                      NaN|   0.0000000000000000E+00|          0|
 1|   2.100E+03|                 Infinity|   5.7735026918962584E-01|          3|
 1|   2.150E+03|                      NaN|   0.0000000000000000E+00|          0|
 1|   2.200E+03|                      NaN|   0.0000000000000000E+00|          0|
 1|   2.250E+03|                      NaN|   0.0000000000000000E+00|          0|
 1|   2.300E+03|                 Infinity|   1.0000000000000000E+00|          1|
 1|   2.350E+03|                      NaN|   0.0000000000000000E+00|          0|
 1|   2.400E+03|                      NaN|   0.0000000000000000E+00|          0|
 1|   2.450E+03|                      NaN|   0.0000000000000000E+00|          0|
 1|   2.500E+03|                 Infinity|   7.0710678118654746E-01|          2|
 1|   2.550E+03|                 Infinity|   1.0000000000000000E+00|          1|
 1|   2.600E+03|                      NaN|   0.0000000000000000E+00|          0|
 1|   2.650E+03|                      NaN|   0.0000000000000000E+00|          0|
 1|   2.700E+03|                      NaN|   0.0000000000000000E+00|          0|
 1|   2.750E+03|                      NaN|   0.0000000000000000E+00|          0|
 1|   2.800E+03|                      NaN|   0.0000000000000000E+00|          0|
 1|   2.850E+03|                      NaN|   0.0000000000000000E+00|          0|
 1|   2.900E+03|                      NaN|   0.0000000000000000E+00|          0|
 1|   2.950E+03|                      NaN|   0.0000000000000000E+00|          0|
 1|   3.000E+03|                      NaN|   0.0000000000000000E+00|          0|
 1|   3.050E+03|                      NaN|   0.0000000000000000E+00|          0|
 1|   3.100E+03|                      NaN|   0.0000000000000000E+00|          0|
 1|   3.150E+03|                      NaN|   0.0000000000000000E+00|          0|
 1|   3.200E+03|                      NaN|   0.0000000000000000E+00|          0|
 1|   3.250E+03|                      NaN|   0.0000000000000000E+00|          0|
 1|   3.300E+03|                      NaN|   0.0000000000000000E+00|          0|
 1|   3.350E+03|                 Infinity|   1.0000000000000000E+00|          1|
 1|   3.400E+03|                 Infinity|   1.0000000000000000E+00|          1|
 1|   3.450E+03|                      NaN|   0.0000000000000000E+00|          0|
 1|   3.500E+03|                      NaN|   0.0000000000000000E+00|          0|
 1|   3.550E+03|                      NaN|   0.0000000000000000E+00|          0|
 1|   3.600E+03|                      NaN|   0.0000000000000000E+00|          0|
 1|   3.650E+03|                      NaN|   0.0000000000000000E+00|          0|
 1|   3.700E+03|                      NaN|   0.0000000000000000E+00|          0|
 1|   3.750E+03|                      NaN|   0.0000000000000000E+00|          0|
 1|   3.800E+03|                      NaN|   0.0000000000000000E+00|          0|
 1|   3.850E+03|                      NaN|   0.0000000000000000E+00|          0|
 1|   3.900E+03|                      NaN|   0.0000000000000000E+00|          0|
 1|   3.950E+03|                      NaN|   0.0000000000000000E+00|          0|
 1|   4.000E+03|                      NaN|   0.0000000000000000E+00|          0|
 1|   4.050E+03|                      NaN|   0.0000000000000000E+00|          0|
 1|   4.100E+03|                      NaN|   0.0000000000000000E+00|          0|
 1|   4.150E+03|                      NaN|   0.0000000000000000E+00|          0|
 1|   4.200E+03|                      NaN|   0.0000000000000000E+00|          0|
 1|   4.250E+03|                      NaN|   0.0000000000000000E+00|          0|
 1|   4.300E+03|                      NaN|   0.0000000000000000E+00|          0|
 1|   4.350E+03|                      NaN|   0.0000000000000000E+00|          0|
 1|   4.400E+03|                      NaN|   0.0000000000000000E+00|          0|
 1|   4.450E+03|                      NaN|   0.0000000000000000E+00|          0|
 1|   4.500E+03|                      NaN|   0.0000000000000000E+00|          0|
 1|   4.550E+03|                      NaN|   0.0000000000000000E+00|          0|
 1|   4.600E+03|                      NaN|   0.0000000000000000E+00|          0|
 1|   4.650E+03|                      NaN|   0.0000000000000000E+00|          0|
 1|   4.700E+03|                      NaN|   0.0000000000000000E+00|          0|
 1|   4.750E+03|                      NaN|   0.0000000000000000E+00|          0|
 1|   4.800E+03|                      NaN|   0.0000000000000000E+00|          0|
 1|   4.850E+03|                      NaN|   0.0000000000000000E+00|          0|
 1|   4.900E+03|                      NaN|   0.0000000000000000E+00|          0|
 1|   4.950E+03|                      NaN|   0.0000000000000000E+00|          0|
# integrated result:   6.1209035873466016E-07
#
# Histogram 2: m_jj                                              
 2|   0.000E+00|                      NaN|   0.0000000000000000E+00|          0|
 2|   2.000E+00|                      NaN|   0.0000000000000000E+00|          0|
 2|   4.000E+00|                      NaN|   0.0000000000000000E+00|          0|
 2|   6.000E+00|                      NaN|   0.0000000000000000E+00|          0|
 2|   8.000E+00|                      NaN|   0.0000000000000000E+00|          0|
 2|   1.000E+01|                      NaN|   0.0000000000000000E+00|          0|
 2|   1.200E+01|                      NaN|   0.0000000000000000E+00|          0|
 2|   1.400E+01|                      NaN|   0.0000000000000000E+00|          0|
 2|   1.600E+01|                      NaN|   0.0000000000000000E+00|          0|
 2|   1.800E+01|                      NaN|   0.0000000000000000E+00|          0|
 2|   2.000E+01|                      NaN|   0.0000000000000000E+00|          0|
 2|   2.200E+01|                      NaN|   0.0000000000000000E+00|          0|
 2|   2.400E+01|                      NaN|   0.0000000000000000E+00|          0|
 2|   2.600E+01|                      NaN|   0.0000000000000000E+00|          0|
 2|   2.800E+01|                      NaN|   0.0000000000000000E+00|          0|
 2|   3.000E+01|                 Infinity|   2.3570226039551587E-01|         18|
 2|   3.200E+01|                 Infinity|   1.4285714285714285E-01|         49|
 2|   3.400E+01|                 Infinity|   1.1250879009260240E-01|         79|
 2|   3.600E+01|                 Infinity|   9.0166963466743230E-02|        123|
 2|   3.800E+01|                 Infinity|   7.9808688446762213E-02|        157|
 2|   4.000E+01|                 Infinity|   7.5164602800282893E-02|        177|
 2|   4.200E+01|                 Infinity|   7.8567420131838608E-02|        162|
 2|   4.400E+01|                 Infinity|   7.2357460529242162E-02|        191|
 2|   4.600E+01|                 Infinity|   7.3521462209380772E-02|        185|
 2|   4.800E+01|                 Infinity|   7.1611487403943297E-02|        195|
 2|   5.000E+01|                 Infinity|   6.5795169495976899E-02|        231|
 2|   5.200E+01|                 Infinity|   6.8199433947047347E-02|        215|
 2|   5.400E+01|                 Infinity|   6.2622429108514954E-02|        255|
 2|   5.600E+01|                 Infinity|   6.4956980246163087E-02|        237|
 2|   5.800E+01|                 Infinity|   6.2869461346193145E-02|        253|
 2|   6.000E+01|                 Infinity|   6.4820372355216441E-02|        238|
 2|   6.200E+01|                 Infinity|   6.3500063500095252E-02|        248|
 2|   6.400E+01|                 Infinity|   6.5938047339578698E-02|        230|
 2|   6.600E+01|                 Infinity|   6.2745580513815860E-02|        254|
 2|   6.800E+01|                 Infinity|   6.2017367294604234E-02|        260|
 2|   7.000E+01|                 Infinity|   6.4820372355216441E-02|        238|
 2|   7.200E+01|                 Infinity|   6.1780206321521543E-02|        262|
 2|   7.400E+01|                 Infinity|   5.6077215409204434E-02|        318|
 2|   7.600E+01|                 Infinity|   5.4473471070284329E-02|        337|
 2|   7.800E+01|                 Infinity|   5.3300179088902604E-02|        352|
 2|   8.000E+01|                 Infinity|   5.3760333057047034E-02|        346|
 2|   8.200E+01|                 Infinity|   5.2486388108147798E-02|        363|
 2|   8.400E+01|                 Infinity|   5.1847584736521263E-02|        372|
 2|   8.600E+01|                 Infinity|   5.1917413165116499E-02|        371|
 2|   8.800E+01|                 Infinity|   5.2704627669472988E-02|        360|
 2|   9.000E+01|                 Infinity|   4.8970210687439175E-02|        417|
 2|   9.200E+01|                 Infinity|   4.7781848256749658E-02|        438|
 2|   9.400E+01|                 Infinity|   4.9386479832479478E-02|        410|
 2|   9.600E+01|                 Infinity|   5.0188561322849559E-02|        397|
 2|   9.800E+01|                 Infinity|   4.6373889576016833E-02|        465|
 2|   1.000E+02|                 Infinity|   4.8112522432468816E-02|        432|
 2|   1.020E+02|                 Infinity|   4.9507377148833721E-02|        408|
 2|   1.040E+02|                 Infinity|   5.0188561322849559E-02|        397|
 2|   1.060E+02|                 Infinity|   4.9147318718299048E-02|        414|
 2|   1.080E+02|                 Infinity|   5.1097613030759603E-02|        383|
 2|   1.100E+02|                 Infinity|   5.3452248382484871E-02|        350|
 2|   1.120E+02|                 Infinity|   5.5300126360933101E-02|        327|
 2|   1.140E+02|                 Infinity|   5.4635836470815310E-02|        335|
 2|   1.160E+02|                 Infinity|   5.4882129994845173E-02|        332|
 2|   1.180E+02|                 Infinity|   5.5727821257535282E-02|        322|
 2|   1.200E+02|                 Infinity|   5.8925565098878967E-02|        288|
 2|   1.220E+02|                 Infinity|   5.9654998627189357E-02|        281|
 2|   1.240E+02|                 Infinity|   5.7166195047502949E-02|        306|
 2|   1.260E+02|                 Infinity|   5.9761430466719681E-02|        280|
 2|   1.280E+02|                 Infinity|   6.0302268915552716E-02|        275|
 2|   1.300E+02|                 Infinity|   6.2378286155180533E-02|        257|
 2|   1.320E+02|                 Infinity|   6.2994078834871195E-02|        252|
 2|   1.340E+02|                 Infinity|   6.2017367294604234E-02|        260|
 2|   1.360E+02|                 Infinity|   6.4150029909958411E-02|        243|
 2|   1.380E+02|                 Infinity|   6.6964953018242512E-02|        223|
 2|   1.400E+02|                 Infinity|   6.0522753266880246E-02|        273|
 2|   1.420E+02|                 Infinity|   6.4150029909958411E-02|        243|
 2|   1.440E+02|                 Infinity|   7.0186240634359645E-02|        203|
 2|   1.460E+02|                 Infinity|   7.0186240634359645E-02|        203|
 2|   1.480E+02|                 Infinity|   7.6028592126970551E-02|        173|
 2|   1.500E+02|                 Infinity|   8.0321932890249886E-02|        155|
 2|   1.520E+02|                 Infinity|   7.4953168899586142E-02|        178|
 2|   1.540E+02|                 Infinity|   7.9056941504209485E-02|        160|
 2|   1.560E+02|                 Infinity|   7.6471911290187253E-02|        171|
 2|   1.580E+02|                 Infinity|   7.6923076923076927E-02|        169|
 2|   1.600E+02|                 Infinity|   7.6028592126970551E-02|        173|
 2|   1.620E+02|                 Infinity|   7.1247049987909650E-02|        197|
 2|   1.640E+02|                 Infinity|   8.3045479853739973E-02|        145|
 2|   1.660E+02|                 Infinity|   7.7849894416152296E-02|        165|
 2|   1.680E+02|                 Infinity|   8.6066296582387042E-02|        135|
 2|   1.700E+02|                 Infinity|   7.7382323253413682E-02|        167|
 2|   1.720E+02|                 Infinity|   8.3918135829668908E-02|        142|
 2|   1.740E+02|                 Infinity|   8.1923192051904056E-02|        149|
 2|   1.760E+02|                 Infinity|   8.3333333333333329E-02|        144|
 2|   1.780E+02|                 Infinity|   8.6066296582387042E-02|        135|
 2|   1.800E+02|                 Infinity|   8.4818892967997092E-02|        139|
 2|   1.820E+02|                 Infinity|   8.9802651013387455E-02|        124|
 2|   1.840E+02|                 Infinity|   9.1669849702821132E-02|        119|
 2|   1.860E+02|                 Infinity|   8.0845208345444328E-02|        153|
 2|   1.880E+02|                 Infinity|   9.4072086838359728E-02|        113|
 2|   1.900E+02|                 Infinity|   9.1287092917527679E-02|        120|
 2|   1.920E+02|                 Infinity|   8.7370405666103795E-02|        131|
 2|   1.940E+02|                 Infinity|   8.1110710565381272E-02|        152|
 2|   1.960E+02|                 Infinity|   8.8045090632562384E-02|        129|
 2|   1.980E+02|                 Infinity|   8.6710996952411995E-02|        133|
# integrated result:   6.1209035873466227E-07
#
# Histogram 3: pT(H)                                             
 3|   0.000E+00|                 Infinity|   2.1176177494381335E-02|       2230|
 3|   1.000E+01|                 Infinity|   1.7931631503020816E-02|       3110|
 3|   2.000E+01|                 Infinity|   2.0395425411200103E-02|       2404|
 3|   3.000E+01|                 Infinity|   2.1491713855208944E-02|       2165|
 3|   4.000E+01|                 Infinity|   2.1936999653592838E-02|       2078|
 3|   5.000E+01|                 Infinity|   2.0947289622255394E-02|       2279|
 3|   6.000E+01|                 Infinity|   2.0391184757154641E-02|       2405|
 3|   7.000E+01|                 Infinity|   2.2977882942966148E-02|       1894|
 3|   8.000E+01|                 Infinity|   2.4296476537493127E-02|       1694|
 3|   9.000E+01|                 Infinity|   2.6783579200279007E-02|       1394|
 3|   1.000E+02|                 Infinity|   2.9735051672502628E-02|       1131|
 3|   1.100E+02|                 Infinity|   3.2393177419586847E-02|        953|
 3|   1.200E+02|                 Infinity|   3.3149677206589796E-02|        910|
 3|   1.300E+02|                 Infinity|   3.5444060250416791E-02|        796|
 3|   1.400E+02|                 Infinity|   3.6860489038724284E-02|        736|
 3|   1.500E+02|                 Infinity|   3.8547167224584990E-02|        673|
 3|   1.600E+02|                 Infinity|   4.3274232240791542E-02|        534|
 3|   1.700E+02|                 Infinity|   4.4721359549995794E-02|        500|
 3|   1.800E+02|                 Infinity|   4.9813548138671788E-02|        403|
 3|   1.900E+02|                 Infinity|   5.1571062312939668E-02|        376|
 3|   2.000E+02|                 Infinity|   5.1987524491003641E-02|        370|
 3|   2.100E+02|                 Infinity|   5.4312544659356844E-02|        339|
 3|   2.200E+02|                 Infinity|   5.8123819371909642E-02|        296|
 3|   2.300E+02|                 Infinity|   5.9549133417541367E-02|        282|
 3|   2.400E+02|                 Infinity|   6.4549722436790274E-02|        240|
 3|   2.500E+02|                 Infinity|   7.1795815861773818E-02|        194|
 3|   2.600E+02|                 Infinity|   8.0845208345444328E-02|        153|
 3|   2.700E+02|                 Infinity|   8.0321932890249886E-02|        155|
 3|   2.800E+02|                 Infinity|   8.6386842558136015E-02|        134|
 3|   2.900E+02|                 Infinity|   9.9014754297667443E-02|        102|
 3|   3.000E+02|                 Infinity|   9.3658581158169399E-02|        114|
 3|   3.100E+02|                 Infinity|   1.0259783520851541E-01|         95|
 3|   3.200E+02|                 Infinity|   1.1180339887498948E-01|         80|
 3|   3.300E+02|                 Infinity|   1.1867816581938533E-01|         71|
 3|   3.400E+02|                 Infinity|   1.3867504905630729E-01|         52|
 3|   3.500E+02|                 Infinity|   1.2216944435630522E-01|         67|
 3|   3.600E+02|                 Infinity|   1.3245323570650439E-01|         57|
 3|   3.700E+02|                 Infinity|   1.3363062095621220E-01|         56|
 3|   3.800E+02|                 Infinity|   1.4907119849998599E-01|         45|
 3|   3.900E+02|                 Infinity|   1.5811388300841897E-01|         40|
 3|   4.000E+02|                 Infinity|   1.6903085094570330E-01|         35|
 3|   4.100E+02|                 Infinity|   1.6222142113076254E-01|         38|
 3|   4.200E+02|                 Infinity|   1.6666666666666666E-01|         36|
 3|   4.300E+02|                 Infinity|   1.9611613513818404E-01|         26|
 3|   4.400E+02|                 Infinity|   3.0151134457776363E-01|         11|
 3|   4.500E+02|                 Infinity|   2.5819888974716110E-01|         15|
 3|   4.600E+02|                 Infinity|   2.8867513459481292E-01|         12|
 3|   4.700E+02|                 Infinity|   2.8867513459481292E-01|         12|
 3|   4.800E+02|                 Infinity|   2.8867513459481292E-01|         12|
 3|   4.900E+02|                 Infinity|   3.0151134457776363E-01|         11|
# integrated result:   6.1209035873466100E-07
#
# Histogram 4: pT(j1)                                            
 4|   0.000E+00|                      NaN|   0.0000000000000000E+00|          0|
 4|   1.000E+01|                 Infinity|   8.9087080637474794E-02|        126|
 4|   2.000E+01|                 Infinity|   3.1878835653166911E-02|        984|
 4|   3.000E+01|                 Infinity|   2.2645540682891915E-02|       1950|
 4|   4.000E+01|                 Infinity|   1.8932061141568830E-02|       2790|
 4|   5.000E+01|                 Infinity|   1.7688728441930625E-02|       3196|
 4|   6.000E+01|                 Infinity|   1.8630665602665245E-02|       2881|
 4|   7.000E+01|                 Infinity|   2.0860513166591616E-02|       2298|
 4|   8.000E+01|                 Infinity|   2.2599230735278437E-02|       1958|
 4|   9.000E+01|                 Infinity|   2.4976595407570312E-02|       1603|
 4|   1.000E+02|                 Infinity|   2.7724348650071385E-02|       1301|
 4|   1.100E+02|                 Infinity|   2.9098798098966275E-02|       1181|
 4|   1.200E+02|                 Infinity|   3.0178582014172842E-02|       1098|
 4|   1.300E+02|                 Infinity|   3.1295877196220290E-02|       1021|
 4|   1.400E+02|                 Infinity|   3.2141217326661253E-02|        968|
 4|   1.500E+02|                 Infinity|   3.4752402342845795E-02|        828|
 4|   1.600E+02|                 Infinity|   3.5333262666878668E-02|        801|
 4|   1.700E+02|                 Infinity|   3.8404768632128432E-02|        678|
 4|   1.800E+02|                 Infinity|   3.8376477822666816E-02|        679|
 4|   1.900E+02|                 Infinity|   4.3033148291193521E-02|        540|
 4|   2.000E+02|                 Infinity|   4.6829290579084699E-02|        456|
 4|   2.100E+02|                 Infinity|   4.6524210519923545E-02|        462|
 4|   2.200E+02|                 Infinity|   5.0000000000000003E-02|        400|
 4|   2.300E+02|                 Infinity|   5.2199575097188054E-02|        367|
 4|   2.400E+02|                 Infinity|   5.7831493196624020E-02|        299|
 4|   2.500E+02|                 Infinity|   6.0971076084969232E-02|        269|
 4|   2.600E+02|                 Infinity|   6.1898446059017294E-02|        261|
 4|   2.700E+02|                 Infinity|   6.5938047339578698E-02|        230|
 4|   2.800E+02|                 Infinity|   6.1313933948496581E-02|        266|
 4|   2.900E+02|                 Infinity|   6.9171446386607466E-02|        209|
 4|   3.000E+02|                 Infinity|   6.8842839082151427E-02|        211|
 4|   3.100E+02|                 Infinity|   7.4743509275193590E-02|        179|
 4|   3.200E+02|                 Infinity|   7.6028592126970551E-02|        173|
 4|   3.300E+02|                 Infinity|   7.9808688446762213E-02|        157|
 4|   3.400E+02|                 Infinity|   9.2057461789832346E-02|        118|
 4|   3.500E+02|                 Infinity|   9.4915799575249898E-02|        111|
 4|   3.600E+02|                 Infinity|   9.3658581158169399E-02|        114|
 4|   3.700E+02|                 Infinity|   1.0540925533894598E-01|         90|
 4|   3.800E+02|                 Infinity|   1.0425720702853739E-01|         92|
 4|   3.900E+02|                 Infinity|   1.1043152607484653E-01|         82|
 4|   4.000E+02|                 Infinity|   1.3130643285972254E-01|         58|
 4|   4.100E+02|                 Infinity|   1.3483997249264842E-01|         55|
 4|   4.200E+02|                 Infinity|   1.4285714285714285E-01|         49|
 4|   4.300E+02|                 Infinity|   1.7960530202677491E-01|         31|
 4|   4.400E+02|                 Infinity|   2.5000000000000000E-01|         16|
 4|   4.500E+02|                 Infinity|   1.6222142113076254E-01|         38|
 4|   4.600E+02|                 Infinity|   2.1320071635561041E-01|         22|
 4|   4.700E+02|                 Infinity|   2.1821789023599239E-01|         21|
 4|   4.800E+02|                 Infinity|   2.3570226039551587E-01|         18|
 4|   4.900E+02|                 Infinity|   2.5819888974716110E-01|         15|
# integrated result:   6.1209035873466164E-07
#
# Histogram 5: dy(j1,j2)                                         
 5|  -5.000E+00|                 Infinity|   3.3333333333333331E-01|          9|
 5|  -4.800E+00|                 Infinity|   2.6726124191242440E-01|         14|
 5|  -4.600E+00|                 Infinity|   2.2360679774997896E-01|         20|
 5|  -4.400E+00|                 Infinity|   2.0000000000000001E-01|         25|
 5|  -4.200E+00|                 Infinity|   1.1250879009260240E-01|         79|
 5|  -4.000E+00|                 Infinity|   1.1547005383792514E-01|         75|
 5|  -3.800E+00|                 Infinity|   1.0101525445522107E-01|         98|
 5|  -3.600E+00|                 Infinity|   7.9808688446762213E-02|        157|
 5|  -3.400E+00|                 Infinity|   6.7267279399631244E-02|        221|
 5|  -3.200E+00|                 Infinity|   4.0961596025952028E-02|        596|
 5|  -3.000E+00|                 Infinity|   4.8795003647426664E-02|        420|
 5|  -2.800E+00|                 Infinity|   4.5738935374634825E-02|        478|
 5|  -2.600E+00|                 Infinity|   3.6910673526278109E-02|        734|
 5|  -2.400E+00|                 Infinity|   3.6273812505500581E-02|        760|
 5|  -2.200E+00|                 Infinity|   2.8363801389869981E-02|       1243|
 5|  -2.000E+00|                 Infinity|   1.6859786954334186E-02|       3518|
 5|  -1.800E+00|                 Infinity|   2.0361574059384203E-02|       2412|
 5|  -1.600E+00|                 Infinity|   2.2570430888309446E-02|       1963|
 5|  -1.400E+00|                 Infinity|   2.5237723256253435E-02|       1570|
 5|  -1.200E+00|                 Infinity|   2.4260699053001704E-02|       1699|
 5|  -1.000E+00|                 Infinity|   2.0353137525332639E-02|       2414|
 5|  -8.000E-01|                 Infinity|   2.4007683688367181E-02|       1735|
 5|  -6.000E-01|                 Infinity|   2.1821789023599238E-02|       2100|
 5|  -4.000E-01|                 Infinity|   1.5959704735425923E-02|       3926|
 5|  -2.000E-01|                 Infinity|   2.6198125853112302E-02|       1457|
 5|   0.000E+00|                 Infinity|   4.2070316191167127E-02|        565|
 5|   2.000E-01|                 Infinity|   3.6014120303280987E-02|        771|
 5|   4.000E-01|                 Infinity|   3.3520076157699544E-02|        890|
 5|   6.000E-01|                 Infinity|   4.0422604172722164E-02|        612|
 5|   8.000E-01|                 Infinity|   3.9497625276668211E-02|        641|
 5|   1.000E+00|                 Infinity|   5.5727821257535282E-02|        322|
 5|   1.200E+00|                 Infinity|   8.9442719099991588E-02|        125|
 5|   1.400E+00|                 Infinity|   1.4586499149789456E-01|         47|
 5|   1.600E+00|                 Infinity|   1.3245323570650439E-01|         57|
 5|   1.800E+00|                 Infinity|   1.7149858514250882E-01|         34|
 5|   2.000E+00|                 Infinity|   2.1821789023599239E-01|         21|
 5|   2.200E+00|                 Infinity|   2.3570226039551587E-01|         18|
 5|   2.400E+00|                 Infinity|   2.5819888974716110E-01|         15|
 5|   2.600E+00|                 Infinity|   2.5819888974716110E-01|         15|
 5|   2.800E+00|                 Infinity|   3.3333333333333331E-01|          9|
 5|   3.000E+00|                 Infinity|   4.4721359549995793E-01|          5|
 5|   3.200E+00|                 Infinity|   5.0000000000000000E-01|          4|
 5|   3.400E+00|                 Infinity|   1.0000000000000000E+00|          1|
 5|   3.600E+00|                      NaN|   0.0000000000000000E+00|          0|
 5|   3.800E+00|                 Infinity|   7.0710678118654746E-01|          2|
 5|   4.000E+00|                      NaN|   0.0000000000000000E+00|          0|
 5|   4.200E+00|                      NaN|   0.0000000000000000E+00|          0|
 5|   4.400E+00|                      NaN|   0.0000000000000000E+00|          0|
 5|   4.600E+00|                      NaN|   0.0000000000000000E+00|          0|
 5|   4.800E+00|                      NaN|   0.0000000000000000E+00|          0|
# integrated result:   6.1209035873466301E-07
#
# Histogram 6: mz1                                               
 6|   0.000E+00|                      NaN|   0.0000000000000000E+00|          0|
 6|   2.000E+00|                      NaN|   0.0000000000000000E+00|          0|
 6|   4.000E+00|                 Infinity|   2.9565619799454129E-02|       1144|
 6|   6.000E+00|                 Infinity|   1.8230093920774314E-02|       3009|
 6|   8.000E+00|                 Infinity|   3.5851736969103737E-02|        778|
 6|   1.000E+01|                 Infinity|   5.0315460542662761E-02|        395|
 6|   1.200E+01|                 Infinity|   2.6370633137494492E-02|       1438|
 6|   1.400E+01|                 Infinity|   1.0901165669462145E-02|       8415|
 6|   1.600E+01|                 Infinity|   6.4684622735315084E-02|        239|
 6|   1.800E+01|                 Infinity|   2.7544969439561987E-02|       1318|
 6|   2.000E+01|                 Infinity|   4.8001536073731928E-02|        434|
 6|   2.200E+01|                 Infinity|   5.5384877562171128E-02|        326|
 6|   2.400E+01|                 Infinity|   4.8507125007266595E-02|        425|
 6|   2.600E+01|                 Infinity|   6.1662641597820735E-02|        263|
 6|   2.800E+01|                 Infinity|   7.6249285166302333E-02|        172|
 6|   3.000E+01|                 Infinity|   4.0824829046386307E-01|          6|
 6|   3.200E+01|                 Infinity|   3.7796447300922720E-01|          7|
 6|   3.400E+01|                 Infinity|   3.1622776601683794E-01|         10|
 6|   3.600E+01|                 Infinity|   3.0151134457776363E-01|         11|
 6|   3.800E+01|                 Infinity|   2.4253562503633297E-01|         17|
 6|   4.000E+01|                 Infinity|   2.4253562503633297E-01|         17|
 6|   4.200E+01|                 Infinity|   2.2941573387056174E-01|         19|
 6|   4.400E+01|                 Infinity|   2.0851441405707477E-01|         23|
 6|   4.600E+01|                 Infinity|   2.1821789023599239E-01|         21|
 6|   4.800E+01|                 Infinity|   1.9245008972987526E-01|         27|
 6|   5.000E+01|                 Infinity|   2.1821789023599239E-01|         21|
 6|   5.200E+01|                 Infinity|   2.1821789023599239E-01|         21|
 6|   5.400E+01|                 Infinity|   2.0851441405707477E-01|         23|
 6|   5.600E+01|                 Infinity|   2.0851441405707477E-01|         23|
 6|   5.800E+01|                 Infinity|   1.8257418583505536E-01|         30|
 6|   6.000E+01|                 Infinity|   1.8569533817705186E-01|         29|
 6|   6.200E+01|                 Infinity|   1.8898223650461360E-01|         28|
 6|   6.400E+01|                 Infinity|   2.0851441405707477E-01|         23|
 6|   6.600E+01|                 Infinity|   2.1320071635561041E-01|         22|
 6|   6.800E+01|                 Infinity|   2.0000000000000001E-01|         25|
 6|   7.000E+01|                 Infinity|   1.7407765595569785E-01|         33|
 6|   7.200E+01|                 Infinity|   1.5249857033260467E-01|         43|
 6|   7.400E+01|                 Infinity|   1.3867504905630729E-01|         52|
 6|   7.600E+01|                 Infinity|   1.6222142113076254E-01|         38|
 6|   7.800E+01|                 Infinity|   1.2803687993289598E-01|         61|
 6|   8.000E+01|                 Infinity|   1.1867816581938533E-01|         71|
 6|   8.200E+01|                 Infinity|   9.9503719020998915E-02|        101|
 6|   8.400E+01|                 Infinity|   1.0101525445522107E-01|         98|
 6|   8.600E+01|                 Infinity|   4.8450158311150918E-02|        426|
 6|   8.800E+01|                 Infinity|   3.6249971679720688E-02|        761|
 6|   9.000E+01|                 Infinity|   1.4272612797395282E-02|       4909|
 6|   9.200E+01|                 Infinity|   1.7334381132038411E-02|       3328|
 6|   9.400E+01|                 Infinity|   4.8911598804451853E-02|        418|
 6|   9.600E+01|                 Infinity|   8.8045090632562384E-02|        129|
 6|   9.800E+01|                 Infinity|   5.7073014553534959E-02|        307|
 6|   1.000E+02|                 Infinity|   4.1739193556484110E-02|        574|
 6|   1.020E+02|                 Infinity|   4.3478260869565216E-02|        529|
 6|   1.040E+02|                 Infinity|   4.2371359860703575E-02|        557|
 6|   1.060E+02|                 Infinity|   5.9131239598908258E-02|        286|
 6|   1.080E+02|                 Infinity|   7.5592894601845442E-02|        175|
 6|   1.100E+02|                 Infinity|   9.5782628522115137E-02|        109|
 6|   1.120E+02|                 Infinity|   1.3130643285972254E-01|         58|
 6|   1.140E+02|                 Infinity|   1.3608276348795434E-01|         54|
 6|   1.160E+02|                 Infinity|   2.6726124191242440E-01|         14|
 6|   1.180E+02|                 Infinity|   1.0000000000000000E+00|          1|
 6|   1.200E+02|                      NaN|   0.0000000000000000E+00|          0|
 6|   1.220E+02|                      NaN|   0.0000000000000000E+00|          0|
 6|   1.240E+02|                      NaN|   0.0000000000000000E+00|          0|
 6|   1.260E+02|                      NaN|   0.0000000000000000E+00|          0|
 6|   1.280E+02|                      NaN|   0.0000000000000000E+00|          0|
 6|   1.300E+02|                      NaN|   0.0000000000000000E+00|          0|
 6|   1.320E+02|                      NaN|   0.0000000000000000E+00|          0|
 6|   1.340E+02|                      NaN|   0.0000000000000000E+00|          0|
 6|   1.360E+02|                      NaN|   0.0000000000000000E+00|          0|
 6|   1.380E+02|                      NaN|   0.0000000000000000E+00|          0|
 6|   1.400E+02|                      NaN|   0.0000000000000000E+00|          0|
 6|   1.420E+02|                      NaN|   0.0000000000000000E+00|          0|
 6|   1.440E+02|                      NaN|   0.0000000000000000E+00|          0|
 6|   1.460E+02|                      NaN|   0.0000000000000000E+00|          0|
 6|   1.480E+02|                      NaN|   0.0000000000000000E+00|          0|
 6|   1.500E+02|                      NaN|   0.0000000000000000E+00|          0|
 6|   1.520E+02|                      NaN|   0.0000000000000000E+00|          0|
 6|   1.540E+02|                      NaN|   0.0000000000000000E+00|          0|
 6|   1.560E+02|                      NaN|   0.0000000000000000E+00|          0|
 6|   1.580E+02|                      NaN|   0.0000000000000000E+00|          0|
 6|   1.600E+02|                      NaN|   0.0000000000000000E+00|          0|
 6|   1.620E+02|                      NaN|   0.0000000000000000E+00|          0|
 6|   1.640E+02|                      NaN|   0.0000000000000000E+00|          0|
 6|   1.660E+02|                      NaN|   0.0000000000000000E+00|          0|
 6|   1.680E+02|                      NaN|   0.0000000000000000E+00|          0|
 6|   1.700E+02|                      NaN|   0.0000000000000000E+00|          0|
 6|   1.720E+02|                      NaN|   0.0000000000000000E+00|          0|
 6|   1.740E+02|                      NaN|   0.0000000000000000E+00|          0|
 6|   1.760E+02|                      NaN|   0.0000000000000000E+00|          0|
 6|   1.780E+02|                      NaN|   0.0000000000000000E+00|          0|
 6|   1.800E+02|                      NaN|   0.0000000000000000E+00|          0|
 6|   1.820E+02|                      NaN|   0.0000000000000000E+00|          0|
 6|   1.840E+02|                      NaN|   0.0000000000000000E+00|          0|
 6|   1.860E+02|                      NaN|   0.0000000000000000E+00|          0|
 6|   1.880E+02|                      NaN|   0.0000000000000000E+00|          0|
 6|   1.900E+02|                      NaN|   0.0000000000000000E+00|          0|
 6|   1.920E+02|                      NaN|   0.0000000000000000E+00|          0|
 6|   1.940E+02|                      NaN|   0.0000000000000000E+00|          0|
 6|   1.960E+02|                      NaN|   0.0000000000000000E+00|          0|
 6|   1.980E+02|                      NaN|   0.0000000000000000E+00|          0|
# integrated result:   6.1209035873466100E-07
#
# Histogram 7: mz2                                               
 7|   0.000E+00|                      NaN|   0.0000000000000000E+00|          0|
 7|   2.000E+00|                      NaN|   0.0000000000000000E+00|          0|
 7|   4.000E+00|                 Infinity|   2.8606478384531155E-02|       1222|
 7|   6.000E+00|                 Infinity|   2.6967994498529685E-02|       1375|
 7|   8.000E+00|                 Infinity|   3.0028540676910211E-02|       1109|
 7|   1.000E+01|                 Infinity|   2.2479005982349896E-02|       1979|
 7|   1.200E+01|                 Infinity|   2.1989974856677124E-02|       2068|
 7|   1.400E+01|                 Infinity|   2.8016590734026289E-02|       1274|
 7|   1.600E+01|                 Infinity|   4.0160966445124943E-02|        620|
 7|   1.800E+01|                 Infinity|   4.5407660918649985E-02|        485|
 7|   2.000E+01|                 Infinity|   4.4543540318737397E-02|        504|
 7|   2.200E+01|                 Infinity|   4.8679238351123547E-02|        422|
 7|   2.400E+01|                 Infinity|   5.2631578947368418E-02|        361|
 7|   2.600E+01|                 Infinity|   4.1451333614483915E-02|        582|
 7|   2.800E+01|                 Infinity|   4.1239304942116126E-02|        588|
 7|   3.000E+01|                 Infinity|   5.0379272185987839E-02|        394|
 7|   3.200E+01|                 Infinity|   6.9843029576957816E-02|        205|
 7|   3.400E+01|                 Infinity|   1.2500000000000000E-01|         64|
 7|   3.600E+01|                 Infinity|   1.4285714285714285E-01|         49|
 7|   3.800E+01|                 Infinity|   1.8257418583505536E-01|         30|
 7|   4.000E+01|                 Infinity|   2.2941573387056174E-01|         19|
 7|   4.200E+01|                 Infinity|   1.9245008972987526E-01|         27|
 7|   4.400E+01|                 Infinity|   2.2941573387056174E-01|         19|
 7|   4.600E+01|                 Infinity|   2.3570226039551587E-01|         18|
 7|   4.800E+01|                 Infinity|   2.0412414523193154E-01|         24|
 7|   5.000E+01|                 Infinity|   2.3570226039551587E-01|         18|
 7|   5.200E+01|                 Infinity|   2.7735009811261457E-01|         13|
 7|   5.400E+01|                 Infinity|   2.2360679774997896E-01|         20|
 7|   5.600E+01|                 Infinity|   2.4253562503633297E-01|         17|
 7|   5.800E+01|                 Infinity|   2.8867513459481292E-01|         12|
 7|   6.000E+01|                 Infinity|   2.8867513459481292E-01|         12|
 7|   6.200E+01|                 Infinity|   2.1320071635561041E-01|         22|
 7|   6.400E+01|                 Infinity|   1.7149858514250882E-01|         34|
 7|   6.600E+01|                 Infinity|   1.3245323570650439E-01|         57|
 7|   6.800E+01|                 Infinity|   1.2126781251816648E-01|         68|
 7|   7.000E+01|                 Infinity|   9.2057461789832346E-02|        118|
 7|   7.200E+01|                 Infinity|   7.2168783648703230E-02|        192|
 7|   7.400E+01|                 Infinity|   5.5384877562171128E-02|        326|
 7|   7.600E+01|                 Infinity|   4.3852900965351466E-02|        520|
 7|   7.800E+01|                 Infinity|   5.1639777949432225E-02|        375|
 7|   8.000E+01|                 Infinity|   3.8320083261967369E-02|        681|
 7|   8.200E+01|                 Infinity|   3.8984058779272523E-02|        658|
 7|   8.400E+01|                 Infinity|   3.9683789506627251E-02|        635|
 7|   8.600E+01|                 Infinity|   1.5690256395005604E-02|       4062|
 7|   8.800E+01|                 Infinity|   1.3017787942456283E-02|       5901|
 7|   9.000E+01|                 Infinity|   1.7220914757957267E-02|       3372|
 7|   9.200E+01|                 Infinity|   3.0570892025787156E-02|       1070|
 7|   9.400E+01|                 Infinity|   6.9673301429161769E-02|        206|
 7|   9.600E+01|                 Infinity|   1.9611613513818404E-01|         26|
 7|   9.800E+01|                 Infinity|   2.6726124191242440E-01|         14|
 7|   1.000E+02|                 Infinity|   3.7796447300922720E-01|          7|
 7|   1.020E+02|                 Infinity|   3.5355339059327373E-01|          8|
 7|   1.040E+02|                 Infinity|   5.0000000000000000E-01|          4|
 7|   1.060E+02|                 Infinity|   5.7735026918962584E-01|          3|
 7|   1.080E+02|                      NaN|   0.0000000000000000E+00|          0|
 7|   1.100E+02|                 Infinity|   7.0710678118654746E-01|          2|
 7|   1.120E+02|                      NaN|   0.0000000000000000E+00|          0|
 7|   1.140E+02|                      NaN|   0.0000000000000000E+00|          0|
 7|   1.160E+02|                      NaN|   0.0000000000000000E+00|          0|
 7|   1.180E+02|                      NaN|   0.0000000000000000E+00|          0|
 7|   1.200E+02|                      NaN|   0.0000000000000000E+00|          0|
 7|   1.220E+02|                      NaN|   0.0000000000000000E+00|          0|
 7|   1.240E+02|                      NaN|   0.0000000000000000E+00|          0|
 7|   1.260E+02|                      NaN|   0.0000000000000000E+00|          0|
 7|   1.280E+02|                      NaN|   0.0000000000000000E+00|          0|
 7|   1.300E+02|                      NaN|   0.0000000000000000E+00|          0|
 7|   1.320E+02|                      NaN|   0.0000000000000000E+00|          0|
 7|   1.340E+02|                      NaN|   0.0000000000000000E+00|          0|
 7|   1.360E+02|                      NaN|   0.0000000000000000E+00|          0|
 7|   1.380E+02|                      NaN|   0.0000000000000000E+00|          0|
 7|   1.400E+02|                      NaN|   0.0000000000000000E+00|          0|
 7|   1.420E+02|                      NaN|   0.0000000000000000E+00|          0|
 7|   1.440E+02|                      NaN|   0.0000000000000000E+00|          0|
 7|   1.460E+02|                      NaN|   0.0000000000000000E+00|          0|
 7|   1.480E+02|                      NaN|   0.0000000000000000E+00|          0|
 7|   1.500E+02|                      NaN|   0.0000000000000000E+00|          0|
 7|   1.520E+02|                      NaN|   0.0000000000000000E+00|          0|
 7|   1.540E+02|                      NaN|   0.0000000000000000E+00|          0|
 7|   1.560E+02|                      NaN|   0.0000000000000000E+00|          0|
 7|   1.580E+02|                      NaN|   0.0000000000000000E+00|          0|
 7|   1.600E+02|                      NaN|   0.0000000000000000E+00|          0|
 7|   1.620E+02|                      NaN|   0.0000000000000000E+00|          0|
 7|   1.640E+02|                      NaN|   0.0000000000000000E+00|          0|
 7|   1.660E+02|                      NaN|   0.0000000000000000E+00|          0|
 7|   1.680E+02|                      NaN|   0.0000000000000000E+00|          0|
 7|   1.700E+02|                      NaN|   0.0000000000000000E+00|          0|
 7|   1.720E+02|                      NaN|   0.0000000000000000E+00|          0|
 7|   1.740E+02|                      NaN|   0.0000000000000000E+00|          0|
 7|   1.760E+02|                      NaN|   0.0000000000000000E+00|          0|
 7|   1.780E+02|                      NaN|   0.0000000000000000E+00|          0|
 7|   1.800E+02|                      NaN|   0.0000000000000000E+00|          0|
 7|   1.820E+02|                      NaN|   0.0000000000000000E+00|          0|
 7|   1.840E+02|                      NaN|   0.0000000000000000E+00|          0|
 7|   1.860E+02|                      NaN|   0.0000000000000000E+00|          0|
 7|   1.880E+02|                      NaN|   0.0000000000000000E+00|          0|
 7|   1.900E+02|                      NaN|   0.0000000000000000E+00|          0|
 7|   1.920E+02|                      NaN|   0.0000000000000000E+00|          0|
 7|   1.940E+02|                      NaN|   0.0000000000000000E+00|          0|
 7|   1.960E+02|                      NaN|   0.0000000000000000E+00|          0|
 7|   1.980E+02|                      NaN|   0.0000000000000000E+00|          0|
# integrated result:   6.1209035873466185E-07
#
# Histogram 8: m_4l                                              
 8|   1.000E+02|                 Infinity|   5.5997150937438607E-03|      31891|
 8|   1.400E+02|                      NaN|   0.0000000000000000E+00|          0|
 8|   1.800E+02|                      NaN|   0.0000000000000000E+00|          0|
 8|   2.200E+02|                      NaN|   0.0000000000000000E+00|          0|
 8|   2.600E+02|                      NaN|   0.0000000000000000E+00|          0|
 8|   3.000E+02|                      NaN|   0.0000000000000000E+00|          0|
 8|   3.400E+02|                      NaN|   0.0000000000000000E+00|          0|
 8|   3.800E+02|                      NaN|   0.0000000000000000E+00|          0|
 8|   4.200E+02|                      NaN|   0.0000000000000000E+00|          0|
 8|   4.600E+02|                      NaN|   0.0000000000000000E+00|          0|
 8|   5.000E+02|                      NaN|   0.0000000000000000E+00|          0|
 8|   5.400E+02|                      NaN|   0.0000000000000000E+00|          0|
 8|   5.800E+02|                      NaN|   0.0000000000000000E+00|          0|
 8|   6.200E+02|                      NaN|   0.0000000000000000E+00|          0|
 8|   6.600E+02|                      NaN|   0.0000000000000000E+00|          0|
 8|   7.000E+02|                      NaN|   0.0000000000000000E+00|          0|
 8|   7.400E+02|                      NaN|   0.0000000000000000E+00|          0|
 8|   7.800E+02|                      NaN|   0.0000000000000000E+00|          0|
 8|   8.200E+02|                      NaN|   0.0000000000000000E+00|          0|
 8|   8.600E+02|                      NaN|   0.0000000000000000E+00|          0|
 8|   9.000E+02|                      NaN|   0.0000000000000000E+00|          0|
 8|   9.400E+02|                      NaN|   0.0000000000000000E+00|          0|
 8|   9.800E+02|                      NaN|   0.0000000000000000E+00|          0|
 8|   1.020E+03|                      NaN|   0.0000000000000000E+00|          0|
 8|   1.060E+03|                      NaN|   0.0000000000000000E+00|          0|
 8|   1.100E+03|                      NaN|   0.0000000000000000E+00|          0|
 8|   1.140E+03|                      NaN|   0.0000000000000000E+00|          0|
 8|   1.180E+03|                      NaN|   0.0000000000000000E+00|          0|
 8|   1.220E+03|                      NaN|   0.0000000000000000E+00|          0|
 8|   1.260E+03|                      NaN|   0.0000000000000000E+00|          0|
 8|   1.300E+03|                      NaN|   0.0000000000000000E+00|          0|
 8|   1.340E+03|                      NaN|   0.0000000000000000E+00|          0|
 8|   1.380E+03|                      NaN|   0.0000000000000000E+00|          0|
 8|   1.420E+03|                      NaN|   0.0000000000000000E+00|          0|
 8|   1.460E+03|                      NaN|   0.0000000000000000E+00|          0|
 8|   1.500E+03|                      NaN|   0.0000000000000000E+00|          0|
 8|   1.540E+03|                      NaN|   0.0000000000000000E+00|          0|
 8|   1.580E+03|                      NaN|   0.0000000000000000E+00|          0|
 8|   1.620E+03|                      NaN|   0.0000000000000000E+00|          0|
 8|   1.660E+03|                      NaN|   0.0000000000000000E+00|          0|
 8|   1.700E+03|                      NaN|   0.0000000000000000E+00|          0|
 8|   1.740E+03|                      NaN|   0.0000000000000000E+00|          0|
 8|   1.780E+03|                      NaN|   0.0000000000000000E+00|          0|
 8|   1.820E+03|                      NaN|   0.0000000000000000E+00|          0|
 8|   1.860E+03|                      NaN|   0.0000000000000000E+00|          0|
 8|   1.900E+03|                      NaN|   0.0000000000000000E+00|          0|
 8|   1.940E+03|                      NaN|   0.0000000000000000E+00|          0|
 8|   1.980E+03|                      NaN|   0.0000000000000000E+00|          0|
 8|   2.020E+03|                      NaN|   0.0000000000000000E+00|          0|
 8|   2.060E+03|                      NaN|   0.0000000000000000E+00|          0|
 8|   2.100E+03|                      NaN|   0.0000000000000000E+00|          0|
 8|   2.140E+03|                      NaN|   0.0000000000000000E+00|          0|
 8|   2.180E+03|                      NaN|   0.0000000000000000E+00|          0|
 8|   2.220E+03|                      NaN|   0.0000000000000000E+00|          0|
 8|   2.260E+03|                      NaN|   0.0000000000000000E+00|          0|
 8|   2.300E+03|                      NaN|   0.0000000000000000E+00|          0|
 8|   2.340E+03|                      NaN|   0.0000000000000000E+00|          0|
 8|   2.380E+03|                      NaN|   0.0000000000000000E+00|          0|
 8|   2.420E+03|                      NaN|   0.0000000000000000E+00|          0|
 8|   2.460E+03|                      NaN|   0.0000000000000000E+00|          0|
 8|   2.500E+03|                      NaN|   0.0000000000000000E+00|          0|
 8|   2.540E+03|                      NaN|   0.0000000000000000E+00|          0|
 8|   2.580E+03|                      NaN|   0.0000000000000000E+00|          0|
 8|   2.620E+03|                      NaN|   0.0000000000000000E+00|          0|
 8|   2.660E+03|                      NaN|   0.0000000000000000E+00|          0|
 8|   2.700E+03|                      NaN|   0.0000000000000000E+00|          0|
 8|   2.740E+03|                      NaN|   0.0000000000000000E+00|          0|
 8|   2.780E+03|                      NaN|   0.0000000000000000E+00|          0|
 8|   2.820E+03|                      NaN|   0.0000000000000000E+00|          0|
 8|   2.860E+03|                      NaN|   0.0000000000000000E+00|          0|
 8|   2.900E+03|                      NaN|   0.0000000000000000E+00|          0|
 8|   2.940E+03|                      NaN|   0.0000000000000000E+00|          0|
 8|   2.980E+03|                      NaN|   0.0000000000000000E+00|          0|
 8|   3.020E+03|                      NaN|   0.0000000000000000E+00|          0|
 8|   3.060E+03|                      NaN|   0.0000000000000000E+00|          0|
 8|   3.100E+03|                      NaN|   0.0000000000000000E+00|          0|
 8|   3.140E+03|                      NaN|   0.0000000000000000E+00|          0|
 8|   3.180E+03|                      NaN|   0.0000000000000000E+00|          0|
 8|   3.220E+03|                      NaN|   0.0000000000000000E+00|          0|
 8|   3.260E+03|                      NaN|   0.0000000000000000E+00|          0|
 8|   3.300E+03|                      NaN|   0.0000000000000000E+00|          0|
 8|   3.340E+03|                      NaN|   0.0000000000000000E+00|          0|
 8|   3.380E+03|                      NaN|   0.0000000000000000E+00|          0|
 8|   3.420E+03|                      NaN|   0.0000000000000000E+00|          0|
 8|   3.460E+03|                      NaN|   0.0000000000000000E+00|          0|
 8|   3.500E+03|                      NaN|   0.0000000000000000E+00|          0|
 8|   3.540E+03|                      NaN|   0.0000000000000000E+00|          0|
 8|   3.580E+03|                      NaN|   0.0000000000000000E+00|          0|
 8|   3.620E+03|                      NaN|   0.0000000000000000E+00|          0|
 8|   3.660E+03|                      NaN|   0.0000000000000000E+00|          0|
 8|   3.700E+03|                      NaN|   0.0000000000000000E+00|          0|
 8|   3.740E+03|                      NaN|   0.0000000000000000E+00|          0|
 8|   3.780E+03|                      NaN|   0.0000000000000000E+00|          0|
 8|   3.820E+03|                      NaN|   0.0000000000000000E+00|          0|
 8|   3.860E+03|                      NaN|   0.0000000000000000E+00|          0|
 8|   3.900E+03|                      NaN|   0.0000000000000000E+00|          0|
 8|   3.940E+03|                      NaN|   0.0000000000000000E+00|          0|
 8|   3.980E+03|                      NaN|   0.0000000000000000E+00|          0|
 8|   4.020E+03|                      NaN|   0.0000000000000000E+00|          0|
 8|   4.060E+03|                      NaN|   0.0000000000000000E+00|          0|
# integrated result:   6.1209035873465232E-07
#
# Histogram 9: m_4l                                              
 9|   8.500E+01|                      NaN|   0.0000000000000000E+00|          0|
 9|   8.600E+01|                      NaN|   0.0000000000000000E+00|          0|
 9|   8.700E+01|                      NaN|   0.0000000000000000E+00|          0|
 9|   8.800E+01|                      NaN|   0.0000000000000000E+00|          0|
 9|   8.900E+01|                      NaN|   0.0000000000000000E+00|          0|
 9|   9.000E+01|                      NaN|   0.0000000000000000E+00|          0|
 9|   9.100E+01|                      NaN|   0.0000000000000000E+00|          0|
 9|   9.200E+01|                      NaN|   0.0000000000000000E+00|          0|
 9|   9.300E+01|                      NaN|   0.0000000000000000E+00|          0|
 9|   9.400E+01|                      NaN|   0.0000000000000000E+00|          0|
 9|   9.500E+01|                      NaN|   0.0000000000000000E+00|          0|
 9|   9.600E+01|                      NaN|   0.0000000000000000E+00|          0|
 9|   9.700E+01|                      NaN|   0.0000000000000000E+00|          0|
 9|   9.800E+01|                      NaN|   0.0000000000000000E+00|          0|
 9|   9.900E+01|                      NaN|   0.0000000000000000E+00|          0|
 9|   1.000E+02|                      NaN|   0.0000000000000000E+00|          0|
 9|   1.010E+02|                      NaN|   0.0000000000000000E+00|          0|
 9|   1.020E+02|                      NaN|   0.0000000000000000E+00|          0|
 9|   1.030E+02|                      NaN|   0.0000000000000000E+00|          0|
 9|   1.040E+02|                      NaN|   0.0000000000000000E+00|          0|
 9|   1.050E+02|                      NaN|   0.0000000000000000E+00|          0|
 9|   1.060E+02|                      NaN|   0.0000000000000000E+00|          0|
 9|   1.070E+02|                      NaN|   0.0000000000000000E+00|          0|
 9|   1.080E+02|                      NaN|   0.0000000000000000E+00|          0|
 9|   1.090E+02|                      NaN|   0.0000000000000000E+00|          0|
 9|   1.100E+02|                      NaN|   0.0000000000000000E+00|          0|
 9|   1.110E+02|                      NaN|   0.0000000000000000E+00|          0|
 9|   1.120E+02|                      NaN|   0.0000000000000000E+00|          0|
 9|   1.130E+02|                      NaN|   0.0000000000000000E+00|          0|
 9|   1.140E+02|                      NaN|   0.0000000000000000E+00|          0|
 9|   1.150E+02|                      NaN|   0.0000000000000000E+00|          0|
 9|   1.160E+02|                      NaN|   0.0000000000000000E+00|          0|
 9|   1.170E+02|                      NaN|   0.0000000000000000E+00|          0|
 9|   1.180E+02|                      NaN|   0.0000000000000000E+00|          0|
 9|   1.190E+02|                      NaN|   0.0000000000000000E+00|          0|
 9|   1.200E+02|                      NaN|   0.0000000000000000E+00|          0|
 9|   1.210E+02|                      NaN|   0.0000000000000000E+00|          0|
 9|   1.220E+02|                      NaN|   0.0000000000000000E+00|          0|
 9|   1.230E+02|                      NaN|   0.0000000000000000E+00|          0|
 9|   1.240E+02|                 Infinity|   9.5207875311826562E-03|      11032|
 9|   1.250E+02|                 Infinity|   6.9239393964638666E-03|      20859|
 9|   1.260E+02|                      NaN|   0.0000000000000000E+00|          0|
 9|   1.270E+02|                      NaN|   0.0000000000000000E+00|          0|
 9|   1.280E+02|                      NaN|   0.0000000000000000E+00|          0|
 9|   1.290E+02|                      NaN|   0.0000000000000000E+00|          0|
 9|   1.300E+02|                      NaN|   0.0000000000000000E+00|          0|
 9|   1.310E+02|                      NaN|   0.0000000000000000E+00|          0|
 9|   1.320E+02|                      NaN|   0.0000000000000000E+00|          0|
 9|   1.330E+02|                      NaN|   0.0000000000000000E+00|          0|
 9|   1.340E+02|                      NaN|   0.0000000000000000E+00|          0|
# integrated result:   6.1209035873465920E-07
#
# Histogram10: Phi1                                              
10|  -3.142E+00|                 Infinity|   5.1502620262460476E-02|        377|
10|  -2.985E+00|                 Infinity|   4.8393391849582724E-02|        427|
10|  -2.827E+00|                 Infinity|   4.5596075258755323E-02|        481|
10|  -2.670E+00|                 Infinity|   4.5407660918649985E-02|        485|
10|  -2.513E+00|                 Infinity|   4.3560684186903210E-02|        527|
10|  -2.356E+00|                 Infinity|   4.2144975196108957E-02|        563|
10|  -2.199E+00|                 Infinity|   4.2144975196108957E-02|        563|
10|  -2.042E+00|                 Infinity|   3.8152379685825785E-02|        687|
10|  -1.885E+00|                 Infinity|   3.6369648372665396E-02|        756|
10|  -1.728E+00|                 Infinity|   3.5267280792929914E-02|        804|
10|  -1.571E+00|                 Infinity|   3.5007002100700242E-02|        816|
10|  -1.414E+00|                 Infinity|   3.1782086308186408E-02|        990|
10|  -1.257E+00|                 Infinity|   3.3864273073929821E-02|        872|
10|  -1.100E+00|                 Infinity|   3.3786868919974296E-02|        876|
10|  -9.425E-01|                 Infinity|   3.3595657034169793E-02|        886|
10|  -7.854E-01|                 Infinity|   3.1326574483831929E-02|       1019|
10|  -6.283E-01|                 Infinity|   2.7410122234342145E-02|       1331|
10|  -4.713E-01|                 Infinity|   2.7713699773684663E-02|       1302|
10|  -3.142E-01|                 Infinity|   2.8724249481071301E-02|       1212|
10|  -1.571E-01|                 Infinity|   3.1173984319427479E-02|       1029|
10|  -3.000E-05|                 Infinity|   3.0164848870338080E-02|       1099|
10|   1.570E-01|                 Infinity|   3.0499714066520935E-02|       1075|
10|   3.141E-01|                 Infinity|   2.8060676663315687E-02|       1270|
10|   4.712E-01|                 Infinity|   2.7576371656986686E-02|       1315|
10|   6.283E-01|                 Infinity|   3.0993786368687184E-02|       1041|
10|   7.854E-01|                 Infinity|   3.3942211665106532E-02|        868|
10|   9.424E-01|                 Infinity|   3.4585723193303733E-02|        836|
10|   1.100E+00|                 Infinity|   3.2915400933831662E-02|        923|
10|   1.257E+00|                 Infinity|   3.1718073984777558E-02|        994|
10|   1.414E+00|                 Infinity|   3.2756089104020919E-02|        932|
10|   1.571E+00|                 Infinity|   3.5851736969103737E-02|        778|
10|   1.728E+00|                 Infinity|   3.7662178857735470E-02|        705|
10|   1.885E+00|                 Infinity|   3.8547167224584990E-02|        673|
10|   2.042E+00|                 Infinity|   4.2220033092074907E-02|        561|
10|   2.199E+00|                 Infinity|   4.3478260869565216E-02|        529|
10|   2.356E+00|                 Infinity|   4.3979949713354248E-02|        517|
10|   2.513E+00|                 Infinity|   4.5786854649563009E-02|        477|
10|   2.670E+00|                 Infinity|   4.6625240412015691E-02|        460|
10|   2.827E+00|                 Infinity|   4.8679238351123547E-02|        422|
10|   2.984E+00|                 Infinity|   4.9206783130512292E-02|        413|
# integrated result:   6.1209035873466238E-07
#
