#
# column #1=histogram, #2=x-axis bin, #3=binned cross-section, #4=error, #5=number of events 
# this can be easily plotted in gnuplot with the commands:
#    NHi=3
#    plot 'output.dat' using ($2):($1==NHi ? $3 : 1/0) w st
# where NHi selects the histogram
#
#
# run time =      -0.05min
# TotCS =      1.0103638439E-07           2.21140E-08
#
# Histogram 1: m_jj                                              
 1|   0.000E+00|                 Infinity|   3.2703497008386428E-02|        935|
 1|   5.000E+01|                 Infinity|   1.3425540338526368E-02|       5548|
 1|   1.000E+02|                 Infinity|   1.3110315452406242E-02|       5818|
 1|   1.500E+02|                 Infinity|   1.5413829017161887E-02|       4209|
 1|   2.000E+02|                 Infinity|   1.8245259129220669E-02|       3004|
 1|   2.500E+02|                 Infinity|   2.0549873413169661E-02|       2368|
 1|   3.000E+02|                 Infinity|   2.2639736366332933E-02|       1951|
 1|   3.500E+02|                 Infinity|   2.5725733587791941E-02|       1511|
 1|   4.000E+02|                 Infinity|   2.9185420270888950E-02|       1174|
 1|   4.500E+02|                 Infinity|   3.1234752377721213E-02|       1025|
 1|   5.000E+02|                 Infinity|   3.2738530223582557E-02|        933|
 1|   5.500E+02|                 Infinity|   4.2447635997800888E-02|        555|
 1|   6.000E+02|                 Infinity|   4.4194173824159216E-02|        512|
 1|   6.500E+02|                 Infinity|   5.2777981396925952E-02|        359|
 1|   7.000E+02|                 Infinity|   6.8518870982753166E-02|        213|
 1|   7.500E+02|                 Infinity|   7.8567420131838608E-02|        162|
 1|   8.000E+02|                 Infinity|   1.1250879009260240E-01|         79|
 1|   8.500E+02|                 Infinity|   1.2700012700019050E-01|         62|
 1|   9.000E+02|                 Infinity|   1.8898223650461360E-01|         28|
 1|   9.500E+02|                 Infinity|   2.4253562503633297E-01|         17|
 1|   1.000E+03|                 Infinity|   2.6726124191242440E-01|         14|
 1|   1.050E+03|                 Infinity|   3.5355339059327373E-01|          8|
 1|   1.100E+03|                 Infinity|   5.0000000000000000E-01|          4|
 1|   1.150E+03|                 Infinity|   7.0710678118654746E-01|          2|
 1|   1.200E+03|                 Infinity|   1.0000000000000000E+00|          1|
 1|   1.250E+03|                 Infinity|   5.7735026918962584E-01|          3|
 1|   1.300E+03|                 Infinity|   5.0000000000000000E-01|          4|
 1|   1.350E+03|                 Infinity|   1.0000000000000000E+00|          1|
 1|   1.400E+03|                 Infinity|   1.0000000000000000E+00|          1|
 1|   1.450E+03|                      NaN|   0.0000000000000000E+00|          0|
 1|   1.500E+03|                 Infinity|   7.0710678118654746E-01|          2|
 1|   1.550E+03|                 Infinity|   1.0000000000000000E+00|          1|
 1|   1.600E+03|                 Infinity|   1.0000000000000000E+00|          1|
 1|   1.650E+03|                      NaN|   0.0000000000000000E+00|          0|
 1|   1.700E+03|                 Infinity|   1.0000000000000000E+00|          1|
 1|   1.750E+03|                      NaN|   0.0000000000000000E+00|          0|
 1|   1.800E+03|                      NaN|   0.0000000000000000E+00|          0|
 1|   1.850E+03|                      NaN|   0.0000000000000000E+00|          0|
 1|   1.900E+03|                 Infinity|   1.0000000000000000E+00|          1|
 1|   1.950E+03|                      NaN|   0.0000000000000000E+00|          0|
 1|   2.000E+03|                      NaN|   0.0000000000000000E+00|          0|
 1|   2.050E+03|                 Infinity|   1.0000000000000000E+00|          1|
 1|   2.100E+03|                 Infinity|   7.0710678118654746E-01|          2|
 1|   2.150E+03|                 Infinity|   1.0000000000000000E+00|          1|
 1|   2.200E+03|                 Infinity|   1.0000000000000000E+00|          1|
 1|   2.250E+03|                      NaN|   0.0000000000000000E+00|          0|
 1|   2.300E+03|                      NaN|   0.0000000000000000E+00|          0|
 1|   2.350E+03|                 Infinity|   7.0710678118654746E-01|          2|
 1|   2.400E+03|                      NaN|   0.0000000000000000E+00|          0|
 1|   2.450E+03|                      NaN|   0.0000000000000000E+00|          0|
 1|   2.500E+03|                      NaN|   0.0000000000000000E+00|          0|
 1|   2.550E+03|                      NaN|   0.0000000000000000E+00|          0|
 1|   2.600E+03|                 Infinity|   1.0000000000000000E+00|          1|
 1|   2.650E+03|                      NaN|   0.0000000000000000E+00|          0|
 1|   2.700E+03|                      NaN|   0.0000000000000000E+00|          0|
 1|   2.750E+03|                      NaN|   0.0000000000000000E+00|          0|
 1|   2.800E+03|                      NaN|   0.0000000000000000E+00|          0|
 1|   2.850E+03|                      NaN|   0.0000000000000000E+00|          0|
 1|   2.900E+03|                      NaN|   0.0000000000000000E+00|          0|
 1|   2.950E+03|                      NaN|   0.0000000000000000E+00|          0|
 1|   3.000E+03|                      NaN|   0.0000000000000000E+00|          0|
 1|   3.050E+03|                      NaN|   0.0000000000000000E+00|          0|
 1|   3.100E+03|                      NaN|   0.0000000000000000E+00|          0|
 1|   3.150E+03|                      NaN|   0.0000000000000000E+00|          0|
 1|   3.200E+03|                      NaN|   0.0000000000000000E+00|          0|
 1|   3.250E+03|                      NaN|   0.0000000000000000E+00|          0|
 1|   3.300E+03|                      NaN|   0.0000000000000000E+00|          0|
 1|   3.350E+03|                      NaN|   0.0000000000000000E+00|          0|
 1|   3.400E+03|                      NaN|   0.0000000000000000E+00|          0|
 1|   3.450E+03|                      NaN|   0.0000000000000000E+00|          0|
 1|   3.500E+03|                      NaN|   0.0000000000000000E+00|          0|
 1|   3.550E+03|                      NaN|   0.0000000000000000E+00|          0|
 1|   3.600E+03|                      NaN|   0.0000000000000000E+00|          0|
 1|   3.650E+03|                      NaN|   0.0000000000000000E+00|          0|
 1|   3.700E+03|                      NaN|   0.0000000000000000E+00|          0|
 1|   3.750E+03|                      NaN|   0.0000000000000000E+00|          0|
 1|   3.800E+03|                      NaN|   0.0000000000000000E+00|          0|
 1|   3.850E+03|                      NaN|   0.0000000000000000E+00|          0|
 1|   3.900E+03|                      NaN|   0.0000000000000000E+00|          0|
 1|   3.950E+03|                      NaN|   0.0000000000000000E+00|          0|
 1|   4.000E+03|                      NaN|   0.0000000000000000E+00|          0|
 1|   4.050E+03|                      NaN|   0.0000000000000000E+00|          0|
 1|   4.100E+03|                      NaN|   0.0000000000000000E+00|          0|
 1|   4.150E+03|                      NaN|   0.0000000000000000E+00|          0|
 1|   4.200E+03|                      NaN|   0.0000000000000000E+00|          0|
 1|   4.250E+03|                      NaN|   0.0000000000000000E+00|          0|
 1|   4.300E+03|                      NaN|   0.0000000000000000E+00|          0|
 1|   4.350E+03|                      NaN|   0.0000000000000000E+00|          0|
 1|   4.400E+03|                      NaN|   0.0000000000000000E+00|          0|
 1|   4.450E+03|                      NaN|   0.0000000000000000E+00|          0|
 1|   4.500E+03|                      NaN|   0.0000000000000000E+00|          0|
 1|   4.550E+03|                      NaN|   0.0000000000000000E+00|          0|
 1|   4.600E+03|                      NaN|   0.0000000000000000E+00|          0|
 1|   4.650E+03|                      NaN|   0.0000000000000000E+00|          0|
 1|   4.700E+03|                      NaN|   0.0000000000000000E+00|          0|
 1|   4.750E+03|                      NaN|   0.0000000000000000E+00|          0|
 1|   4.800E+03|                      NaN|   0.0000000000000000E+00|          0|
 1|   4.850E+03|                      NaN|   0.0000000000000000E+00|          0|
 1|   4.900E+03|                      NaN|   0.0000000000000000E+00|          0|
 1|   4.950E+03|                      NaN|   0.0000000000000000E+00|          0|
# integrated result:   1.0103638439094983E-07
#
# Histogram 2: m_jj                                              
 2|   0.000E+00|                      NaN|   0.0000000000000000E+00|          0|
 2|   2.000E+00|                      NaN|   0.0000000000000000E+00|          0|
 2|   4.000E+00|                      NaN|   0.0000000000000000E+00|          0|
 2|   6.000E+00|                      NaN|   0.0000000000000000E+00|          0|
 2|   8.000E+00|                      NaN|   0.0000000000000000E+00|          0|
 2|   1.000E+01|                      NaN|   0.0000000000000000E+00|          0|
 2|   1.200E+01|                      NaN|   0.0000000000000000E+00|          0|
 2|   1.400E+01|                      NaN|   0.0000000000000000E+00|          0|
 2|   1.600E+01|                      NaN|   0.0000000000000000E+00|          0|
 2|   1.800E+01|                      NaN|   0.0000000000000000E+00|          0|
 2|   2.000E+01|                      NaN|   0.0000000000000000E+00|          0|
 2|   2.200E+01|                      NaN|   0.0000000000000000E+00|          0|
 2|   2.400E+01|                      NaN|   0.0000000000000000E+00|          0|
 2|   2.600E+01|                      NaN|   0.0000000000000000E+00|          0|
 2|   2.800E+01|                      NaN|   0.0000000000000000E+00|          0|
 2|   3.000E+01|                 Infinity|   1.7677669529663687E-01|         32|
 2|   3.200E+01|                 Infinity|   1.6012815380508713E-01|         39|
 2|   3.400E+01|                 Infinity|   1.3736056394868904E-01|         53|
 2|   3.600E+01|                 Infinity|   1.3363062095621220E-01|         56|
 2|   3.800E+01|                 Infinity|   1.1624763874381928E-01|         74|
 2|   4.000E+01|                 Infinity|   1.0101525445522107E-01|         98|
 2|   4.200E+01|                 Infinity|   8.5435765771676095E-02|        137|
 2|   4.400E+01|                 Infinity|   8.6710996952411995E-02|        133|
 2|   4.600E+01|                 Infinity|   7.5592894601845442E-02|        175|
 2|   4.800E+01|                 Infinity|   8.5125653075874858E-02|        138|
 2|   5.000E+01|                 Infinity|   7.4535599249992993E-02|        180|
 2|   5.200E+01|                 Infinity|   8.2760588860236795E-02|        146|
 2|   5.400E+01|                 Infinity|   7.6249285166302333E-02|        172|
 2|   5.600E+01|                 Infinity|   8.1378845877115941E-02|        151|
 2|   5.800E+01|                 Infinity|   7.5809804357890337E-02|        174|
 2|   6.000E+01|                 Infinity|   7.0359754473029182E-02|        202|
 2|   6.200E+01|                 Infinity|   7.1611487403943297E-02|        195|
 2|   6.400E+01|                 Infinity|   6.8842839082151427E-02|        211|
 2|   6.600E+01|                 Infinity|   6.6964953018242512E-02|        223|
 2|   6.800E+01|                 Infinity|   7.1247049987909650E-02|        197|
 2|   7.000E+01|                 Infinity|   6.9504804685691590E-02|        207|
 2|   7.200E+01|                 Infinity|   6.8680281974344518E-02|        212|
 2|   7.400E+01|                 Infinity|   6.4549722436790274E-02|        240|
 2|   7.600E+01|                 Infinity|   6.3887656499993992E-02|        245|
 2|   7.800E+01|                 Infinity|   6.4549722436790274E-02|        240|
 2|   8.000E+01|                 Infinity|   6.6666666666666666E-02|        225|
 2|   8.200E+01|                 Infinity|   6.0858061945018457E-02|        270|
 2|   8.400E+01|                 Infinity|   6.1084722178152612E-02|        268|
 2|   8.600E+01|                 Infinity|   6.1545745489666362E-02|        264|
 2|   8.800E+01|                 Infinity|   6.8680281974344518E-02|        212|
 2|   9.000E+01|                 Infinity|   6.1084722178152612E-02|        268|
 2|   9.200E+01|                 Infinity|   6.2500000000000000E-02|        256|
 2|   9.400E+01|                 Infinity|   6.0633906259083242E-02|        272|
 2|   9.600E+01|                 Infinity|   6.2622429108514954E-02|        255|
 2|   9.800E+01|                 Infinity|   6.1662641597820735E-02|        263|
 2|   1.000E+02|                 Infinity|   6.2136976600120006E-02|        259|
 2|   1.020E+02|                 Infinity|   6.0745673923078697E-02|        271|
 2|   1.040E+02|                 Infinity|   6.2500000000000000E-02|        256|
 2|   1.060E+02|                 Infinity|   5.9654998627189357E-02|        281|
 2|   1.080E+02|                 Infinity|   6.1898446059017294E-02|        261|
 2|   1.100E+02|                 Infinity|   6.1429511683395117E-02|        265|
 2|   1.120E+02|                 Infinity|   6.2869461346193145E-02|        253|
 2|   1.140E+02|                 Infinity|   6.2500000000000000E-02|        256|
 2|   1.160E+02|                 Infinity|   6.3757671306333821E-02|        246|
 2|   1.180E+02|                 Infinity|   6.3372425052447792E-02|        249|
 2|   1.200E+02|                 Infinity|   6.3757671306333821E-02|        246|
 2|   1.220E+02|                 Infinity|   6.6666666666666666E-02|        225|
 2|   1.240E+02|                 Infinity|   6.4150029909958411E-02|        243|
 2|   1.260E+02|                 Infinity|   6.5232807305344226E-02|        235|
 2|   1.280E+02|                 Infinity|   6.5653216429861272E-02|        232|
 2|   1.300E+02|                 Infinity|   6.6081860045508978E-02|        229|
 2|   1.320E+02|                 Infinity|   6.7573737839948592E-02|        219|
 2|   1.340E+02|                 Infinity|   6.7728546147859642E-02|        218|
 2|   1.360E+02|                 Infinity|   7.3521462209380772E-02|        185|
 2|   1.380E+02|                 Infinity|   6.7573737839948592E-02|        219|
 2|   1.400E+02|                 Infinity|   7.2357460529242162E-02|        191|
 2|   1.420E+02|                 Infinity|   7.1795815861773818E-02|        194|
 2|   1.440E+02|                 Infinity|   6.8199433947047347E-02|        215|
 2|   1.460E+02|                 Infinity|   7.3127242412713067E-02|        187|
 2|   1.480E+02|                 Infinity|   7.3922127095457285E-02|        183|
 2|   1.500E+02|                 Infinity|   7.4535599249992993E-02|        180|
 2|   1.520E+02|                 Infinity|   6.8041381743977170E-02|        216|
 2|   1.540E+02|                 Infinity|   7.1247049987909650E-02|        197|
 2|   1.560E+02|                 Infinity|   7.6249285166302333E-02|        172|
 2|   1.580E+02|                 Infinity|   6.8358592702466331E-02|        214|
 2|   1.600E+02|                 Infinity|   7.0888120500833582E-02|        199|
 2|   1.620E+02|                 Infinity|   7.6249285166302333E-02|        172|
 2|   1.640E+02|                 Infinity|   7.7151674981045956E-02|        168|
 2|   1.660E+02|                 Infinity|   7.2739296745330792E-02|        189|
 2|   1.680E+02|                 Infinity|   7.3922127095457285E-02|        183|
 2|   1.700E+02|                 Infinity|   7.9555728417572996E-02|        158|
 2|   1.720E+02|                 Infinity|   7.7849894416152296E-02|        165|
 2|   1.740E+02|                 Infinity|   8.3624201000709081E-02|        143|
 2|   1.760E+02|                 Infinity|   7.6028592126970551E-02|        173|
 2|   1.780E+02|                 Infinity|   7.5164602800282893E-02|        177|
 2|   1.800E+02|                 Infinity|   7.7849894416152296E-02|        165|
 2|   1.820E+02|                 Infinity|   8.1110710565381272E-02|        152|
 2|   1.840E+02|                 Infinity|   7.8567420131838608E-02|        162|
 2|   1.860E+02|                 Infinity|   8.1378845877115941E-02|        151|
 2|   1.880E+02|                 Infinity|   8.3045479853739973E-02|        145|
 2|   1.900E+02|                 Infinity|   8.6066296582387042E-02|        135|
 2|   1.920E+02|                 Infinity|   8.5749292571254410E-02|        136|
 2|   1.940E+02|                 Infinity|   7.6923076923076927E-02|        169|
 2|   1.960E+02|                 Infinity|   8.3624201000709081E-02|        143|
 2|   1.980E+02|                 Infinity|   8.3045479853739973E-02|        145|
# integrated result:   1.0103638439095009E-07
#
# Histogram 3: pT(H)                                             
 3|   0.000E+00|                 Infinity|   2.5269934785963448E-02|       1566|
 3|   1.000E+01|                 Infinity|   1.8777894154716993E-02|       2836|
 3|   2.000E+01|                 Infinity|   1.8566333001716968E-02|       2901|
 3|   3.000E+01|                 Infinity|   1.8986581228931064E-02|       2774|
 3|   4.000E+01|                 Infinity|   2.0207175225248872E-02|       2449|
 3|   5.000E+01|                 Infinity|   2.1626993492417011E-02|       2138|
 3|   6.000E+01|                 Infinity|   2.2377469175267228E-02|       1997|
 3|   7.000E+01|                 Infinity|   2.4573659359149524E-02|       1656|
 3|   8.000E+01|                 Infinity|   2.5759852612848935E-02|       1507|
 3|   9.000E+01|                 Infinity|   2.7503266206804603E-02|       1322|
 3|   1.000E+02|                 Infinity|   2.9840776634222691E-02|       1123|
 3|   1.100E+02|                 Infinity|   3.1702131247412065E-02|        995|
 3|   1.200E+02|                 Infinity|   3.4921514788478908E-02|        820|
 3|   1.300E+02|                 Infinity|   3.7241946136192937E-02|        721|
 3|   1.400E+02|                 Infinity|   3.8924947208076148E-02|        660|
 3|   1.500E+02|                 Infinity|   4.1922180815031851E-02|        569|
 3|   1.600E+02|                 Infinity|   4.6126560401444250E-02|        470|
 3|   1.700E+02|                 Infinity|   4.6077567758409141E-02|        471|
 3|   1.800E+02|                 Infinity|   5.2558833122763673E-02|        362|
 3|   1.900E+02|                 Infinity|   5.3994924715603881E-02|        343|
 3|   2.000E+02|                 Infinity|   5.6165595630173037E-02|        317|
 3|   2.100E+02|                 Infinity|   5.9339082909692663E-02|        284|
 3|   2.200E+02|                 Infinity|   5.9339082909692663E-02|        284|
 3|   2.300E+02|                 Infinity|   6.5232807305344226E-02|        235|
 3|   2.400E+02|                 Infinity|   6.9171446386607466E-02|        209|
 3|   2.500E+02|                 Infinity|   7.9555728417572996E-02|        158|
 3|   2.600E+02|                 Infinity|   8.3045479853739973E-02|        145|
 3|   2.700E+02|                 Infinity|   8.5749292571254410E-02|        136|
 3|   2.800E+02|                 Infinity|   8.9087080637474794E-02|        126|
 3|   2.900E+02|                 Infinity|   9.4915799575249898E-02|        111|
 3|   3.000E+02|                 Infinity|   9.8532927816429319E-02|        103|
 3|   3.100E+02|                 Infinity|   1.0425720702853739E-01|         92|
 3|   3.200E+02|                 Infinity|   1.0206207261596577E-01|         96|
 3|   3.300E+02|                 Infinity|   1.2038585308576920E-01|         69|
 3|   3.400E+02|                 Infinity|   1.3245323570650439E-01|         57|
 3|   3.500E+02|                 Infinity|   1.2803687993289598E-01|         61|
 3|   3.600E+02|                 Infinity|   1.4433756729740646E-01|         48|
 3|   3.700E+02|                 Infinity|   1.4285714285714285E-01|         49|
 3|   3.800E+02|                 Infinity|   1.6222142113076254E-01|         38|
 3|   3.900E+02|                 Infinity|   1.6903085094570330E-01|         35|
 3|   4.000E+02|                 Infinity|   2.2360679774997896E-01|         20|
 3|   4.100E+02|                 Infinity|   2.2941573387056174E-01|         19|
 3|   4.200E+02|                 Infinity|   2.1821789023599239E-01|         21|
 3|   4.300E+02|                 Infinity|   1.9245008972987526E-01|         27|
 3|   4.400E+02|                 Infinity|   2.7735009811261457E-01|         13|
 3|   4.500E+02|                 Infinity|   4.0824829046386307E-01|          6|
 3|   4.600E+02|                 Infinity|   3.1622776601683794E-01|         10|
 3|   4.700E+02|                 Infinity|   2.8867513459481292E-01|         12|
 3|   4.800E+02|                 Infinity|   4.4721359549995793E-01|          5|
 3|   4.900E+02|                 Infinity|   4.0824829046386307E-01|          6|
# integrated result:   1.0103638439094994E-07
#
# Histogram 4: pT(j1)                                            
 4|   0.000E+00|                      NaN|   0.0000000000000000E+00|          0|
 4|   1.000E+01|                 Infinity|   8.7705801930702931E-02|        130|
 4|   2.000E+01|                 Infinity|   2.8295591748714637E-02|       1249|
 4|   3.000E+01|                 Infinity|   2.2124110386665733E-02|       2043|
 4|   4.000E+01|                 Infinity|   2.0391184757154641E-02|       2405|
 4|   5.000E+01|                 Infinity|   2.0125165247152441E-02|       2469|
 4|   6.000E+01|                 Infinity|   2.1011927654376678E-02|       2265|
 4|   7.000E+01|                 Infinity|   2.2070162219599010E-02|       2053|
 4|   8.000E+01|                 Infinity|   2.3735633163877067E-02|       1775|
 4|   9.000E+01|                 Infinity|   2.5582225504832540E-02|       1528|
 4|   1.000E+02|                 Infinity|   2.5993762245501820E-02|       1480|
 4|   1.100E+02|                 Infinity|   2.7441064997422587E-02|       1328|
 4|   1.200E+02|                 Infinity|   2.9708795551115327E-02|       1133|
 4|   1.300E+02|                 Infinity|   3.0386856273138200E-02|       1083|
 4|   1.400E+02|                 Infinity|   3.2986956237702113E-02|        919|
 4|   1.500E+02|                 Infinity|   3.3241124765726680E-02|        905|
 4|   1.600E+02|                 Infinity|   3.4794450031961049E-02|        826|
 4|   1.700E+02|                 Infinity|   3.7345684348663553E-02|        717|
 4|   1.800E+02|                 Infinity|   3.9405520311955031E-02|        644|
 4|   1.900E+02|                 Infinity|   4.0064154010750197E-02|        623|
 4|   2.000E+02|                 Infinity|   4.4022545316281192E-02|        516|
 4|   2.100E+02|                 Infinity|   4.4856130401625657E-02|        497|
 4|   2.200E+02|                 Infinity|   4.6473941234017310E-02|        463|
 4|   2.300E+02|                 Infinity|   5.0898659855928764E-02|        386|
 4|   2.400E+02|                 Infinity|   5.2558833122763673E-02|        362|
 4|   2.500E+02|                 Infinity|   5.5989251095585432E-02|        319|
 4|   2.600E+02|                 Infinity|   5.8520573598065284E-02|        292|
 4|   2.700E+02|                 Infinity|   6.2257280636469035E-02|        258|
 4|   2.800E+02|                 Infinity|   6.6226617853252193E-02|        228|
 4|   2.900E+02|                 Infinity|   6.5795169495976899E-02|        231|
 4|   3.000E+02|                 Infinity|   7.4124931666110117E-02|        182|
 4|   3.100E+02|                 Infinity|   7.8086880944303036E-02|        164|
 4|   3.200E+02|                 Infinity|   8.2478609884232251E-02|        147|
 4|   3.300E+02|                 Infinity|   8.7038827977848926E-02|        132|
 4|   3.400E+02|                 Infinity|   9.4072086838359728E-02|        113|
 4|   3.500E+02|                 Infinity|   9.5782628522115137E-02|        109|
 4|   3.600E+02|                 Infinity|   1.1322770341445956E-01|         78|
 4|   3.700E+02|                 Infinity|   1.2598815766974239E-01|         63|
 4|   3.800E+02|                 Infinity|   1.1867816581938533E-01|         71|
 4|   3.900E+02|                 Infinity|   1.3483997249264842E-01|         55|
 4|   4.000E+02|                 Infinity|   1.4433756729740646E-01|         48|
 4|   4.100E+02|                 Infinity|   1.6439898730535729E-01|         37|
 4|   4.200E+02|                 Infinity|   1.9611613513818404E-01|         26|
 4|   4.300E+02|                 Infinity|   2.3570226039551587E-01|         18|
 4|   4.400E+02|                 Infinity|   2.4253562503633297E-01|         17|
 4|   4.500E+02|                 Infinity|   2.5819888974716110E-01|         15|
 4|   4.600E+02|                 Infinity|   3.3333333333333331E-01|          9|
 4|   4.700E+02|                 Infinity|   2.6726124191242440E-01|         14|
 4|   4.800E+02|                 Infinity|   3.1622776601683794E-01|         10|
 4|   4.900E+02|                 Infinity|   2.7735009811261457E-01|         13|
# integrated result:   1.0103638439094992E-07
#
# Histogram 5: dy(j1,j2)                                         
 5|  -5.000E+00|                      NaN|   0.0000000000000000E+00|          0|
 5|  -4.800E+00|                      NaN|   0.0000000000000000E+00|          0|
 5|  -4.600E+00|                 Infinity|   1.0000000000000000E+00|          1|
 5|  -4.400E+00|                 Infinity|   1.0000000000000000E+00|          1|
 5|  -4.200E+00|                 Infinity|   5.0000000000000000E-01|          4|
 5|  -4.000E+00|                 Infinity|   5.0000000000000000E-01|          4|
 5|  -3.800E+00|                 Infinity|   3.7796447300922720E-01|          7|
 5|  -3.600E+00|                 Infinity|   4.4721359549995793E-01|          5|
 5|  -3.400E+00|                 Infinity|   3.0151134457776363E-01|         11|
 5|  -3.200E+00|                 Infinity|   2.6726124191242440E-01|         14|
 5|  -3.000E+00|                 Infinity|   2.3570226039551587E-01|         18|
 5|  -2.800E+00|                 Infinity|   1.7677669529663687E-01|         32|
 5|  -2.600E+00|                 Infinity|   1.7960530202677491E-01|         31|
 5|  -2.400E+00|                 Infinity|   1.4744195615489714E-01|         46|
 5|  -2.200E+00|                 Infinity|   1.4907119849998599E-01|         45|
 5|  -2.000E+00|                 Infinity|   1.1704114719613057E-01|         73|
 5|  -1.800E+00|                 Infinity|   1.1547005383792514E-01|         75|
 5|  -1.600E+00|                 Infinity|   9.3658581158169399E-02|        114|
 5|  -1.400E+00|                 Infinity|   7.5377836144440907E-02|        176|
 5|  -1.200E+00|                 Infinity|   6.2994078834871195E-02|        252|
 5|  -1.000E+00|                 Infinity|   5.7073014553534959E-02|        307|
 5|  -8.000E-01|                 Infinity|   3.9405520311955031E-02|        644|
 5|  -6.000E-01|                 Infinity|   3.3652679406803228E-02|        883|
 5|  -4.000E-01|                 Infinity|   3.4585723193303733E-02|        836|
 5|  -2.000E-01|                 Infinity|   3.8069349381344049E-02|        690|
 5|   0.000E+00|                 Infinity|   3.5355339059327376E-02|        800|
 5|   2.000E-01|                 Infinity|   2.9947637411773989E-02|       1115|
 5|   4.000E-01|                 Infinity|   2.3809523809523808E-02|       1764|
 5|   6.000E-01|                 Infinity|   2.1124141684149264E-02|       2241|
 5|   8.000E-01|                 Infinity|   2.3884108859621590E-02|       1753|
 5|   1.000E+00|                 Infinity|   2.3570226039551584E-02|       1800|
 5|   1.200E+00|                 Infinity|   2.2541740866685808E-02|       1968|
 5|   1.400E+00|                 Infinity|   2.4588511980245170E-02|       1654|
 5|   1.600E+00|                 Infinity|   2.6899609689495087E-02|       1382|
 5|   1.800E+00|                 Infinity|   2.4310831916315757E-02|       1692|
 5|   2.000E+00|                 Infinity|   2.5811286645983367E-02|       1501|
 5|   2.200E+00|                 Infinity|   2.8306925853614891E-02|       1248|
 5|   2.400E+00|                 Infinity|   3.0671383606587218E-02|       1063|
 5|   2.600E+00|                 Infinity|   2.9748205865436483E-02|       1130|
 5|   2.800E+00|                 Infinity|   2.7399831217559550E-02|       1332|
 5|   3.000E+00|                 Infinity|   2.3459704442429407E-02|       1817|
 5|   3.200E+00|                 Infinity|   3.1976473969553970E-02|        978|
 5|   3.400E+00|                 Infinity|   4.3602072019694738E-02|        526|
 5|   3.600E+00|                 Infinity|   6.7419986246324212E-02|        220|
 5|   3.800E+00|                 Infinity|   8.8735650941611385E-02|        127|
 5|   4.000E+00|                 Infinity|   1.1867816581938533E-01|         71|
 5|   4.200E+00|                 Infinity|   1.7677669529663687E-01|         32|
 5|   4.400E+00|                 Infinity|   2.5819888974716110E-01|         15|
 5|   4.600E+00|                 Infinity|   4.4721359549995793E-01|          5|
 5|   4.800E+00|                 Infinity|   3.7796447300922720E-01|          7|
# integrated result:   1.0103638439094994E-07
#
# Histogram 6: mz1                                               
 6|   0.000E+00|                      NaN|   0.0000000000000000E+00|          0|
 6|   2.000E+00|                      NaN|   0.0000000000000000E+00|          0|
 6|   4.000E+00|                 Infinity|   2.2507456830317185E-02|       1974|
 6|   6.000E+00|                 Infinity|   2.0919769632765199E-02|       2285|
 6|   8.000E+00|                 Infinity|   1.9783564706223267E-02|       2555|
 6|   1.000E+01|                 Infinity|   4.1030496993110906E-02|        594|
 6|   1.200E+01|                 Infinity|   4.8280454958526758E-02|        429|
 6|   1.400E+01|                 Infinity|   4.9507377148833721E-02|        408|
 6|   1.600E+01|                 Infinity|   3.7062465833055058E-02|        728|
 6|   1.800E+01|                 Infinity|   2.4603391565256146E-02|       1652|
 6|   2.000E+01|                 Infinity|   3.2075014954979206E-02|        972|
 6|   2.200E+01|                 Infinity|   4.5596075258755323E-02|        481|
 6|   2.400E+01|                 Infinity|   3.9163022499397869E-02|        652|
 6|   2.600E+01|                 Infinity|   5.8823529411764705E-02|        289|
 6|   2.800E+01|                 Infinity|   2.5819888974716110E-01|         15|
 6|   3.000E+01|                 Infinity|   3.1622776601683794E-01|         10|
 6|   3.200E+01|                 Infinity|   2.6726124191242440E-01|         14|
 6|   3.400E+01|                 Infinity|   2.6726124191242440E-01|         14|
 6|   3.600E+01|                 Infinity|   2.5000000000000000E-01|         16|
 6|   3.800E+01|                 Infinity|   3.1622776601683794E-01|         10|
 6|   4.000E+01|                 Infinity|   2.1320071635561041E-01|         22|
 6|   4.200E+01|                 Infinity|   1.7960530202677491E-01|         31|
 6|   4.400E+01|                 Infinity|   2.3570226039551587E-01|         18|
 6|   4.600E+01|                 Infinity|   3.3333333333333331E-01|          9|
 6|   4.800E+01|                 Infinity|   7.0710678118654746E-01|          2|
 6|   5.000E+01|                 Infinity|   4.4721359549995793E-01|          5|
 6|   5.200E+01|                 Infinity|   3.7796447300922720E-01|          7|
 6|   5.400E+01|                 Infinity|   4.0824829046386307E-01|          6|
 6|   5.600E+01|                 Infinity|   3.5355339059327373E-01|          8|
 6|   5.800E+01|                 Infinity|   4.4721359549995793E-01|          5|
 6|   6.000E+01|                 Infinity|   3.3333333333333331E-01|          9|
 6|   6.200E+01|                 Infinity|   2.7735009811261457E-01|         13|
 6|   6.400E+01|                 Infinity|   2.8867513459481292E-01|         12|
 6|   6.600E+01|                 Infinity|   2.5819888974716110E-01|         15|
 6|   6.800E+01|                 Infinity|   2.6726124191242440E-01|         14|
 6|   7.000E+01|                 Infinity|   2.2360679774997896E-01|         20|
 6|   7.200E+01|                 Infinity|   1.7960530202677491E-01|         31|
 6|   7.400E+01|                 Infinity|   1.4285714285714285E-01|         49|
 6|   7.600E+01|                 Infinity|   1.4907119849998599E-01|         45|
 6|   7.800E+01|                 Infinity|   1.1704114719613057E-01|         73|
 6|   8.000E+01|                 Infinity|   1.0425720702853739E-01|         92|
 6|   8.200E+01|                 Infinity|   1.0721125348377948E-01|         87|
 6|   8.400E+01|                 Infinity|   8.6386842558136015E-02|        134|
 6|   8.600E+01|                 Infinity|   6.3628476297577771E-02|        247|
 6|   8.800E+01|                 Infinity|   2.1801036009847369E-02|       2104|
 6|   9.000E+01|                 Infinity|   1.5240998561973753E-02|       4305|
 6|   9.200E+01|                 Infinity|   1.0858025717003773E-02|       8482|
 6|   9.400E+01|                 Infinity|   3.5223497683817342E-02|        806|
 6|   9.600E+01|                 Infinity|   4.1739193556484110E-02|        574|
 6|   9.800E+01|                 Infinity|   1.2309149097933272E-01|         66|
 6|   1.000E+02|                 Infinity|   1.4002800840280097E-01|         51|
 6|   1.020E+02|                 Infinity|   1.9611613513818404E-01|         26|
 6|   1.040E+02|                 Infinity|   3.0151134457776363E-01|         11|
 6|   1.060E+02|                 Infinity|   3.3333333333333331E-01|          9|
 6|   1.080E+02|                 Infinity|   3.0151134457776363E-01|         11|
 6|   1.100E+02|                 Infinity|   3.5355339059327373E-01|          8|
 6|   1.120E+02|                 Infinity|   4.0824829046386307E-01|          6|
 6|   1.140E+02|                 Infinity|   5.7735026918962584E-01|          3|
 6|   1.160E+02|                 Infinity|   1.0000000000000000E+00|          1|
 6|   1.180E+02|                      NaN|   0.0000000000000000E+00|          0|
 6|   1.200E+02|                      NaN|   0.0000000000000000E+00|          0|
 6|   1.220E+02|                      NaN|   0.0000000000000000E+00|          0|
 6|   1.240E+02|                      NaN|   0.0000000000000000E+00|          0|
 6|   1.260E+02|                      NaN|   0.0000000000000000E+00|          0|
 6|   1.280E+02|                      NaN|   0.0000000000000000E+00|          0|
 6|   1.300E+02|                      NaN|   0.0000000000000000E+00|          0|
 6|   1.320E+02|                      NaN|   0.0000000000000000E+00|          0|
 6|   1.340E+02|                      NaN|   0.0000000000000000E+00|          0|
 6|   1.360E+02|                      NaN|   0.0000000000000000E+00|          0|
 6|   1.380E+02|                      NaN|   0.0000000000000000E+00|          0|
 6|   1.400E+02|                      NaN|   0.0000000000000000E+00|          0|
 6|   1.420E+02|                      NaN|   0.0000000000000000E+00|          0|
 6|   1.440E+02|                      NaN|   0.0000000000000000E+00|          0|
 6|   1.460E+02|                      NaN|   0.0000000000000000E+00|          0|
 6|   1.480E+02|                      NaN|   0.0000000000000000E+00|          0|
 6|   1.500E+02|                      NaN|   0.0000000000000000E+00|          0|
 6|   1.520E+02|                      NaN|   0.0000000000000000E+00|          0|
 6|   1.540E+02|                      NaN|   0.0000000000000000E+00|          0|
 6|   1.560E+02|                      NaN|   0.0000000000000000E+00|          0|
 6|   1.580E+02|                      NaN|   0.0000000000000000E+00|          0|
 6|   1.600E+02|                      NaN|   0.0000000000000000E+00|          0|
 6|   1.620E+02|                      NaN|   0.0000000000000000E+00|          0|
 6|   1.640E+02|                      NaN|   0.0000000000000000E+00|          0|
 6|   1.660E+02|                      NaN|   0.0000000000000000E+00|          0|
 6|   1.680E+02|                      NaN|   0.0000000000000000E+00|          0|
 6|   1.700E+02|                      NaN|   0.0000000000000000E+00|          0|
 6|   1.720E+02|                      NaN|   0.0000000000000000E+00|          0|
 6|   1.740E+02|                      NaN|   0.0000000000000000E+00|          0|
 6|   1.760E+02|                      NaN|   0.0000000000000000E+00|          0|
 6|   1.780E+02|                      NaN|   0.0000000000000000E+00|          0|
 6|   1.800E+02|                      NaN|   0.0000000000000000E+00|          0|
 6|   1.820E+02|                      NaN|   0.0000000000000000E+00|          0|
 6|   1.840E+02|                      NaN|   0.0000000000000000E+00|          0|
 6|   1.860E+02|                      NaN|   0.0000000000000000E+00|          0|
 6|   1.880E+02|                      NaN|   0.0000000000000000E+00|          0|
 6|   1.900E+02|                      NaN|   0.0000000000000000E+00|          0|
 6|   1.920E+02|                      NaN|   0.0000000000000000E+00|          0|
 6|   1.940E+02|                      NaN|   0.0000000000000000E+00|          0|
 6|   1.960E+02|                      NaN|   0.0000000000000000E+00|          0|
 6|   1.980E+02|                      NaN|   0.0000000000000000E+00|          0|
# integrated result:   1.0103638439094997E-07
#
# Histogram 7: mz2                                               
 7|   0.000E+00|                      NaN|   0.0000000000000000E+00|          0|
 7|   2.000E+00|                      NaN|   0.0000000000000000E+00|          0|
 7|   4.000E+00|                 Infinity|   2.3870495801314430E-02|       1755|
 7|   6.000E+00|                 Infinity|   2.9123468555367928E-02|       1179|
 7|   8.000E+00|                 Infinity|   3.2791291789197645E-02|        930|
 7|   1.000E+01|                 Infinity|   2.8127197523150599E-02|       1264|
 7|   1.200E+01|                 Infinity|   4.2796049251091289E-02|        546|
 7|   1.400E+01|                 Infinity|   3.6810508691615514E-02|        738|
 7|   1.600E+01|                 Infinity|   2.7461751819054487E-02|       1326|
 7|   1.800E+01|                 Infinity|   2.7176321259932201E-02|       1354|
 7|   2.000E+01|                 Infinity|   1.8841113964807383E-02|       2817|
 7|   2.200E+01|                 Infinity|   2.5548806515379802E-02|       1532|
 7|   2.400E+01|                 Infinity|   3.6014120303280987E-02|        771|
 7|   2.600E+01|                 Infinity|   3.4179296351233165E-02|        856|
 7|   2.800E+01|                 Infinity|   3.4380708208626445E-02|        846|
 7|   3.000E+01|                 Infinity|   3.5267280792929914E-02|        804|
 7|   3.200E+01|                 Infinity|   5.1917413165116499E-02|        371|
 7|   3.400E+01|                 Infinity|   8.3624201000709081E-02|        143|
 7|   3.600E+01|                 Infinity|   1.2700012700019050E-01|         62|
 7|   3.800E+01|                 Infinity|   1.6222142113076254E-01|         38|
 7|   4.000E+01|                 Infinity|   1.5617376188860607E-01|         41|
 7|   4.200E+01|                 Infinity|   1.8569533817705186E-01|         29|
 7|   4.400E+01|                 Infinity|   1.6903085094570330E-01|         35|
 7|   4.600E+01|                 Infinity|   2.2941573387056174E-01|         19|
 7|   4.800E+01|                 Infinity|   2.0851441405707477E-01|         23|
 7|   5.000E+01|                 Infinity|   2.0412414523193154E-01|         24|
 7|   5.200E+01|                 Infinity|   1.8257418583505536E-01|         30|
 7|   5.400E+01|                 Infinity|   2.1320071635561041E-01|         22|
 7|   5.600E+01|                 Infinity|   1.9245008972987526E-01|         27|
 7|   5.800E+01|                 Infinity|   2.0851441405707477E-01|         23|
 7|   6.000E+01|                 Infinity|   2.5819888974716110E-01|         15|
 7|   6.200E+01|                 Infinity|   2.0851441405707477E-01|         23|
 7|   6.400E+01|                 Infinity|   2.0412414523193154E-01|         24|
 7|   6.600E+01|                 Infinity|   1.8569533817705186E-01|         29|
 7|   6.800E+01|                 Infinity|   1.3130643285972254E-01|         58|
 7|   7.000E+01|                 Infinity|   4.5454545454545456E-02|        484|
 7|   7.200E+01|                 Infinity|   5.8321184351980429E-02|        294|
 7|   7.400E+01|                 Infinity|   5.8420623783698597E-02|        293|
 7|   7.600E+01|                 Infinity|   6.2500000000000000E-02|        256|
 7|   7.800E+01|                 Infinity|   4.6324105461207951E-02|        466|
 7|   8.000E+01|                 Infinity|   4.7727395990334764E-02|        439|
 7|   8.200E+01|                 Infinity|   4.9266463908214660E-02|        412|
 7|   8.400E+01|                 Infinity|   4.1739193556484110E-02|        574|
 7|   8.600E+01|                 Infinity|   2.6880166528523517E-02|       1384|
 7|   8.800E+01|                 Infinity|   2.8891599832849384E-02|       1198|
 7|   9.000E+01|                 Infinity|   1.3693491865936448E-02|       5333|
 7|   9.200E+01|                 Infinity|   2.9462782549439483E-02|       1152|
 7|   9.400E+01|                 Infinity|   9.0535746042518531E-02|        122|
 7|   9.600E+01|                 Infinity|   8.4515425472851652E-02|        140|
 7|   9.800E+01|                 Infinity|   1.1470786693528087E-01|         76|
 7|   1.000E+02|                 Infinity|   1.3867504905630729E-01|         52|
 7|   1.020E+02|                 Infinity|   1.8569533817705186E-01|         29|
 7|   1.040E+02|                 Infinity|   2.0000000000000001E-01|         25|
 7|   1.060E+02|                 Infinity|   2.5000000000000000E-01|         16|
 7|   1.080E+02|                 Infinity|   4.4721359549995793E-01|          5|
 7|   1.100E+02|                 Infinity|   5.7735026918962584E-01|          3|
 7|   1.120E+02|                 Infinity|   5.0000000000000000E-01|          4|
 7|   1.140E+02|                 Infinity|   5.0000000000000000E-01|          4|
 7|   1.160E+02|                      NaN|   0.0000000000000000E+00|          0|
 7|   1.180E+02|                      NaN|   0.0000000000000000E+00|          0|
 7|   1.200E+02|                      NaN|   0.0000000000000000E+00|          0|
 7|   1.220E+02|                      NaN|   0.0000000000000000E+00|          0|
 7|   1.240E+02|                      NaN|   0.0000000000000000E+00|          0|
 7|   1.260E+02|                      NaN|   0.0000000000000000E+00|          0|
 7|   1.280E+02|                      NaN|   0.0000000000000000E+00|          0|
 7|   1.300E+02|                      NaN|   0.0000000000000000E+00|          0|
 7|   1.320E+02|                      NaN|   0.0000000000000000E+00|          0|
 7|   1.340E+02|                      NaN|   0.0000000000000000E+00|          0|
 7|   1.360E+02|                      NaN|   0.0000000000000000E+00|          0|
 7|   1.380E+02|                      NaN|   0.0000000000000000E+00|          0|
 7|   1.400E+02|                      NaN|   0.0000000000000000E+00|          0|
 7|   1.420E+02|                      NaN|   0.0000000000000000E+00|          0|
 7|   1.440E+02|                      NaN|   0.0000000000000000E+00|          0|
 7|   1.460E+02|                      NaN|   0.0000000000000000E+00|          0|
 7|   1.480E+02|                      NaN|   0.0000000000000000E+00|          0|
 7|   1.500E+02|                      NaN|   0.0000000000000000E+00|          0|
 7|   1.520E+02|                      NaN|   0.0000000000000000E+00|          0|
 7|   1.540E+02|                      NaN|   0.0000000000000000E+00|          0|
 7|   1.560E+02|                      NaN|   0.0000000000000000E+00|          0|
 7|   1.580E+02|                      NaN|   0.0000000000000000E+00|          0|
 7|   1.600E+02|                      NaN|   0.0000000000000000E+00|          0|
 7|   1.620E+02|                      NaN|   0.0000000000000000E+00|          0|
 7|   1.640E+02|                      NaN|   0.0000000000000000E+00|          0|
 7|   1.660E+02|                      NaN|   0.0000000000000000E+00|          0|
 7|   1.680E+02|                      NaN|   0.0000000000000000E+00|          0|
 7|   1.700E+02|                      NaN|   0.0000000000000000E+00|          0|
 7|   1.720E+02|                      NaN|   0.0000000000000000E+00|          0|
 7|   1.740E+02|                      NaN|   0.0000000000000000E+00|          0|
 7|   1.760E+02|                      NaN|   0.0000000000000000E+00|          0|
 7|   1.780E+02|                      NaN|   0.0000000000000000E+00|          0|
 7|   1.800E+02|                      NaN|   0.0000000000000000E+00|          0|
 7|   1.820E+02|                      NaN|   0.0000000000000000E+00|          0|
 7|   1.840E+02|                      NaN|   0.0000000000000000E+00|          0|
 7|   1.860E+02|                      NaN|   0.0000000000000000E+00|          0|
 7|   1.880E+02|                      NaN|   0.0000000000000000E+00|          0|
 7|   1.900E+02|                      NaN|   0.0000000000000000E+00|          0|
 7|   1.920E+02|                      NaN|   0.0000000000000000E+00|          0|
 7|   1.940E+02|                      NaN|   0.0000000000000000E+00|          0|
 7|   1.960E+02|                      NaN|   0.0000000000000000E+00|          0|
 7|   1.980E+02|                      NaN|   0.0000000000000000E+00|          0|
# integrated result:   1.0103638439095000E-07
#
# Histogram 8: m_4l                                              
 8|   1.000E+02|                 Infinity|   5.7245758335898326E-03|      30515|
 8|   1.400E+02|                      NaN|   0.0000000000000000E+00|          0|
 8|   1.800E+02|                      NaN|   0.0000000000000000E+00|          0|
 8|   2.200E+02|                      NaN|   0.0000000000000000E+00|          0|
 8|   2.600E+02|                      NaN|   0.0000000000000000E+00|          0|
 8|   3.000E+02|                      NaN|   0.0000000000000000E+00|          0|
 8|   3.400E+02|                      NaN|   0.0000000000000000E+00|          0|
 8|   3.800E+02|                      NaN|   0.0000000000000000E+00|          0|
 8|   4.200E+02|                      NaN|   0.0000000000000000E+00|          0|
 8|   4.600E+02|                      NaN|   0.0000000000000000E+00|          0|
 8|   5.000E+02|                      NaN|   0.0000000000000000E+00|          0|
 8|   5.400E+02|                      NaN|   0.0000000000000000E+00|          0|
 8|   5.800E+02|                      NaN|   0.0000000000000000E+00|          0|
 8|   6.200E+02|                      NaN|   0.0000000000000000E+00|          0|
 8|   6.600E+02|                      NaN|   0.0000000000000000E+00|          0|
 8|   7.000E+02|                      NaN|   0.0000000000000000E+00|          0|
 8|   7.400E+02|                      NaN|   0.0000000000000000E+00|          0|
 8|   7.800E+02|                      NaN|   0.0000000000000000E+00|          0|
 8|   8.200E+02|                      NaN|   0.0000000000000000E+00|          0|
 8|   8.600E+02|                      NaN|   0.0000000000000000E+00|          0|
 8|   9.000E+02|                      NaN|   0.0000000000000000E+00|          0|
 8|   9.400E+02|                      NaN|   0.0000000000000000E+00|          0|
 8|   9.800E+02|                      NaN|   0.0000000000000000E+00|          0|
 8|   1.020E+03|                      NaN|   0.0000000000000000E+00|          0|
 8|   1.060E+03|                      NaN|   0.0000000000000000E+00|          0|
 8|   1.100E+03|                      NaN|   0.0000000000000000E+00|          0|
 8|   1.140E+03|                      NaN|   0.0000000000000000E+00|          0|
 8|   1.180E+03|                      NaN|   0.0000000000000000E+00|          0|
 8|   1.220E+03|                      NaN|   0.0000000000000000E+00|          0|
 8|   1.260E+03|                      NaN|   0.0000000000000000E+00|          0|
 8|   1.300E+03|                      NaN|   0.0000000000000000E+00|          0|
 8|   1.340E+03|                      NaN|   0.0000000000000000E+00|          0|
 8|   1.380E+03|                      NaN|   0.0000000000000000E+00|          0|
 8|   1.420E+03|                      NaN|   0.0000000000000000E+00|          0|
 8|   1.460E+03|                      NaN|   0.0000000000000000E+00|          0|
 8|   1.500E+03|                      NaN|   0.0000000000000000E+00|          0|
 8|   1.540E+03|                      NaN|   0.0000000000000000E+00|          0|
 8|   1.580E+03|                      NaN|   0.0000000000000000E+00|          0|
 8|   1.620E+03|                      NaN|   0.0000000000000000E+00|          0|
 8|   1.660E+03|                      NaN|   0.0000000000000000E+00|          0|
 8|   1.700E+03|                      NaN|   0.0000000000000000E+00|          0|
 8|   1.740E+03|                      NaN|   0.0000000000000000E+00|          0|
 8|   1.780E+03|                      NaN|   0.0000000000000000E+00|          0|
 8|   1.820E+03|                      NaN|   0.0000000000000000E+00|          0|
 8|   1.860E+03|                      NaN|   0.0000000000000000E+00|          0|
 8|   1.900E+03|                      NaN|   0.0000000000000000E+00|          0|
 8|   1.940E+03|                      NaN|   0.0000000000000000E+00|          0|
 8|   1.980E+03|                      NaN|   0.0000000000000000E+00|          0|
 8|   2.020E+03|                      NaN|   0.0000000000000000E+00|          0|
 8|   2.060E+03|                      NaN|   0.0000000000000000E+00|          0|
 8|   2.100E+03|                      NaN|   0.0000000000000000E+00|          0|
 8|   2.140E+03|                      NaN|   0.0000000000000000E+00|          0|
 8|   2.180E+03|                      NaN|   0.0000000000000000E+00|          0|
 8|   2.220E+03|                      NaN|   0.0000000000000000E+00|          0|
 8|   2.260E+03|                      NaN|   0.0000000000000000E+00|          0|
 8|   2.300E+03|                      NaN|   0.0000000000000000E+00|          0|
 8|   2.340E+03|                      NaN|   0.0000000000000000E+00|          0|
 8|   2.380E+03|                      NaN|   0.0000000000000000E+00|          0|
 8|   2.420E+03|                      NaN|   0.0000000000000000E+00|          0|
 8|   2.460E+03|                      NaN|   0.0000000000000000E+00|          0|
 8|   2.500E+03|                      NaN|   0.0000000000000000E+00|          0|
 8|   2.540E+03|                      NaN|   0.0000000000000000E+00|          0|
 8|   2.580E+03|                      NaN|   0.0000000000000000E+00|          0|
 8|   2.620E+03|                      NaN|   0.0000000000000000E+00|          0|
 8|   2.660E+03|                      NaN|   0.0000000000000000E+00|          0|
 8|   2.700E+03|                      NaN|   0.0000000000000000E+00|          0|
 8|   2.740E+03|                      NaN|   0.0000000000000000E+00|          0|
 8|   2.780E+03|                      NaN|   0.0000000000000000E+00|          0|
 8|   2.820E+03|                      NaN|   0.0000000000000000E+00|          0|
 8|   2.860E+03|                      NaN|   0.0000000000000000E+00|          0|
 8|   2.900E+03|                      NaN|   0.0000000000000000E+00|          0|
 8|   2.940E+03|                      NaN|   0.0000000000000000E+00|          0|
 8|   2.980E+03|                      NaN|   0.0000000000000000E+00|          0|
 8|   3.020E+03|                      NaN|   0.0000000000000000E+00|          0|
 8|   3.060E+03|                      NaN|   0.0000000000000000E+00|          0|
 8|   3.100E+03|                      NaN|   0.0000000000000000E+00|          0|
 8|   3.140E+03|                      NaN|   0.0000000000000000E+00|          0|
 8|   3.180E+03|                      NaN|   0.0000000000000000E+00|          0|
 8|   3.220E+03|                      NaN|   0.0000000000000000E+00|          0|
 8|   3.260E+03|                      NaN|   0.0000000000000000E+00|          0|
 8|   3.300E+03|                      NaN|   0.0000000000000000E+00|          0|
 8|   3.340E+03|                      NaN|   0.0000000000000000E+00|          0|
 8|   3.380E+03|                      NaN|   0.0000000000000000E+00|          0|
 8|   3.420E+03|                      NaN|   0.0000000000000000E+00|          0|
 8|   3.460E+03|                      NaN|   0.0000000000000000E+00|          0|
 8|   3.500E+03|                      NaN|   0.0000000000000000E+00|          0|
 8|   3.540E+03|                      NaN|   0.0000000000000000E+00|          0|
 8|   3.580E+03|                      NaN|   0.0000000000000000E+00|          0|
 8|   3.620E+03|                      NaN|   0.0000000000000000E+00|          0|
 8|   3.660E+03|                      NaN|   0.0000000000000000E+00|          0|
 8|   3.700E+03|                      NaN|   0.0000000000000000E+00|          0|
 8|   3.740E+03|                      NaN|   0.0000000000000000E+00|          0|
 8|   3.780E+03|                      NaN|   0.0000000000000000E+00|          0|
 8|   3.820E+03|                      NaN|   0.0000000000000000E+00|          0|
 8|   3.860E+03|                      NaN|   0.0000000000000000E+00|          0|
 8|   3.900E+03|                      NaN|   0.0000000000000000E+00|          0|
 8|   3.940E+03|                      NaN|   0.0000000000000000E+00|          0|
 8|   3.980E+03|                      NaN|   0.0000000000000000E+00|          0|
 8|   4.020E+03|                      NaN|   0.0000000000000000E+00|          0|
 8|   4.060E+03|                      NaN|   0.0000000000000000E+00|          0|
# integrated result:   1.0103638439094987E-07
#
# Histogram 9: m_4l                                              
 9|   8.500E+01|                      NaN|   0.0000000000000000E+00|          0|
 9|   8.600E+01|                      NaN|   0.0000000000000000E+00|          0|
 9|   8.700E+01|                      NaN|   0.0000000000000000E+00|          0|
 9|   8.800E+01|                      NaN|   0.0000000000000000E+00|          0|
 9|   8.900E+01|                      NaN|   0.0000000000000000E+00|          0|
 9|   9.000E+01|                      NaN|   0.0000000000000000E+00|          0|
 9|   9.100E+01|                      NaN|   0.0000000000000000E+00|          0|
 9|   9.200E+01|                      NaN|   0.0000000000000000E+00|          0|
 9|   9.300E+01|                      NaN|   0.0000000000000000E+00|          0|
 9|   9.400E+01|                      NaN|   0.0000000000000000E+00|          0|
 9|   9.500E+01|                      NaN|   0.0000000000000000E+00|          0|
 9|   9.600E+01|                      NaN|   0.0000000000000000E+00|          0|
 9|   9.700E+01|                      NaN|   0.0000000000000000E+00|          0|
 9|   9.800E+01|                      NaN|   0.0000000000000000E+00|          0|
 9|   9.900E+01|                      NaN|   0.0000000000000000E+00|          0|
 9|   1.000E+02|                      NaN|   0.0000000000000000E+00|          0|
 9|   1.010E+02|                      NaN|   0.0000000000000000E+00|          0|
 9|   1.020E+02|                      NaN|   0.0000000000000000E+00|          0|
 9|   1.030E+02|                      NaN|   0.0000000000000000E+00|          0|
 9|   1.040E+02|                      NaN|   0.0000000000000000E+00|          0|
 9|   1.050E+02|                      NaN|   0.0000000000000000E+00|          0|
 9|   1.060E+02|                      NaN|   0.0000000000000000E+00|          0|
 9|   1.070E+02|                      NaN|   0.0000000000000000E+00|          0|
 9|   1.080E+02|                      NaN|   0.0000000000000000E+00|          0|
 9|   1.090E+02|                      NaN|   0.0000000000000000E+00|          0|
 9|   1.100E+02|                      NaN|   0.0000000000000000E+00|          0|
 9|   1.110E+02|                      NaN|   0.0000000000000000E+00|          0|
 9|   1.120E+02|                      NaN|   0.0000000000000000E+00|          0|
 9|   1.130E+02|                      NaN|   0.0000000000000000E+00|          0|
 9|   1.140E+02|                      NaN|   0.0000000000000000E+00|          0|
 9|   1.150E+02|                      NaN|   0.0000000000000000E+00|          0|
 9|   1.160E+02|                      NaN|   0.0000000000000000E+00|          0|
 9|   1.170E+02|                      NaN|   0.0000000000000000E+00|          0|
 9|   1.180E+02|                      NaN|   0.0000000000000000E+00|          0|
 9|   1.190E+02|                      NaN|   0.0000000000000000E+00|          0|
 9|   1.200E+02|                      NaN|   0.0000000000000000E+00|          0|
 9|   1.210E+02|                      NaN|   0.0000000000000000E+00|          0|
 9|   1.220E+02|                      NaN|   0.0000000000000000E+00|          0|
 9|   1.230E+02|                      NaN|   0.0000000000000000E+00|          0|
 9|   1.240E+02|                 Infinity|   7.5369271941022435E-03|      17604|
 9|   1.250E+02|                 Infinity|   8.8007576018229502E-03|      12911|
 9|   1.260E+02|                      NaN|   0.0000000000000000E+00|          0|
 9|   1.270E+02|                      NaN|   0.0000000000000000E+00|          0|
 9|   1.280E+02|                      NaN|   0.0000000000000000E+00|          0|
 9|   1.290E+02|                      NaN|   0.0000000000000000E+00|          0|
 9|   1.300E+02|                      NaN|   0.0000000000000000E+00|          0|
 9|   1.310E+02|                      NaN|   0.0000000000000000E+00|          0|
 9|   1.320E+02|                      NaN|   0.0000000000000000E+00|          0|
 9|   1.330E+02|                      NaN|   0.0000000000000000E+00|          0|
 9|   1.340E+02|                      NaN|   0.0000000000000000E+00|          0|
# integrated result:   1.0103638439095013E-07
#
# Histogram10: Phi1                                              
10|  -3.142E+00|                 Infinity|   4.4766148103584522E-02|        499|
10|  -2.985E+00|                 Infinity|   4.1848697531868720E-02|        571|
10|  -2.827E+00|                 Infinity|   3.9936153191543582E-02|        627|
10|  -2.670E+00|                 Infinity|   3.7823473723611688E-02|        699|
10|  -2.513E+00|                 Infinity|   3.7904902178945168E-02|        696|
10|  -2.356E+00|                 Infinity|   3.6393726262341948E-02|        755|
10|  -2.199E+00|                 Infinity|   3.3729162867744238E-02|        879|
10|  -2.042E+00|                 Infinity|   3.1718073984777558E-02|        994|
10|  -1.885E+00|                 Infinity|   3.3520076157699544E-02|        890|
10|  -1.728E+00|                 Infinity|   3.4836650714580884E-02|        824|
10|  -1.571E+00|                 Infinity|   3.6661778755338326E-02|        744|
10|  -1.414E+00|                 Infinity|   3.6885555678165878E-02|        735|
10|  -1.257E+00|                 Infinity|   3.4585723193303733E-02|        836|
10|  -1.100E+00|                 Infinity|   3.4964180063753285E-02|        818|
10|  -9.425E-01|                 Infinity|   3.4482758620689655E-02|        841|
10|  -7.854E-01|                 Infinity|   3.4421419541075714E-02|        844|
10|  -6.283E-01|                 Infinity|   3.5555906726738896E-02|        791|
10|  -4.713E-01|                 Infinity|   3.7037037037037035E-02|        729|
10|  -3.142E-01|                 Infinity|   3.8924947208076148E-02|        660|
10|  -1.571E-01|                 Infinity|   4.1204282171516463E-02|        589|
10|  -3.000E-05|                 Infinity|   4.0422604172722164E-02|        612|
10|   1.570E-01|                 Infinity|   3.8895492079220696E-02|        661|
10|   3.141E-01|                 Infinity|   3.7450294313656908E-02|        713|
10|   4.712E-01|                 Infinity|   3.4710506725031162E-02|        830|
10|   6.283E-01|                 Infinity|   3.3277916281986085E-02|        903|
10|   7.854E-01|                 Infinity|   3.3445003104532557E-02|        894|
10|   9.424E-01|                 Infinity|   3.4259435491376583E-02|        852|
10|   1.100E+00|                 Infinity|   3.3445003104532557E-02|        894|
10|   1.257E+00|                 Infinity|   3.4668762264076822E-02|        832|
10|   1.414E+00|                 Infinity|   3.5355339059327376E-02|        800|
10|   1.571E+00|                 Infinity|   3.5223497683817342E-02|        806|
10|   1.728E+00|                 Infinity|   3.3204455008545970E-02|        907|
10|   1.885E+00|                 Infinity|   3.0743773095067282E-02|       1058|
10|   2.042E+00|                 Infinity|   3.3806170189140665E-02|        875|
10|   2.199E+00|                 Infinity|   3.6466247874473640E-02|        752|
10|   2.356E+00|                 Infinity|   3.5759926992607577E-02|        782|
10|   2.513E+00|                 Infinity|   3.9223227027636809E-02|        650|
10|   2.670E+00|                 Infinity|   4.0756957296961119E-02|        602|
10|   2.827E+00|                 Infinity|   4.2524325556256230E-02|        553|
10|   2.984E+00|                 Infinity|   4.3937477516374682E-02|        518|
# integrated result:   1.0103638439094994E-07
#
