#
# column #1=histogram, #2=x-axis bin, #3=binned cross-section, #4=error, #5=number of events 
# this can be easily plotted in gnuplot with the commands:
#    NHi=3
#    plot 'output.dat' using ($2):($1==NHi ? $3 : 1/0) w st
# where NHi selects the histogram
#
#
# run time =      -0.05min
# TotCS =      2.0293508722E-06           2.00468E-07
#
# Histogram 1: m_jj                                              
 1|   0.000E+00|                 Infinity|   1.5617376188860606E-02|       4100|
 1|   5.000E+01|                 Infinity|   1.0957958257972944E-02|       8328|
 1|   1.000E+02|                 Infinity|   1.5283660642798961E-02|       4281|
 1|   1.500E+02|                 Infinity|   2.0174251088960080E-02|       2457|
 1|   2.000E+02|                 Infinity|   2.5967457200228871E-02|       1483|
 1|   2.500E+02|                 Infinity|   3.1388241028717227E-02|       1015|
 1|   3.000E+02|                 Infinity|   3.7062465833055058E-02|        728|
 1|   3.500E+02|                 Infinity|   4.3519413988924463E-02|        528|
 1|   4.000E+02|                 Infinity|   5.0832856777534893E-02|        387|
 1|   4.500E+02|                 Infinity|   5.8823529411764705E-02|        289|
 1|   5.000E+02|                 Infinity|   6.6964953018242512E-02|        223|
 1|   5.500E+02|                 Infinity|   7.8086880944303036E-02|        164|
 1|   6.000E+02|                 Infinity|   7.9555728417572996E-02|        158|
 1|   6.500E+02|                 Infinity|   8.9087080637474794E-02|        126|
 1|   7.000E+02|                 Infinity|   1.0976425998969035E-01|         83|
 1|   7.500E+02|                 Infinity|   1.1785113019775793E-01|         72|
 1|   8.000E+02|                 Infinity|   1.4002800840280097E-01|         51|
 1|   8.500E+02|                 Infinity|   1.6012815380508713E-01|         39|
 1|   9.000E+02|                 Infinity|   1.4744195615489714E-01|         46|
 1|   9.500E+02|                 Infinity|   1.5617376188860607E-01|         41|
 1|   1.000E+03|                 Infinity|   2.1320071635561041E-01|         22|
 1|   1.050E+03|                 Infinity|   2.7735009811261457E-01|         13|
 1|   1.100E+03|                 Infinity|   2.6726124191242440E-01|         14|
 1|   1.150E+03|                 Infinity|   3.5355339059327373E-01|          8|
 1|   1.200E+03|                 Infinity|   2.5819888974716110E-01|         15|
 1|   1.250E+03|                 Infinity|   3.5355339059327373E-01|          8|
 1|   1.300E+03|                 Infinity|   3.1622776601683794E-01|         10|
 1|   1.350E+03|                 Infinity|   3.7796447300922720E-01|          7|
 1|   1.400E+03|                 Infinity|   3.1622776601683794E-01|         10|
 1|   1.450E+03|                 Infinity|   3.0151134457776363E-01|         11|
 1|   1.500E+03|                 Infinity|   4.4721359549995793E-01|          5|
 1|   1.550E+03|                 Infinity|   5.0000000000000000E-01|          4|
 1|   1.600E+03|                 Infinity|   4.4721359549995793E-01|          5|
 1|   1.650E+03|                 Infinity|   1.0000000000000000E+00|          1|
 1|   1.700E+03|                 Infinity|   1.0000000000000000E+00|          1|
 1|   1.750E+03|                 Infinity|   5.0000000000000000E-01|          4|
 1|   1.800E+03|                 Infinity|   5.7735026918962584E-01|          3|
 1|   1.850E+03|                      NaN|   0.0000000000000000E+00|          0|
 1|   1.900E+03|                 Infinity|   1.0000000000000000E+00|          1|
 1|   1.950E+03|                 Infinity|   7.0710678118654746E-01|          2|
 1|   2.000E+03|                 Infinity|   1.0000000000000000E+00|          1|
 1|   2.050E+03|                      NaN|   0.0000000000000000E+00|          0|
 1|   2.100E+03|                 Infinity|   7.0710678118654746E-01|          2|
 1|   2.150E+03|                      NaN|   0.0000000000000000E+00|          0|
 1|   2.200E+03|                      NaN|   0.0000000000000000E+00|          0|
 1|   2.250E+03|                      NaN|   0.0000000000000000E+00|          0|
 1|   2.300E+03|                 Infinity|   1.0000000000000000E+00|          1|
 1|   2.350E+03|                      NaN|   0.0000000000000000E+00|          0|
 1|   2.400E+03|                      NaN|   0.0000000000000000E+00|          0|
 1|   2.450E+03|                      NaN|   0.0000000000000000E+00|          0|
 1|   2.500E+03|                      NaN|   0.0000000000000000E+00|          0|
 1|   2.550E+03|                      NaN|   0.0000000000000000E+00|          0|
 1|   2.600E+03|                 Infinity|   1.0000000000000000E+00|          1|
 1|   2.650E+03|                      NaN|   0.0000000000000000E+00|          0|
 1|   2.700E+03|                      NaN|   0.0000000000000000E+00|          0|
 1|   2.750E+03|                      NaN|   0.0000000000000000E+00|          0|
 1|   2.800E+03|                      NaN|   0.0000000000000000E+00|          0|
 1|   2.850E+03|                      NaN|   0.0000000000000000E+00|          0|
 1|   2.900E+03|                      NaN|   0.0000000000000000E+00|          0|
 1|   2.950E+03|                      NaN|   0.0000000000000000E+00|          0|
 1|   3.000E+03|                      NaN|   0.0000000000000000E+00|          0|
 1|   3.050E+03|                      NaN|   0.0000000000000000E+00|          0|
 1|   3.100E+03|                      NaN|   0.0000000000000000E+00|          0|
 1|   3.150E+03|                      NaN|   0.0000000000000000E+00|          0|
 1|   3.200E+03|                      NaN|   0.0000000000000000E+00|          0|
 1|   3.250E+03|                      NaN|   0.0000000000000000E+00|          0|
 1|   3.300E+03|                      NaN|   0.0000000000000000E+00|          0|
 1|   3.350E+03|                      NaN|   0.0000000000000000E+00|          0|
 1|   3.400E+03|                      NaN|   0.0000000000000000E+00|          0|
 1|   3.450E+03|                      NaN|   0.0000000000000000E+00|          0|
 1|   3.500E+03|                      NaN|   0.0000000000000000E+00|          0|
 1|   3.550E+03|                      NaN|   0.0000000000000000E+00|          0|
 1|   3.600E+03|                      NaN|   0.0000000000000000E+00|          0|
 1|   3.650E+03|                      NaN|   0.0000000000000000E+00|          0|
 1|   3.700E+03|                      NaN|   0.0000000000000000E+00|          0|
 1|   3.750E+03|                      NaN|   0.0000000000000000E+00|          0|
 1|   3.800E+03|                      NaN|   0.0000000000000000E+00|          0|
 1|   3.850E+03|                      NaN|   0.0000000000000000E+00|          0|
 1|   3.900E+03|                      NaN|   0.0000000000000000E+00|          0|
 1|   3.950E+03|                      NaN|   0.0000000000000000E+00|          0|
 1|   4.000E+03|                      NaN|   0.0000000000000000E+00|          0|
 1|   4.050E+03|                      NaN|   0.0000000000000000E+00|          0|
 1|   4.100E+03|                      NaN|   0.0000000000000000E+00|          0|
 1|   4.150E+03|                      NaN|   0.0000000000000000E+00|          0|
 1|   4.200E+03|                      NaN|   0.0000000000000000E+00|          0|
 1|   4.250E+03|                      NaN|   0.0000000000000000E+00|          0|
 1|   4.300E+03|                      NaN|   0.0000000000000000E+00|          0|
 1|   4.350E+03|                      NaN|   0.0000000000000000E+00|          0|
 1|   4.400E+03|                      NaN|   0.0000000000000000E+00|          0|
 1|   4.450E+03|                      NaN|   0.0000000000000000E+00|          0|
 1|   4.500E+03|                      NaN|   0.0000000000000000E+00|          0|
 1|   4.550E+03|                      NaN|   0.0000000000000000E+00|          0|
 1|   4.600E+03|                      NaN|   0.0000000000000000E+00|          0|
 1|   4.650E+03|                      NaN|   0.0000000000000000E+00|          0|
 1|   4.700E+03|                      NaN|   0.0000000000000000E+00|          0|
 1|   4.750E+03|                      NaN|   0.0000000000000000E+00|          0|
 1|   4.800E+03|                      NaN|   0.0000000000000000E+00|          0|
 1|   4.850E+03|                      NaN|   0.0000000000000000E+00|          0|
 1|   4.900E+03|                      NaN|   0.0000000000000000E+00|          0|
 1|   4.950E+03|                      NaN|   0.0000000000000000E+00|          0|
# integrated result:   2.0293508722233034E-06
#
# Histogram 2: m_jj                                              
 2|   0.000E+00|                      NaN|   0.0000000000000000E+00|          0|
 2|   2.000E+00|                      NaN|   0.0000000000000000E+00|          0|
 2|   4.000E+00|                      NaN|   0.0000000000000000E+00|          0|
 2|   6.000E+00|                      NaN|   0.0000000000000000E+00|          0|
 2|   8.000E+00|                      NaN|   0.0000000000000000E+00|          0|
 2|   1.000E+01|                      NaN|   0.0000000000000000E+00|          0|
 2|   1.200E+01|                      NaN|   0.0000000000000000E+00|          0|
 2|   1.400E+01|                      NaN|   0.0000000000000000E+00|          0|
 2|   1.600E+01|                      NaN|   0.0000000000000000E+00|          0|
 2|   1.800E+01|                      NaN|   0.0000000000000000E+00|          0|
 2|   2.000E+01|                      NaN|   0.0000000000000000E+00|          0|
 2|   2.200E+01|                      NaN|   0.0000000000000000E+00|          0|
 2|   2.400E+01|                      NaN|   0.0000000000000000E+00|          0|
 2|   2.600E+01|                      NaN|   0.0000000000000000E+00|          0|
 2|   2.800E+01|                      NaN|   0.0000000000000000E+00|          0|
 2|   3.000E+01|                 Infinity|   4.1885390829169547E-02|        570|
 2|   3.200E+01|                 Infinity|   4.6274481338274755E-02|        467|
 2|   3.400E+01|                 Infinity|   5.0832856777534893E-02|        387|
 2|   3.600E+01|                 Infinity|   5.1097613030759603E-02|        383|
 2|   3.800E+01|                 Infinity|   5.1778037307849772E-02|        373|
 2|   4.000E+01|                 Infinity|   5.1917413165116499E-02|        371|
 2|   4.200E+01|                 Infinity|   5.1164451009665081E-02|        382|
 2|   4.400E+01|                 Infinity|   5.2128603514268693E-02|        368|
 2|   4.600E+01|                 Infinity|   4.8911598804451853E-02|        418|
 2|   4.800E+01|                 Infinity|   5.1231551957855996E-02|        381|
 2|   5.000E+01|                 Infinity|   4.9875466805381644E-02|        402|
 2|   5.200E+01|                 Infinity|   4.9206783130512292E-02|        413|
 2|   5.400E+01|                 Infinity|   4.9266463908214660E-02|        412|
 2|   5.600E+01|                 Infinity|   5.1164451009665081E-02|        382|
 2|   5.800E+01|                 Infinity|   5.2486388108147798E-02|        363|
 2|   6.000E+01|                 Infinity|   5.2777981396925952E-02|        359|
 2|   6.200E+01|                 Infinity|   5.0832856777534893E-02|        387|
 2|   6.400E+01|                 Infinity|   4.9266463908214660E-02|        412|
 2|   6.600E+01|                 Infinity|   5.1708768999501914E-02|        374|
 2|   6.800E+01|                 Infinity|   5.1164451009665081E-02|        382|
 2|   7.000E+01|                 Infinity|   5.1031036307982884E-02|        384|
 2|   7.200E+01|                 Infinity|   5.3605626741889741E-02|        348|
 2|   7.400E+01|                 Infinity|   5.4232614454664041E-02|        340|
 2|   7.600E+01|                 Infinity|   5.7831493196624020E-02|        299|
 2|   7.800E+01|                 Infinity|   5.4153036107388232E-02|        341|
 2|   8.000E+01|                 Infinity|   5.8722021951470346E-02|        290|
 2|   8.200E+01|                 Infinity|   5.5215763037423267E-02|        328|
 2|   8.400E+01|                 Infinity|   5.8420623783698597E-02|        293|
 2|   8.600E+01|                 Infinity|   5.9549133417541367E-02|        282|
 2|   8.800E+01|                 Infinity|   6.0633906259083242E-02|        272|
 2|   9.000E+01|                 Infinity|   5.8321184351980429E-02|        294|
 2|   9.200E+01|                 Infinity|   6.2136976600120006E-02|        259|
 2|   9.400E+01|                 Infinity|   6.4282434653322507E-02|        242|
 2|   9.600E+01|                 Infinity|   6.4150029909958411E-02|        243|
 2|   9.800E+01|                 Infinity|   6.6372331159997203E-02|        227|
 2|   1.000E+02|                 Infinity|   6.4684622735315084E-02|        239|
 2|   1.020E+02|                 Infinity|   6.2136976600120006E-02|        259|
 2|   1.040E+02|                 Infinity|   6.8680281974344518E-02|        212|
 2|   1.060E+02|                 Infinity|   7.0710678118654752E-02|        200|
 2|   1.080E+02|                 Infinity|   7.3521462209380772E-02|        185|
 2|   1.100E+02|                 Infinity|   7.1428571428571425E-02|        196|
 2|   1.120E+02|                 Infinity|   7.0534561585859828E-02|        201|
 2|   1.140E+02|                 Infinity|   7.1611487403943297E-02|        195|
 2|   1.160E+02|                 Infinity|   7.4535599249992993E-02|        180|
 2|   1.180E+02|                 Infinity|   7.0359754473029182E-02|        202|
 2|   1.200E+02|                 Infinity|   7.5592894601845442E-02|        175|
 2|   1.220E+02|                 Infinity|   7.9056941504209485E-02|        160|
 2|   1.240E+02|                 Infinity|   7.9555728417572996E-02|        158|
 2|   1.260E+02|                 Infinity|   7.9056941504209485E-02|        160|
 2|   1.280E+02|                 Infinity|   8.1110710565381272E-02|        152|
 2|   1.300E+02|                 Infinity|   8.2199493652678646E-02|        148|
 2|   1.320E+02|                 Infinity|   8.7038827977848926E-02|        132|
 2|   1.340E+02|                 Infinity|   7.7151674981045956E-02|        168|
 2|   1.360E+02|                 Infinity|   8.1923192051904056E-02|        149|
 2|   1.380E+02|                 Infinity|   8.4515425472851652E-02|        140|
 2|   1.400E+02|                 Infinity|   8.6386842558136015E-02|        134|
 2|   1.420E+02|                 Infinity|   8.3045479853739973E-02|        145|
 2|   1.440E+02|                 Infinity|   8.5435765771676095E-02|        137|
 2|   1.460E+02|                 Infinity|   8.7038827977848926E-02|        132|
 2|   1.480E+02|                 Infinity|   9.0535746042518531E-02|        122|
 2|   1.500E+02|                 Infinity|   9.5782628522115137E-02|        109|
 2|   1.520E+02|                 Infinity|   9.3658581158169399E-02|        114|
 2|   1.540E+02|                 Infinity|   9.4915799575249898E-02|        111|
 2|   1.560E+02|                 Infinity|   8.8735650941611385E-02|        127|
 2|   1.580E+02|                 Infinity|   9.4491118252306799E-02|        112|
 2|   1.600E+02|                 Infinity|   9.4915799575249898E-02|        111|
 2|   1.620E+02|                 Infinity|   9.0535746042518531E-02|        122|
 2|   1.640E+02|                 Infinity|   8.8735650941611385E-02|        127|
 2|   1.660E+02|                 Infinity|   1.0314212462587934E-01|         94|
 2|   1.680E+02|                 Infinity|   9.8058067569092022E-02|        104|
 2|   1.700E+02|                 Infinity|   1.0369516947304253E-01|         93|
 2|   1.720E+02|                 Infinity|   9.8058067569092022E-02|        104|
 2|   1.740E+02|                 Infinity|   1.0314212462587934E-01|         94|
 2|   1.760E+02|                 Infinity|   1.0314212462587934E-01|         94|
 2|   1.780E+02|                 Infinity|   1.0721125348377948E-01|         87|
 2|   1.800E+02|                 Infinity|   1.0259783520851541E-01|         95|
 2|   1.820E+02|                 Infinity|   1.1043152607484653E-01|         82|
 2|   1.840E+02|                 Infinity|   1.0910894511799619E-01|         84|
 2|   1.860E+02|                 Infinity|   1.0314212462587934E-01|         94|
 2|   1.880E+02|                 Infinity|   1.0976425998969035E-01|         83|
 2|   1.900E+02|                 Infinity|   1.0721125348377948E-01|         87|
 2|   1.920E+02|                 Infinity|   1.0369516947304253E-01|         93|
 2|   1.940E+02|                 Infinity|   1.1470786693528087E-01|         76|
 2|   1.960E+02|                 Infinity|   1.1396057645963795E-01|         77|
 2|   1.980E+02|                 Infinity|   1.0976425998969035E-01|         83|
# integrated result:   2.0293508722233047E-06
#
# Histogram 3: pT(H)                                             
 3|   0.000E+00|                 Infinity|   2.3100171634912875E-02|       1874|
 3|   1.000E+01|                 Infinity|   1.9873215837929108E-02|       2532|
 3|   2.000E+01|                 Infinity|   2.0532539058829544E-02|       2372|
 3|   3.000E+01|                 Infinity|   2.1329769189683427E-02|       2198|
 3|   4.000E+01|                 Infinity|   2.2355091700494795E-02|       2001|
 3|   5.000E+01|                 Infinity|   2.3537557657892522E-02|       1805|
 3|   6.000E+01|                 Infinity|   2.5302269968462875E-02|       1562|
 3|   7.000E+01|                 Infinity|   2.7379283909669677E-02|       1334|
 3|   8.000E+01|                 Infinity|   2.9462782549439483E-02|       1152|
 3|   9.000E+01|                 Infinity|   3.2686022523030669E-02|        936|
 3|   1.000E+02|                 Infinity|   3.5828718195000928E-02|        779|
 3|   1.100E+02|                 Infinity|   3.8376477822666816E-02|        679|
 3|   1.200E+02|                 Infinity|   4.0356715613563091E-02|        614|
 3|   1.300E+02|                 Infinity|   4.4108109139123088E-02|        514|
 3|   1.400E+02|                 Infinity|   4.6524210519923545E-02|        462|
 3|   1.500E+02|                 Infinity|   5.1847584736521263E-02|        372|
 3|   1.600E+02|                 Infinity|   5.4232614454664041E-02|        340|
 3|   1.700E+02|                 Infinity|   5.6077215409204434E-02|        318|
 3|   1.800E+02|                 Infinity|   6.1780206321521543E-02|        262|
 3|   1.900E+02|                 Infinity|   6.4282434653322507E-02|        242|
 3|   2.000E+02|                 Infinity|   6.9006555934235422E-02|        210|
 3|   2.100E+02|                 Infinity|   6.9337524528153643E-02|        208|
 3|   2.200E+02|                 Infinity|   7.5809804357890337E-02|        174|
 3|   2.300E+02|                 Infinity|   7.8567420131838608E-02|        162|
 3|   2.400E+02|                 Infinity|   8.3045479853739973E-02|        145|
 3|   2.500E+02|                 Infinity|   8.4818892967997092E-02|        139|
 3|   2.600E+02|                 Infinity|   9.6225044864937631E-02|        108|
 3|   2.700E+02|                 Infinity|   9.9503719020998915E-02|        101|
 3|   2.800E+02|                 Infinity|   9.9503719020998915E-02|        101|
 3|   2.900E+02|                 Infinity|   1.0976425998969035E-01|         83|
 3|   3.000E+02|                 Infinity|   1.3130643285972254E-01|         58|
 3|   3.100E+02|                 Infinity|   1.0846522890932808E-01|         85|
 3|   3.200E+02|                 Infinity|   1.1952286093343936E-01|         70|
 3|   3.300E+02|                 Infinity|   1.3363062095621220E-01|         56|
 3|   3.400E+02|                 Infinity|   1.2803687993289598E-01|         61|
 3|   3.500E+02|                 Infinity|   1.6222142113076254E-01|         38|
 3|   3.600E+02|                 Infinity|   1.3867504905630729E-01|         52|
 3|   3.700E+02|                 Infinity|   2.0412414523193154E-01|         24|
 3|   3.800E+02|                 Infinity|   1.5249857033260467E-01|         43|
 3|   3.900E+02|                 Infinity|   1.5075567228888181E-01|         44|
 3|   4.000E+02|                 Infinity|   1.6439898730535729E-01|         37|
 3|   4.100E+02|                 Infinity|   2.3570226039551587E-01|         18|
 3|   4.200E+02|                 Infinity|   1.8569533817705186E-01|         29|
 3|   4.300E+02|                 Infinity|   1.9611613513818404E-01|         26|
 3|   4.400E+02|                 Infinity|   1.9611613513818404E-01|         26|
 3|   4.500E+02|                 Infinity|   1.8257418583505536E-01|         30|
 3|   4.600E+02|                 Infinity|   2.1821789023599239E-01|         21|
 3|   4.700E+02|                 Infinity|   3.0151134457776363E-01|         11|
 3|   4.800E+02|                 Infinity|   2.7735009811261457E-01|         13|
 3|   4.900E+02|                 Infinity|   2.8867513459481292E-01|         12|
# integrated result:   2.0293508722233034E-06
#
# Histogram 4: pT(j1)                                            
 4|   0.000E+00|                      NaN|   0.0000000000000000E+00|          0|
 4|   1.000E+01|                 Infinity|   6.1199006136210460E-02|        267|
 4|   2.000E+01|                 Infinity|   2.2893427324781505E-02|       1908|
 4|   3.000E+01|                 Infinity|   1.9316685232156395E-02|       2680|
 4|   4.000E+01|                 Infinity|   1.9128467797450026E-02|       2733|
 4|   5.000E+01|                 Infinity|   2.0502309202618241E-02|       2379|
 4|   6.000E+01|                 Infinity|   2.2792115291927591E-02|       1925|
 4|   7.000E+01|                 Infinity|   2.5649458802128853E-02|       1520|
 4|   8.000E+01|                 Infinity|   2.7628948199776879E-02|       1310|
 4|   9.000E+01|                 Infinity|   3.0164848870338080E-02|       1099|
 4|   1.000E+02|                 Infinity|   3.2025630761017429E-02|        975|
 4|   1.100E+02|                 Infinity|   3.4421419541075714E-02|        844|
 4|   1.200E+02|                 Infinity|   3.6785594638885484E-02|        739|
 4|   1.300E+02|                 Infinity|   3.9746431675858215E-02|        633|
 4|   1.400E+02|                 Infinity|   4.1558581746169131E-02|        579|
 4|   1.500E+02|                 Infinity|   4.4543540318737397E-02|        504|
 4|   1.600E+02|                 Infinity|   4.9446817643414874E-02|        409|
 4|   1.700E+02|                 Infinity|   4.9147318718299048E-02|        414|
 4|   1.800E+02|                 Infinity|   5.3682812709501898E-02|        347|
 4|   1.900E+02|                 Infinity|   5.7735026918962568E-02|        300|
 4|   2.000E+02|                 Infinity|   6.2869461346193145E-02|        253|
 4|   2.100E+02|                 Infinity|   6.5938047339578698E-02|        230|
 4|   2.200E+02|                 Infinity|   6.4684622735315084E-02|        239|
 4|   2.300E+02|                 Infinity|   6.9171446386607466E-02|        209|
 4|   2.400E+02|                 Infinity|   7.1611487403943297E-02|        195|
 4|   2.500E+02|                 Infinity|   7.6923076923076927E-02|        169|
 4|   2.600E+02|                 Infinity|   8.5125653075874858E-02|        138|
 4|   2.700E+02|                 Infinity|   8.3918135829668908E-02|        142|
 4|   2.800E+02|                 Infinity|   8.9087080637474794E-02|        126|
 4|   2.900E+02|                 Infinity|   9.4491118252306799E-02|        112|
 4|   3.000E+02|                 Infinity|   9.3658581158169399E-02|        114|
 4|   3.100E+02|                 Infinity|   1.0721125348377948E-01|         87|
 4|   3.200E+02|                 Infinity|   9.8058067569092022E-02|        104|
 4|   3.300E+02|                 Infinity|   1.2216944435630522E-01|         67|
 4|   3.400E+02|                 Infinity|   9.4915799575249898E-02|        111|
 4|   3.500E+02|                 Infinity|   1.2403473458920847E-01|         65|
 4|   3.600E+02|                 Infinity|   1.1704114719613057E-01|         73|
 4|   3.700E+02|                 Infinity|   1.4433756729740646E-01|         48|
 4|   3.800E+02|                 Infinity|   1.3483997249264842E-01|         55|
 4|   3.900E+02|                 Infinity|   1.3245323570650439E-01|         57|
 4|   4.000E+02|                 Infinity|   1.6012815380508713E-01|         39|
 4|   4.100E+02|                 Infinity|   1.5811388300841897E-01|         40|
 4|   4.200E+02|                 Infinity|   1.6439898730535729E-01|         37|
 4|   4.300E+02|                 Infinity|   1.5811388300841897E-01|         40|
 4|   4.400E+02|                 Infinity|   1.6222142113076254E-01|         38|
 4|   4.500E+02|                 Infinity|   1.8898223650461360E-01|         28|
 4|   4.600E+02|                 Infinity|   2.1821789023599239E-01|         21|
 4|   4.700E+02|                 Infinity|   1.8257418583505536E-01|         30|
 4|   4.800E+02|                 Infinity|   2.2360679774997896E-01|         20|
 4|   4.900E+02|                 Infinity|   1.7407765595569785E-01|         33|
# integrated result:   2.0293508722233034E-06
#
# Histogram 5: dy(j1,j2)                                         
 5|  -5.000E+00|                 Infinity|   5.7735026918962584E-01|          3|
 5|  -4.800E+00|                 Infinity|   7.0710678118654746E-01|          2|
 5|  -4.600E+00|                 Infinity|   5.7735026918962584E-01|          3|
 5|  -4.400E+00|                 Infinity|   4.0824829046386307E-01|          6|
 5|  -4.200E+00|                 Infinity|   3.0151134457776363E-01|         11|
 5|  -4.000E+00|                 Infinity|   4.0824829046386307E-01|          6|
 5|  -3.800E+00|                 Infinity|   2.5000000000000000E-01|         16|
 5|  -3.600E+00|                 Infinity|   2.5819888974716110E-01|         15|
 5|  -3.400E+00|                 Infinity|   2.0412414523193154E-01|         24|
 5|  -3.200E+00|                 Infinity|   1.6666666666666666E-01|         36|
 5|  -3.000E+00|                 Infinity|   1.4285714285714285E-01|         49|
 5|  -2.800E+00|                 Infinity|   1.1396057645963795E-01|         77|
 5|  -2.600E+00|                 Infinity|   1.0206207261596577E-01|         96|
 5|  -2.400E+00|                 Infinity|   7.8086880944303036E-02|        164|
 5|  -2.200E+00|                 Infinity|   7.3127242412713067E-02|        187|
 5|  -2.000E+00|                 Infinity|   6.4415662640083082E-02|        241|
 5|  -1.800E+00|                 Infinity|   5.8621038176054921E-02|        291|
 5|  -1.600E+00|                 Infinity|   4.5221563164613454E-02|        489|
 5|  -1.400E+00|                 Infinity|   4.3437224276306939E-02|        530|
 5|  -1.200E+00|                 Infinity|   3.8433122101204392E-02|        677|
 5|  -1.000E+00|                 Infinity|   2.9025161208007102E-02|       1187|
 5|  -8.000E-01|                 Infinity|   2.8618190351607124E-02|       1221|
 5|  -6.000E-01|                 Infinity|   2.8116077855776665E-02|       1265|
 5|  -4.000E-01|                 Infinity|   2.4091140546160489E-02|       1723|
 5|  -2.000E-01|                 Infinity|   1.8754762556128426E-02|       2843|
 5|   0.000E+00|                 Infinity|   2.2798037629377661E-02|       1924|
 5|   2.000E-01|                 Infinity|   2.5449329927964382E-02|       1544|
 5|   4.000E-01|                 Infinity|   2.4984389633195381E-02|       1602|
 5|   6.000E-01|                 Infinity|   2.5391835805951279E-02|       1551|
 5|   8.000E-01|                 Infinity|   2.7618408833305373E-02|       1311|
 5|   1.000E+00|                 Infinity|   2.9974532466509034E-02|       1113|
 5|   1.200E+00|                 Infinity|   3.1911282313630142E-02|        982|
 5|   1.400E+00|                 Infinity|   3.5511041211421748E-02|        793|
 5|   1.600E+00|                 Infinity|   3.9466851898192920E-02|        642|
 5|   1.800E+00|                 Infinity|   4.1274417170649801E-02|        587|
 5|   2.000E+00|                 Infinity|   4.3895128130614712E-02|        519|
 5|   2.200E+00|                 Infinity|   5.5641488407465724E-02|        323|
 5|   2.400E+00|                 Infinity|   7.2739296745330792E-02|        189|
 5|   2.600E+00|                 Infinity|   8.7038827977848926E-02|        132|
 5|   2.800E+00|                 Infinity|   9.8058067569092022E-02|        104|
 5|   3.000E+00|                 Infinity|   1.1396057645963795E-01|         77|
 5|   3.200E+00|                 Infinity|   1.3608276348795434E-01|         54|
 5|   3.400E+00|                 Infinity|   1.5617376188860607E-01|         41|
 5|   3.600E+00|                 Infinity|   1.6903085094570330E-01|         35|
 5|   3.800E+00|                 Infinity|   2.0412414523193154E-01|         24|
 5|   4.000E+00|                 Infinity|   3.0151134457776363E-01|         11|
 5|   4.200E+00|                 Infinity|   3.3333333333333331E-01|          9|
 5|   4.400E+00|                 Infinity|   5.7735026918962584E-01|          3|
 5|   4.600E+00|                 Infinity|   3.5355339059327373E-01|          8|
 5|   4.800E+00|                 Infinity|   7.0710678118654746E-01|          2|
# integrated result:   2.0293508722233042E-06
#
# Histogram 6: mz1                                               
 6|   0.000E+00|                      NaN|   0.0000000000000000E+00|          0|
 6|   2.000E+00|                      NaN|   0.0000000000000000E+00|          0|
 6|   4.000E+00|                 Infinity|   2.0933516060466586E-02|       2282|
 6|   6.000E+00|                 Infinity|   2.4404766228169002E-02|       1679|
 6|   8.000E+00|                 Infinity|   2.8536507276767480E-02|       1228|
 6|   1.000E+01|                 Infinity|   2.9514066805047763E-02|       1148|
 6|   1.200E+01|                 Infinity|   3.8235955645093626E-02|        684|
 6|   1.400E+01|                 Infinity|   3.3501260508640399E-02|        891|
 6|   1.600E+01|                 Infinity|   5.2999894000318001E-02|        356|
 6|   1.800E+01|                 Infinity|   3.1766046899489794E-02|        991|
 6|   2.000E+01|                 Infinity|   5.1502620262460476E-02|        377|
 6|   2.200E+01|                 Infinity|   6.0302268915552716E-02|        275|
 6|   2.400E+01|                 Infinity|   3.9223227027636809E-02|        650|
 6|   2.600E+01|                 Infinity|   5.2057920629535355E-02|        369|
 6|   2.800E+01|                 Infinity|   3.4239347869895034E-02|        853|
 6|   3.000E+01|                 Infinity|   4.5083481733371615E-02|        492|
 6|   3.200E+01|                 Infinity|   4.3726946944662608E-02|        523|
 6|   3.400E+01|                 Infinity|   3.9133024009741613E-02|        653|
 6|   3.600E+01|                 Infinity|   6.0858061945018457E-02|        270|
 6|   3.800E+01|                 Infinity|   1.4586499149789456E-01|         47|
 6|   4.000E+01|                 Infinity|   1.3483997249264842E-01|         55|
 6|   4.200E+01|                 Infinity|   1.5075567228888181E-01|         44|
 6|   4.400E+01|                 Infinity|   1.4285714285714285E-01|         49|
 6|   4.600E+01|                 Infinity|   1.6012815380508713E-01|         39|
 6|   4.800E+01|                 Infinity|   2.0412414523193154E-01|         24|
 6|   5.000E+01|                 Infinity|   1.9245008972987526E-01|         27|
 6|   5.200E+01|                 Infinity|   1.8898223650461360E-01|         28|
 6|   5.400E+01|                 Infinity|   2.2941573387056174E-01|         19|
 6|   5.600E+01|                 Infinity|   2.4253562503633297E-01|         17|
 6|   5.800E+01|                 Infinity|   2.6726124191242440E-01|         14|
 6|   6.000E+01|                 Infinity|   2.5819888974716110E-01|         15|
 6|   6.200E+01|                 Infinity|   2.4253562503633297E-01|         17|
 6|   6.400E+01|                 Infinity|   2.1320071635561041E-01|         22|
 6|   6.600E+01|                 Infinity|   1.8569533817705186E-01|         29|
 6|   6.800E+01|                 Infinity|   1.9611613513818404E-01|         26|
 6|   7.000E+01|                 Infinity|   1.8569533817705186E-01|         29|
 6|   7.200E+01|                 Infinity|   1.9611613513818404E-01|         26|
 6|   7.400E+01|                 Infinity|   1.6222142113076254E-01|         38|
 6|   7.600E+01|                 Infinity|   1.5617376188860607E-01|         41|
 6|   7.800E+01|                 Infinity|   1.2500000000000000E-01|         64|
 6|   8.000E+01|                 Infinity|   1.0910894511799619E-01|         84|
 6|   8.200E+01|                 Infinity|   9.2450032704204849E-02|        117|
 6|   8.400E+01|                 Infinity|   8.5435765771676095E-02|        137|
 6|   8.600E+01|                 Infinity|   4.9875466805381644E-02|        402|
 6|   8.800E+01|                 Infinity|   2.6144349280800103E-02|       1463|
 6|   9.000E+01|                 Infinity|   1.5897065910858280E-02|       3957|
 6|   9.200E+01|                 Infinity|   1.8679356335414059E-02|       2866|
 6|   9.400E+01|                 Infinity|   4.2678959977631992E-02|        549|
 6|   9.600E+01|                 Infinity|   8.1110710565381272E-02|        152|
 6|   9.800E+01|                 Infinity|   6.3757671306333821E-02|        246|
 6|   1.000E+02|                 Infinity|   8.1378845877115941E-02|        151|
 6|   1.020E+02|                 Infinity|   9.7590007294853329E-02|        105|
 6|   1.040E+02|                 Infinity|   1.2598815766974239E-01|         63|
 6|   1.060E+02|                 Infinity|   1.7149858514250882E-01|         34|
 6|   1.080E+02|                 Infinity|   3.1622776601683794E-01|         10|
 6|   1.100E+02|                 Infinity|   3.7796447300922720E-01|          7|
 6|   1.120E+02|                 Infinity|   4.0824829046386307E-01|          6|
 6|   1.140E+02|                 Infinity|   5.0000000000000000E-01|          4|
 6|   1.160E+02|                 Infinity|   5.0000000000000000E-01|          4|
 6|   1.180E+02|                      NaN|   0.0000000000000000E+00|          0|
 6|   1.200E+02|                      NaN|   0.0000000000000000E+00|          0|
 6|   1.220E+02|                      NaN|   0.0000000000000000E+00|          0|
 6|   1.240E+02|                      NaN|   0.0000000000000000E+00|          0|
 6|   1.260E+02|                      NaN|   0.0000000000000000E+00|          0|
 6|   1.280E+02|                      NaN|   0.0000000000000000E+00|          0|
 6|   1.300E+02|                      NaN|   0.0000000000000000E+00|          0|
 6|   1.320E+02|                      NaN|   0.0000000000000000E+00|          0|
 6|   1.340E+02|                      NaN|   0.0000000000000000E+00|          0|
 6|   1.360E+02|                      NaN|   0.0000000000000000E+00|          0|
 6|   1.380E+02|                      NaN|   0.0000000000000000E+00|          0|
 6|   1.400E+02|                      NaN|   0.0000000000000000E+00|          0|
 6|   1.420E+02|                      NaN|   0.0000000000000000E+00|          0|
 6|   1.440E+02|                      NaN|   0.0000000000000000E+00|          0|
 6|   1.460E+02|                      NaN|   0.0000000000000000E+00|          0|
 6|   1.480E+02|                      NaN|   0.0000000000000000E+00|          0|
 6|   1.500E+02|                      NaN|   0.0000000000000000E+00|          0|
 6|   1.520E+02|                      NaN|   0.0000000000000000E+00|          0|
 6|   1.540E+02|                      NaN|   0.0000000000000000E+00|          0|
 6|   1.560E+02|                      NaN|   0.0000000000000000E+00|          0|
 6|   1.580E+02|                      NaN|   0.0000000000000000E+00|          0|
 6|   1.600E+02|                      NaN|   0.0000000000000000E+00|          0|
 6|   1.620E+02|                      NaN|   0.0000000000000000E+00|          0|
 6|   1.640E+02|                      NaN|   0.0000000000000000E+00|          0|
 6|   1.660E+02|                      NaN|   0.0000000000000000E+00|          0|
 6|   1.680E+02|                      NaN|   0.0000000000000000E+00|          0|
 6|   1.700E+02|                      NaN|   0.0000000000000000E+00|          0|
 6|   1.720E+02|                      NaN|   0.0000000000000000E+00|          0|
 6|   1.740E+02|                      NaN|   0.0000000000000000E+00|          0|
 6|   1.760E+02|                      NaN|   0.0000000000000000E+00|          0|
 6|   1.780E+02|                      NaN|   0.0000000000000000E+00|          0|
 6|   1.800E+02|                      NaN|   0.0000000000000000E+00|          0|
 6|   1.820E+02|                      NaN|   0.0000000000000000E+00|          0|
 6|   1.840E+02|                      NaN|   0.0000000000000000E+00|          0|
 6|   1.860E+02|                      NaN|   0.0000000000000000E+00|          0|
 6|   1.880E+02|                      NaN|   0.0000000000000000E+00|          0|
 6|   1.900E+02|                      NaN|   0.0000000000000000E+00|          0|
 6|   1.920E+02|                      NaN|   0.0000000000000000E+00|          0|
 6|   1.940E+02|                      NaN|   0.0000000000000000E+00|          0|
 6|   1.960E+02|                      NaN|   0.0000000000000000E+00|          0|
 6|   1.980E+02|                      NaN|   0.0000000000000000E+00|          0|
# integrated result:   2.0293508722233047E-06
#
# Histogram 7: mz2                                               
 7|   0.000E+00|                      NaN|   0.0000000000000000E+00|          0|
 7|   2.000E+00|                      NaN|   0.0000000000000000E+00|          0|
 7|   4.000E+00|                 Infinity|   2.8819520885211749E-02|       1204|
 7|   6.000E+00|                 Infinity|   3.6178730264621081E-02|        764|
 7|   8.000E+00|                 Infinity|   3.7555788309433985E-02|        709|
 7|   1.000E+01|                 Infinity|   3.7139067635410375E-02|        725|
 7|   1.200E+01|                 Infinity|   3.5377456883861250E-02|        799|
 7|   1.400E+01|                 Infinity|   3.7662178857735470E-02|        705|
 7|   1.600E+01|                 Infinity|   4.4324220717793628E-02|        509|
 7|   1.800E+01|                 Infinity|   4.1594516540385151E-02|        578|
 7|   2.000E+01|                 Infinity|   3.4942827890730610E-02|        819|
 7|   2.200E+01|                 Infinity|   3.5805743701971648E-02|        780|
 7|   2.400E+01|                 Infinity|   3.9253433598942983E-02|        649|
 7|   2.600E+01|                 Infinity|   4.0032038451271783E-02|        624|
 7|   2.800E+01|                 Infinity|   3.8984058779272523E-02|        658|
 7|   3.000E+01|                 Infinity|   3.6910673526278109E-02|        734|
 7|   3.200E+01|                 Infinity|   4.0756957296961119E-02|        602|
 7|   3.400E+01|                 Infinity|   5.9028133610095526E-02|        287|
 7|   3.600E+01|                 Infinity|   9.8532927816429319E-02|        103|
 7|   3.800E+01|                 Infinity|   1.1111111111111110E-01|         81|
 7|   4.000E+01|                 Infinity|   1.1322770341445956E-01|         78|
 7|   4.200E+01|                 Infinity|   1.3867504905630729E-01|         52|
 7|   4.400E+01|                 Infinity|   1.3018891098082389E-01|         59|
 7|   4.600E+01|                 Infinity|   1.3018891098082389E-01|         59|
 7|   4.800E+01|                 Infinity|   1.2803687993289598E-01|         61|
 7|   5.000E+01|                 Infinity|   1.3736056394868904E-01|         53|
 7|   5.200E+01|                 Infinity|   7.5809804357890337E-02|        174|
 7|   5.400E+01|                 Infinity|   7.5377836144440907E-02|        176|
 7|   5.600E+01|                 Infinity|   8.0321932890249886E-02|        155|
 7|   5.800E+01|                 Infinity|   8.7705801930702931E-02|        130|
 7|   6.000E+01|                 Infinity|   8.5125653075874858E-02|        138|
 7|   6.200E+01|                 Infinity|   8.5749292571254410E-02|        136|
 7|   6.400E+01|                 Infinity|   7.1428571428571425E-02|        196|
 7|   6.600E+01|                 Infinity|   5.6165595630173037E-02|        317|
 7|   6.800E+01|                 Infinity|   7.3922127095457285E-02|        183|
 7|   7.000E+01|                 Infinity|   5.1366549693751415E-02|        379|
 7|   7.200E+01|                 Infinity|   5.9443829827776400E-02|        283|
 7|   7.400E+01|                 Infinity|   5.8025885318565944E-02|        297|
 7|   7.600E+01|                 Infinity|   5.2777981396925952E-02|        359|
 7|   7.800E+01|                 Infinity|   5.8420623783698597E-02|        293|
 7|   8.000E+01|                 Infinity|   4.9507377148833721E-02|        408|
 7|   8.200E+01|                 Infinity|   4.5037734911104493E-02|        493|
 7|   8.400E+01|                 Infinity|   3.8807526285316640E-02|        664|
 7|   8.600E+01|                 Infinity|   2.9086486358157505E-02|       1182|
 7|   8.800E+01|                 Infinity|   2.2321651006080835E-02|       2007|
 7|   9.000E+01|                 Infinity|   1.7321374166049876E-02|       3333|
 7|   9.200E+01|                 Infinity|   3.1718073984777558E-02|        994|
 7|   9.400E+01|                 Infinity|   5.6343616981901101E-02|        315|
 7|   9.600E+01|                 Infinity|   6.9843029576957816E-02|        205|
 7|   9.800E+01|                 Infinity|   1.1704114719613057E-01|         73|
 7|   1.000E+02|                 Infinity|   1.3867504905630729E-01|         52|
 7|   1.020E+02|                 Infinity|   1.6666666666666666E-01|         36|
 7|   1.040E+02|                 Infinity|   1.5811388300841897E-01|         40|
 7|   1.060E+02|                 Infinity|   2.5000000000000000E-01|         16|
 7|   1.080E+02|                 Infinity|   2.8867513459481292E-01|         12|
 7|   1.100E+02|                 Infinity|   4.4721359549995793E-01|          5|
 7|   1.120E+02|                 Infinity|   7.0710678118654746E-01|          2|
 7|   1.140E+02|                 Infinity|   5.7735026918962584E-01|          3|
 7|   1.160E+02|                      NaN|   0.0000000000000000E+00|          0|
 7|   1.180E+02|                      NaN|   0.0000000000000000E+00|          0|
 7|   1.200E+02|                      NaN|   0.0000000000000000E+00|          0|
 7|   1.220E+02|                      NaN|   0.0000000000000000E+00|          0|
 7|   1.240E+02|                      NaN|   0.0000000000000000E+00|          0|
 7|   1.260E+02|                      NaN|   0.0000000000000000E+00|          0|
 7|   1.280E+02|                      NaN|   0.0000000000000000E+00|          0|
 7|   1.300E+02|                      NaN|   0.0000000000000000E+00|          0|
 7|   1.320E+02|                      NaN|   0.0000000000000000E+00|          0|
 7|   1.340E+02|                      NaN|   0.0000000000000000E+00|          0|
 7|   1.360E+02|                      NaN|   0.0000000000000000E+00|          0|
 7|   1.380E+02|                      NaN|   0.0000000000000000E+00|          0|
 7|   1.400E+02|                      NaN|   0.0000000000000000E+00|          0|
 7|   1.420E+02|                      NaN|   0.0000000000000000E+00|          0|
 7|   1.440E+02|                      NaN|   0.0000000000000000E+00|          0|
 7|   1.460E+02|                      NaN|   0.0000000000000000E+00|          0|
 7|   1.480E+02|                      NaN|   0.0000000000000000E+00|          0|
 7|   1.500E+02|                      NaN|   0.0000000000000000E+00|          0|
 7|   1.520E+02|                      NaN|   0.0000000000000000E+00|          0|
 7|   1.540E+02|                      NaN|   0.0000000000000000E+00|          0|
 7|   1.560E+02|                      NaN|   0.0000000000000000E+00|          0|
 7|   1.580E+02|                      NaN|   0.0000000000000000E+00|          0|
 7|   1.600E+02|                      NaN|   0.0000000000000000E+00|          0|
 7|   1.620E+02|                      NaN|   0.0000000000000000E+00|          0|
 7|   1.640E+02|                      NaN|   0.0000000000000000E+00|          0|
 7|   1.660E+02|                      NaN|   0.0000000000000000E+00|          0|
 7|   1.680E+02|                      NaN|   0.0000000000000000E+00|          0|
 7|   1.700E+02|                      NaN|   0.0000000000000000E+00|          0|
 7|   1.720E+02|                      NaN|   0.0000000000000000E+00|          0|
 7|   1.740E+02|                      NaN|   0.0000000000000000E+00|          0|
 7|   1.760E+02|                      NaN|   0.0000000000000000E+00|          0|
 7|   1.780E+02|                      NaN|   0.0000000000000000E+00|          0|
 7|   1.800E+02|                      NaN|   0.0000000000000000E+00|          0|
 7|   1.820E+02|                      NaN|   0.0000000000000000E+00|          0|
 7|   1.840E+02|                      NaN|   0.0000000000000000E+00|          0|
 7|   1.860E+02|                      NaN|   0.0000000000000000E+00|          0|
 7|   1.880E+02|                      NaN|   0.0000000000000000E+00|          0|
 7|   1.900E+02|                      NaN|   0.0000000000000000E+00|          0|
 7|   1.920E+02|                      NaN|   0.0000000000000000E+00|          0|
 7|   1.940E+02|                      NaN|   0.0000000000000000E+00|          0|
 7|   1.960E+02|                      NaN|   0.0000000000000000E+00|          0|
 7|   1.980E+02|                      NaN|   0.0000000000000000E+00|          0|
# integrated result:   2.0293508722233042E-06
#
# Histogram 8: m_4l                                              
 8|   1.000E+02|                 Infinity|   6.3566741021433421E-03|      24748|
 8|   1.400E+02|                      NaN|   0.0000000000000000E+00|          0|
 8|   1.800E+02|                      NaN|   0.0000000000000000E+00|          0|
 8|   2.200E+02|                      NaN|   0.0000000000000000E+00|          0|
 8|   2.600E+02|                      NaN|   0.0000000000000000E+00|          0|
 8|   3.000E+02|                      NaN|   0.0000000000000000E+00|          0|
 8|   3.400E+02|                      NaN|   0.0000000000000000E+00|          0|
 8|   3.800E+02|                      NaN|   0.0000000000000000E+00|          0|
 8|   4.200E+02|                      NaN|   0.0000000000000000E+00|          0|
 8|   4.600E+02|                      NaN|   0.0000000000000000E+00|          0|
 8|   5.000E+02|                      NaN|   0.0000000000000000E+00|          0|
 8|   5.400E+02|                      NaN|   0.0000000000000000E+00|          0|
 8|   5.800E+02|                      NaN|   0.0000000000000000E+00|          0|
 8|   6.200E+02|                      NaN|   0.0000000000000000E+00|          0|
 8|   6.600E+02|                      NaN|   0.0000000000000000E+00|          0|
 8|   7.000E+02|                      NaN|   0.0000000000000000E+00|          0|
 8|   7.400E+02|                      NaN|   0.0000000000000000E+00|          0|
 8|   7.800E+02|                      NaN|   0.0000000000000000E+00|          0|
 8|   8.200E+02|                      NaN|   0.0000000000000000E+00|          0|
 8|   8.600E+02|                      NaN|   0.0000000000000000E+00|          0|
 8|   9.000E+02|                      NaN|   0.0000000000000000E+00|          0|
 8|   9.400E+02|                      NaN|   0.0000000000000000E+00|          0|
 8|   9.800E+02|                      NaN|   0.0000000000000000E+00|          0|
 8|   1.020E+03|                      NaN|   0.0000000000000000E+00|          0|
 8|   1.060E+03|                      NaN|   0.0000000000000000E+00|          0|
 8|   1.100E+03|                      NaN|   0.0000000000000000E+00|          0|
 8|   1.140E+03|                      NaN|   0.0000000000000000E+00|          0|
 8|   1.180E+03|                      NaN|   0.0000000000000000E+00|          0|
 8|   1.220E+03|                      NaN|   0.0000000000000000E+00|          0|
 8|   1.260E+03|                      NaN|   0.0000000000000000E+00|          0|
 8|   1.300E+03|                      NaN|   0.0000000000000000E+00|          0|
 8|   1.340E+03|                      NaN|   0.0000000000000000E+00|          0|
 8|   1.380E+03|                      NaN|   0.0000000000000000E+00|          0|
 8|   1.420E+03|                      NaN|   0.0000000000000000E+00|          0|
 8|   1.460E+03|                      NaN|   0.0000000000000000E+00|          0|
 8|   1.500E+03|                      NaN|   0.0000000000000000E+00|          0|
 8|   1.540E+03|                      NaN|   0.0000000000000000E+00|          0|
 8|   1.580E+03|                      NaN|   0.0000000000000000E+00|          0|
 8|   1.620E+03|                      NaN|   0.0000000000000000E+00|          0|
 8|   1.660E+03|                      NaN|   0.0000000000000000E+00|          0|
 8|   1.700E+03|                      NaN|   0.0000000000000000E+00|          0|
 8|   1.740E+03|                      NaN|   0.0000000000000000E+00|          0|
 8|   1.780E+03|                      NaN|   0.0000000000000000E+00|          0|
 8|   1.820E+03|                      NaN|   0.0000000000000000E+00|          0|
 8|   1.860E+03|                      NaN|   0.0000000000000000E+00|          0|
 8|   1.900E+03|                      NaN|   0.0000000000000000E+00|          0|
 8|   1.940E+03|                      NaN|   0.0000000000000000E+00|          0|
 8|   1.980E+03|                      NaN|   0.0000000000000000E+00|          0|
 8|   2.020E+03|                      NaN|   0.0000000000000000E+00|          0|
 8|   2.060E+03|                      NaN|   0.0000000000000000E+00|          0|
 8|   2.100E+03|                      NaN|   0.0000000000000000E+00|          0|
 8|   2.140E+03|                      NaN|   0.0000000000000000E+00|          0|
 8|   2.180E+03|                      NaN|   0.0000000000000000E+00|          0|
 8|   2.220E+03|                      NaN|   0.0000000000000000E+00|          0|
 8|   2.260E+03|                      NaN|   0.0000000000000000E+00|          0|
 8|   2.300E+03|                      NaN|   0.0000000000000000E+00|          0|
 8|   2.340E+03|                      NaN|   0.0000000000000000E+00|          0|
 8|   2.380E+03|                      NaN|   0.0000000000000000E+00|          0|
 8|   2.420E+03|                      NaN|   0.0000000000000000E+00|          0|
 8|   2.460E+03|                      NaN|   0.0000000000000000E+00|          0|
 8|   2.500E+03|                      NaN|   0.0000000000000000E+00|          0|
 8|   2.540E+03|                      NaN|   0.0000000000000000E+00|          0|
 8|   2.580E+03|                      NaN|   0.0000000000000000E+00|          0|
 8|   2.620E+03|                      NaN|   0.0000000000000000E+00|          0|
 8|   2.660E+03|                      NaN|   0.0000000000000000E+00|          0|
 8|   2.700E+03|                      NaN|   0.0000000000000000E+00|          0|
 8|   2.740E+03|                      NaN|   0.0000000000000000E+00|          0|
 8|   2.780E+03|                      NaN|   0.0000000000000000E+00|          0|
 8|   2.820E+03|                      NaN|   0.0000000000000000E+00|          0|
 8|   2.860E+03|                      NaN|   0.0000000000000000E+00|          0|
 8|   2.900E+03|                      NaN|   0.0000000000000000E+00|          0|
 8|   2.940E+03|                      NaN|   0.0000000000000000E+00|          0|
 8|   2.980E+03|                      NaN|   0.0000000000000000E+00|          0|
 8|   3.020E+03|                      NaN|   0.0000000000000000E+00|          0|
 8|   3.060E+03|                      NaN|   0.0000000000000000E+00|          0|
 8|   3.100E+03|                      NaN|   0.0000000000000000E+00|          0|
 8|   3.140E+03|                      NaN|   0.0000000000000000E+00|          0|
 8|   3.180E+03|                      NaN|   0.0000000000000000E+00|          0|
 8|   3.220E+03|                      NaN|   0.0000000000000000E+00|          0|
 8|   3.260E+03|                      NaN|   0.0000000000000000E+00|          0|
 8|   3.300E+03|                      NaN|   0.0000000000000000E+00|          0|
 8|   3.340E+03|                      NaN|   0.0000000000000000E+00|          0|
 8|   3.380E+03|                      NaN|   0.0000000000000000E+00|          0|
 8|   3.420E+03|                      NaN|   0.0000000000000000E+00|          0|
 8|   3.460E+03|                      NaN|   0.0000000000000000E+00|          0|
 8|   3.500E+03|                      NaN|   0.0000000000000000E+00|          0|
 8|   3.540E+03|                      NaN|   0.0000000000000000E+00|          0|
 8|   3.580E+03|                      NaN|   0.0000000000000000E+00|          0|
 8|   3.620E+03|                      NaN|   0.0000000000000000E+00|          0|
 8|   3.660E+03|                      NaN|   0.0000000000000000E+00|          0|
 8|   3.700E+03|                      NaN|   0.0000000000000000E+00|          0|
 8|   3.740E+03|                      NaN|   0.0000000000000000E+00|          0|
 8|   3.780E+03|                      NaN|   0.0000000000000000E+00|          0|
 8|   3.820E+03|                      NaN|   0.0000000000000000E+00|          0|
 8|   3.860E+03|                      NaN|   0.0000000000000000E+00|          0|
 8|   3.900E+03|                      NaN|   0.0000000000000000E+00|          0|
 8|   3.940E+03|                      NaN|   0.0000000000000000E+00|          0|
 8|   3.980E+03|                      NaN|   0.0000000000000000E+00|          0|
 8|   4.020E+03|                      NaN|   0.0000000000000000E+00|          0|
 8|   4.060E+03|                      NaN|   0.0000000000000000E+00|          0|
# integrated result:   2.0293508722232894E-06
#
# Histogram 9: m_4l                                              
 9|   8.500E+01|                      NaN|   0.0000000000000000E+00|          0|
 9|   8.600E+01|                      NaN|   0.0000000000000000E+00|          0|
 9|   8.700E+01|                      NaN|   0.0000000000000000E+00|          0|
 9|   8.800E+01|                      NaN|   0.0000000000000000E+00|          0|
 9|   8.900E+01|                      NaN|   0.0000000000000000E+00|          0|
 9|   9.000E+01|                      NaN|   0.0000000000000000E+00|          0|
 9|   9.100E+01|                      NaN|   0.0000000000000000E+00|          0|
 9|   9.200E+01|                      NaN|   0.0000000000000000E+00|          0|
 9|   9.300E+01|                      NaN|   0.0000000000000000E+00|          0|
 9|   9.400E+01|                      NaN|   0.0000000000000000E+00|          0|
 9|   9.500E+01|                      NaN|   0.0000000000000000E+00|          0|
 9|   9.600E+01|                      NaN|   0.0000000000000000E+00|          0|
 9|   9.700E+01|                      NaN|   0.0000000000000000E+00|          0|
 9|   9.800E+01|                      NaN|   0.0000000000000000E+00|          0|
 9|   9.900E+01|                      NaN|   0.0000000000000000E+00|          0|
 9|   1.000E+02|                      NaN|   0.0000000000000000E+00|          0|
 9|   1.010E+02|                      NaN|   0.0000000000000000E+00|          0|
 9|   1.020E+02|                      NaN|   0.0000000000000000E+00|          0|
 9|   1.030E+02|                      NaN|   0.0000000000000000E+00|          0|
 9|   1.040E+02|                      NaN|   0.0000000000000000E+00|          0|
 9|   1.050E+02|                      NaN|   0.0000000000000000E+00|          0|
 9|   1.060E+02|                      NaN|   0.0000000000000000E+00|          0|
 9|   1.070E+02|                      NaN|   0.0000000000000000E+00|          0|
 9|   1.080E+02|                      NaN|   0.0000000000000000E+00|          0|
 9|   1.090E+02|                      NaN|   0.0000000000000000E+00|          0|
 9|   1.100E+02|                      NaN|   0.0000000000000000E+00|          0|
 9|   1.110E+02|                      NaN|   0.0000000000000000E+00|          0|
 9|   1.120E+02|                      NaN|   0.0000000000000000E+00|          0|
 9|   1.130E+02|                      NaN|   0.0000000000000000E+00|          0|
 9|   1.140E+02|                      NaN|   0.0000000000000000E+00|          0|
 9|   1.150E+02|                      NaN|   0.0000000000000000E+00|          0|
 9|   1.160E+02|                      NaN|   0.0000000000000000E+00|          0|
 9|   1.170E+02|                      NaN|   0.0000000000000000E+00|          0|
 9|   1.180E+02|                      NaN|   0.0000000000000000E+00|          0|
 9|   1.190E+02|                      NaN|   0.0000000000000000E+00|          0|
 9|   1.200E+02|                      NaN|   0.0000000000000000E+00|          0|
 9|   1.210E+02|                      NaN|   0.0000000000000000E+00|          0|
 9|   1.220E+02|                      NaN|   0.0000000000000000E+00|          0|
 9|   1.230E+02|                      NaN|   0.0000000000000000E+00|          0|
 9|   1.240E+02|                 Infinity|   9.5389627705025504E-03|      10990|
 9|   1.250E+02|                 Infinity|   8.5255488552030394E-03|      13758|
 9|   1.260E+02|                      NaN|   0.0000000000000000E+00|          0|
 9|   1.270E+02|                      NaN|   0.0000000000000000E+00|          0|
 9|   1.280E+02|                      NaN|   0.0000000000000000E+00|          0|
 9|   1.290E+02|                      NaN|   0.0000000000000000E+00|          0|
 9|   1.300E+02|                      NaN|   0.0000000000000000E+00|          0|
 9|   1.310E+02|                      NaN|   0.0000000000000000E+00|          0|
 9|   1.320E+02|                      NaN|   0.0000000000000000E+00|          0|
 9|   1.330E+02|                      NaN|   0.0000000000000000E+00|          0|
 9|   1.340E+02|                      NaN|   0.0000000000000000E+00|          0|
# integrated result:   2.0293508722233072E-06
#
# Histogram10: Phi1                                              
10|  -3.142E+00|                 Infinity|   4.7351372381037843E-02|        446|
10|  -2.985E+00|                 Infinity|   4.5980048987170286E-02|        473|
10|  -2.827E+00|                 Infinity|   4.2835293687811936E-02|        545|
10|  -2.670E+00|                 Infinity|   4.4499415948998478E-02|        505|
10|  -2.513E+00|                 Infinity|   4.0655781409087086E-02|        605|
10|  -2.356E+00|                 Infinity|   4.0756957296961119E-02|        602|
10|  -2.199E+00|                 Infinity|   3.9872611141444997E-02|        629|
10|  -2.042E+00|                 Infinity|   3.6810508691615514E-02|        738|
10|  -1.885E+00|                 Infinity|   3.7608870722230077E-02|        707|
10|  -1.728E+00|                 Infinity|   3.5944257734479471E-02|        774|
10|  -1.571E+00|                 Infinity|   3.5737084494593160E-02|        783|
10|  -1.414E+00|                 Infinity|   3.8069349381344049E-02|        690|
10|  -1.257E+00|                 Infinity|   3.9590379123244791E-02|        638|
10|  -1.100E+00|                 Infinity|   3.9344473768231684E-02|        646|
10|  -9.425E-01|                 Infinity|   3.8924947208076148E-02|        660|
10|  -7.854E-01|                 Infinity|   4.1415768328129106E-02|        583|
10|  -6.283E-01|                 Infinity|   4.0723148118768406E-02|        603|
10|  -4.713E-01|                 Infinity|   3.8633370464312790E-02|        670|
10|  -3.142E-01|                 Infinity|   4.1739193556484110E-02|        574|
10|  -1.571E-01|                 Infinity|   4.2107596053325952E-02|        564|
10|  -3.000E-05|                 Infinity|   4.3153185200210310E-02|        537|
10|   1.570E-01|                 Infinity|   4.2295493443781355E-02|        559|
10|   3.141E-01|                 Infinity|   3.8547167224584990E-02|        673|
10|   4.712E-01|                 Infinity|   4.0032038451271783E-02|        624|
10|   6.283E-01|                 Infinity|   4.0422604172722164E-02|        612|
10|   7.854E-01|                 Infinity|   3.9809371432901648E-02|        631|
10|   9.424E-01|                 Infinity|   4.0032038451271783E-02|        624|
10|   1.100E+00|                 Infinity|   3.8749212914606430E-02|        666|
10|   1.257E+00|                 Infinity|   3.7190400165280094E-02|        723|
10|   1.414E+00|                 Infinity|   3.6490518258441337E-02|        751|
10|   1.571E+00|                 Infinity|   3.6686441912352652E-02|        743|
10|   1.728E+00|                 Infinity|   3.6345618209240697E-02|        757|
10|   1.885E+00|                 Infinity|   3.7904902178945168E-02|        696|
10|   2.042E+00|                 Infinity|   3.9314056698537575E-02|        647|
10|   2.199E+00|                 Infinity|   3.9683789506627251E-02|        635|
10|   2.356E+00|                 Infinity|   4.3073049225394802E-02|        539|
10|   2.513E+00|                 Infinity|   4.2796049251091289E-02|        546|
10|   2.670E+00|                 Infinity|   4.5691166238495382E-02|        479|
10|   2.827E+00|                 Infinity|   4.6324105461207951E-02|        466|
10|   2.984E+00|                 Infinity|   4.9690399499995326E-02|        405|
# integrated result:   2.0293508722233047E-06
#
