#
# column #1=histogram, #2=x-axis bin, #3=binned cross-section, #4=error, #5=number of events 
# this can be easily plotted in gnuplot with the commands:
#    NHi=3
#    plot 'output.dat' using ($2):($1==NHi ? $3 : 1/0) w st
# where NHi selects the histogram
#
#
# run time =      -0.05min
# TotCS =      3.3311191229E-06           6.80508E-07
#
# Histogram 1: m_jj                                              
 1|   0.000E+00|                 Infinity|   1.5545502209836045E-02|       4138|
 1|   5.000E+01|                 Infinity|   9.2576720030104736E-03|      11668|
 1|   1.000E+02|                 Infinity|   1.2844815128956886E-02|       6061|
 1|   1.500E+02|                 Infinity|   1.8110118323750115E-02|       3049|
 1|   2.000E+02|                 Infinity|   2.7799236087488331E-02|       1294|
 1|   2.500E+02|                 Infinity|   3.8433122101204392E-02|        677|
 1|   3.000E+02|                 Infinity|   5.1917413165116499E-02|        371|
 1|   3.500E+02|                 Infinity|   6.2994078834871195E-02|        252|
 1|   4.000E+02|                 Infinity|   8.7370405666103795E-02|        131|
 1|   4.500E+02|                 Infinity|   1.1180339887498948E-01|         80|
 1|   5.000E+02|                 Infinity|   1.1396057645963795E-01|         77|
 1|   5.500E+02|                 Infinity|   1.5075567228888181E-01|         44|
 1|   6.000E+02|                 Infinity|   2.0000000000000001E-01|         25|
 1|   6.500E+02|                 Infinity|   2.0412414523193154E-01|         24|
 1|   7.000E+02|                 Infinity|   2.7735009811261457E-01|         13|
 1|   7.500E+02|                 Infinity|   2.5000000000000000E-01|         16|
 1|   8.000E+02|                 Infinity|   3.1622776601683794E-01|         10|
 1|   8.500E+02|                 Infinity|   4.4721359549995793E-01|          5|
 1|   9.000E+02|                 Infinity|   5.0000000000000000E-01|          4|
 1|   9.500E+02|                 Infinity|   7.0710678118654746E-01|          2|
 1|   1.000E+03|                 Infinity|   1.0000000000000000E+00|          1|
 1|   1.050E+03|                 Infinity|   5.0000000000000000E-01|          4|
 1|   1.100E+03|                 Infinity|   1.0000000000000000E+00|          1|
 1|   1.150E+03|                      NaN|   0.0000000000000000E+00|          0|
 1|   1.200E+03|                      NaN|   0.0000000000000000E+00|          0|
 1|   1.250E+03|                      NaN|   0.0000000000000000E+00|          0|
 1|   1.300E+03|                 Infinity|   1.0000000000000000E+00|          1|
 1|   1.350E+03|                 Infinity|   1.0000000000000000E+00|          1|
 1|   1.400E+03|                 Infinity|   1.0000000000000000E+00|          1|
 1|   1.450E+03|                 Infinity|   1.0000000000000000E+00|          1|
 1|   1.500E+03|                 Infinity|   1.0000000000000000E+00|          1|
 1|   1.550E+03|                 Infinity|   1.0000000000000000E+00|          1|
 1|   1.600E+03|                 Infinity|   1.0000000000000000E+00|          1|
 1|   1.650E+03|                      NaN|   0.0000000000000000E+00|          0|
 1|   1.700E+03|                      NaN|   0.0000000000000000E+00|          0|
 1|   1.750E+03|                 Infinity|   1.0000000000000000E+00|          1|
 1|   1.800E+03|                 Infinity|   1.0000000000000000E+00|          1|
 1|   1.850E+03|                 Infinity|   1.0000000000000000E+00|          1|
 1|   1.900E+03|                 Infinity|   7.0710678118654746E-01|          2|
 1|   1.950E+03|                      NaN|   0.0000000000000000E+00|          0|
 1|   2.000E+03|                      NaN|   0.0000000000000000E+00|          0|
 1|   2.050E+03|                      NaN|   0.0000000000000000E+00|          0|
 1|   2.100E+03|                      NaN|   0.0000000000000000E+00|          0|
 1|   2.150E+03|                 Infinity|   1.0000000000000000E+00|          1|
 1|   2.200E+03|                      NaN|   0.0000000000000000E+00|          0|
 1|   2.250E+03|                      NaN|   0.0000000000000000E+00|          0|
 1|   2.300E+03|                      NaN|   0.0000000000000000E+00|          0|
 1|   2.350E+03|                 Infinity|   1.0000000000000000E+00|          1|
 1|   2.400E+03|                      NaN|   0.0000000000000000E+00|          0|
 1|   2.450E+03|                      NaN|   0.0000000000000000E+00|          0|
 1|   2.500E+03|                      NaN|   0.0000000000000000E+00|          0|
 1|   2.550E+03|                      NaN|   0.0000000000000000E+00|          0|
 1|   2.600E+03|                      NaN|   0.0000000000000000E+00|          0|
 1|   2.650E+03|                 Infinity|   1.0000000000000000E+00|          1|
 1|   2.700E+03|                 Infinity|   1.0000000000000000E+00|          1|
 1|   2.750E+03|                      NaN|   0.0000000000000000E+00|          0|
 1|   2.800E+03|                      NaN|   0.0000000000000000E+00|          0|
 1|   2.850E+03|                      NaN|   0.0000000000000000E+00|          0|
 1|   2.900E+03|                      NaN|   0.0000000000000000E+00|          0|
 1|   2.950E+03|                      NaN|   0.0000000000000000E+00|          0|
 1|   3.000E+03|                      NaN|   0.0000000000000000E+00|          0|
 1|   3.050E+03|                      NaN|   0.0000000000000000E+00|          0|
 1|   3.100E+03|                      NaN|   0.0000000000000000E+00|          0|
 1|   3.150E+03|                      NaN|   0.0000000000000000E+00|          0|
 1|   3.200E+03|                      NaN|   0.0000000000000000E+00|          0|
 1|   3.250E+03|                      NaN|   0.0000000000000000E+00|          0|
 1|   3.300E+03|                      NaN|   0.0000000000000000E+00|          0|
 1|   3.350E+03|                      NaN|   0.0000000000000000E+00|          0|
 1|   3.400E+03|                      NaN|   0.0000000000000000E+00|          0|
 1|   3.450E+03|                      NaN|   0.0000000000000000E+00|          0|
 1|   3.500E+03|                      NaN|   0.0000000000000000E+00|          0|
 1|   3.550E+03|                      NaN|   0.0000000000000000E+00|          0|
 1|   3.600E+03|                      NaN|   0.0000000000000000E+00|          0|
 1|   3.650E+03|                      NaN|   0.0000000000000000E+00|          0|
 1|   3.700E+03|                      NaN|   0.0000000000000000E+00|          0|
 1|   3.750E+03|                      NaN|   0.0000000000000000E+00|          0|
 1|   3.800E+03|                      NaN|   0.0000000000000000E+00|          0|
 1|   3.850E+03|                      NaN|   0.0000000000000000E+00|          0|
 1|   3.900E+03|                      NaN|   0.0000000000000000E+00|          0|
 1|   3.950E+03|                      NaN|   0.0000000000000000E+00|          0|
 1|   4.000E+03|                      NaN|   0.0000000000000000E+00|          0|
 1|   4.050E+03|                      NaN|   0.0000000000000000E+00|          0|
 1|   4.100E+03|                      NaN|   0.0000000000000000E+00|          0|
 1|   4.150E+03|                      NaN|   0.0000000000000000E+00|          0|
 1|   4.200E+03|                      NaN|   0.0000000000000000E+00|          0|
 1|   4.250E+03|                      NaN|   0.0000000000000000E+00|          0|
 1|   4.300E+03|                      NaN|   0.0000000000000000E+00|          0|
 1|   4.350E+03|                      NaN|   0.0000000000000000E+00|          0|
 1|   4.400E+03|                      NaN|   0.0000000000000000E+00|          0|
 1|   4.450E+03|                      NaN|   0.0000000000000000E+00|          0|
 1|   4.500E+03|                      NaN|   0.0000000000000000E+00|          0|
 1|   4.550E+03|                      NaN|   0.0000000000000000E+00|          0|
 1|   4.600E+03|                      NaN|   0.0000000000000000E+00|          0|
 1|   4.650E+03|                      NaN|   0.0000000000000000E+00|          0|
 1|   4.700E+03|                      NaN|   0.0000000000000000E+00|          0|
 1|   4.750E+03|                      NaN|   0.0000000000000000E+00|          0|
 1|   4.800E+03|                      NaN|   0.0000000000000000E+00|          0|
 1|   4.850E+03|                      NaN|   0.0000000000000000E+00|          0|
 1|   4.900E+03|                      NaN|   0.0000000000000000E+00|          0|
 1|   4.950E+03|                      NaN|   0.0000000000000000E+00|          0|
# integrated result:   3.3311191229256510E-06
#
# Histogram 2: m_jj                                              
 2|   0.000E+00|                      NaN|   0.0000000000000000E+00|          0|
 2|   2.000E+00|                      NaN|   0.0000000000000000E+00|          0|
 2|   4.000E+00|                      NaN|   0.0000000000000000E+00|          0|
 2|   6.000E+00|                      NaN|   0.0000000000000000E+00|          0|
 2|   8.000E+00|                      NaN|   0.0000000000000000E+00|          0|
 2|   1.000E+01|                      NaN|   0.0000000000000000E+00|          0|
 2|   1.200E+01|                      NaN|   0.0000000000000000E+00|          0|
 2|   1.400E+01|                      NaN|   0.0000000000000000E+00|          0|
 2|   1.600E+01|                      NaN|   0.0000000000000000E+00|          0|
 2|   1.800E+01|                      NaN|   0.0000000000000000E+00|          0|
 2|   2.000E+01|                      NaN|   0.0000000000000000E+00|          0|
 2|   2.200E+01|                      NaN|   0.0000000000000000E+00|          0|
 2|   2.400E+01|                      NaN|   0.0000000000000000E+00|          0|
 2|   2.600E+01|                      NaN|   0.0000000000000000E+00|          0|
 2|   2.800E+01|                      NaN|   0.0000000000000000E+00|          0|
 2|   3.000E+01|                 Infinity|   6.2745580513815860E-02|        254|
 2|   3.200E+01|                 Infinity|   6.7419986246324212E-02|        220|
 2|   3.400E+01|                 Infinity|   6.4282434653322507E-02|        242|
 2|   3.600E+01|                 Infinity|   5.8621038176054921E-02|        291|
 2|   3.800E+01|                 Infinity|   5.4153036107388232E-02|        341|
 2|   4.000E+01|                 Infinity|   4.7140452079103168E-02|        450|
 2|   4.200E+01|                 Infinity|   5.1434449987363969E-02|        378|
 2|   4.400E+01|                 Infinity|   4.5360921162651446E-02|        486|
 2|   4.600E+01|                 Infinity|   3.5851736969103737E-02|        778|
 2|   4.800E+01|                 Infinity|   3.7850558205223227E-02|        698|
 2|   5.000E+01|                 Infinity|   4.3937477516374682E-02|        518|
 2|   5.200E+01|                 Infinity|   4.5360921162651446E-02|        486|
 2|   5.400E+01|                 Infinity|   4.5643546458763840E-02|        480|
 2|   5.600E+01|                 Infinity|   4.1630544712181333E-02|        577|
 2|   5.800E+01|                 Infinity|   4.2756912480901278E-02|        547|
 2|   6.000E+01|                 Infinity|   4.2756912480901278E-02|        547|
 2|   6.200E+01|                 Infinity|   4.1630544712181333E-02|        577|
 2|   6.400E+01|                 Infinity|   4.1959067914834454E-02|        568|
 2|   6.600E+01|                 Infinity|   4.1739193556484110E-02|        574|
 2|   6.800E+01|                 Infinity|   4.2914107542287451E-02|        543|
 2|   7.000E+01|                 Infinity|   4.4367825470805693E-02|        508|
 2|   7.200E+01|                 Infinity|   4.4901325506693728E-02|        496|
 2|   7.400E+01|                 Infinity|   4.4856130401625657E-02|        497|
 2|   7.600E+01|                 Infinity|   4.4499415948998478E-02|        505|
 2|   7.800E+01|                 Infinity|   4.8795003647426664E-02|        420|
 2|   8.000E+01|                 Infinity|   4.7565149415449405E-02|        442|
 2|   8.200E+01|                 Infinity|   4.7891314261057569E-02|        436|
 2|   8.400E+01|                 Infinity|   4.8621663832631515E-02|        423|
 2|   8.600E+01|                 Infinity|   5.1847584736521263E-02|        372|
 2|   8.800E+01|                 Infinity|   5.1298917604257706E-02|        380|
 2|   9.000E+01|                 Infinity|   5.0898659855928764E-02|        386|
 2|   9.200E+01|                 Infinity|   5.2925612402496311E-02|        357|
 2|   9.400E+01|                 Infinity|   5.2199575097188054E-02|        367|
 2|   9.600E+01|                 Infinity|   5.8222250973958202E-02|        295|
 2|   9.800E+01|                 Infinity|   5.2199575097188054E-02|        367|
 2|   1.000E+02|                 Infinity|   5.3760333057047034E-02|        346|
 2|   1.020E+02|                 Infinity|   5.3376051268362382E-02|        351|
 2|   1.040E+02|                 Infinity|   5.8722021951470346E-02|        290|
 2|   1.060E+02|                 Infinity|   5.7166195047502949E-02|        306|
 2|   1.080E+02|                 Infinity|   5.9028133610095526E-02|        287|
 2|   1.100E+02|                 Infinity|   5.6980288229818973E-02|        308|
 2|   1.120E+02|                 Infinity|   6.2257280636469035E-02|        258|
 2|   1.140E+02|                 Infinity|   6.3500063500095252E-02|        248|
 2|   1.160E+02|                 Infinity|   5.9339082909692663E-02|        284|
 2|   1.180E+02|                 Infinity|   6.2994078834871195E-02|        252|
 2|   1.200E+02|                 Infinity|   6.3887656499993992E-02|        245|
 2|   1.220E+02|                 Infinity|   6.6372331159997203E-02|        227|
 2|   1.240E+02|                 Infinity|   6.7728546147859642E-02|        218|
 2|   1.260E+02|                 Infinity|   6.5653216429861272E-02|        232|
 2|   1.280E+02|                 Infinity|   6.9843029576957816E-02|        205|
 2|   1.300E+02|                 Infinity|   6.5653216429861272E-02|        232|
 2|   1.320E+02|                 Infinity|   6.7419986246324212E-02|        220|
 2|   1.340E+02|                 Infinity|   7.2168783648703230E-02|        192|
 2|   1.360E+02|                 Infinity|   6.8518870982753166E-02|        213|
 2|   1.380E+02|                 Infinity|   7.1066905451870152E-02|        198|
 2|   1.400E+02|                 Infinity|   7.4535599249992993E-02|        180|
 2|   1.420E+02|                 Infinity|   7.3127242412713067E-02|        187|
 2|   1.440E+02|                 Infinity|   6.9673301429161769E-02|        206|
 2|   1.460E+02|                 Infinity|   6.9843029576957816E-02|        205|
 2|   1.480E+02|                 Infinity|   7.6471911290187253E-02|        171|
 2|   1.500E+02|                 Infinity|   7.6923076923076927E-02|        169|
 2|   1.520E+02|                 Infinity|   7.9555728417572996E-02|        158|
 2|   1.540E+02|                 Infinity|   7.9808688446762213E-02|        157|
 2|   1.560E+02|                 Infinity|   7.5377836144440907E-02|        176|
 2|   1.580E+02|                 Infinity|   7.5592894601845442E-02|        175|
 2|   1.600E+02|                 Infinity|   8.2199493652678646E-02|        148|
 2|   1.620E+02|                 Infinity|   8.0582296402538028E-02|        154|
 2|   1.640E+02|                 Infinity|   8.7038827977848926E-02|        132|
 2|   1.660E+02|                 Infinity|   8.7705801930702931E-02|        130|
 2|   1.680E+02|                 Infinity|   8.7705801930702931E-02|        130|
 2|   1.700E+02|                 Infinity|   9.4915799575249898E-02|        111|
 2|   1.720E+02|                 Infinity|   8.7370405666103795E-02|        131|
 2|   1.740E+02|                 Infinity|   9.9503719020998915E-02|        101|
 2|   1.760E+02|                 Infinity|   9.2057461789832346E-02|        118|
 2|   1.780E+02|                 Infinity|   9.5782628522115137E-02|        109|
 2|   1.800E+02|                 Infinity|   9.7590007294853329E-02|        105|
 2|   1.820E+02|                 Infinity|   1.0783277320343841E-01|         86|
 2|   1.840E+02|                 Infinity|   9.0166963466743230E-02|        123|
 2|   1.860E+02|                 Infinity|   1.0153461651336192E-01|         97|
 2|   1.880E+02|                 Infinity|   1.0000000000000001E-01|        100|
 2|   1.900E+02|                 Infinity|   1.0314212462587934E-01|         94|
 2|   1.920E+02|                 Infinity|   1.0540925533894598E-01|         90|
 2|   1.940E+02|                 Infinity|   1.0846522890932808E-01|         85|
 2|   1.960E+02|                 Infinity|   1.1043152607484653E-01|         82|
 2|   1.980E+02|                 Infinity|   1.0660035817780521E-01|         88|
# integrated result:   3.3311191229256523E-06
#
# Histogram 3: pT(H)                                             
 3|   0.000E+00|                 Infinity|   2.8071730702217298E-02|       1269|
 3|   1.000E+01|                 Infinity|   1.9799069069658004E-02|       2551|
 3|   2.000E+01|                 Infinity|   2.1637116120395771E-02|       2136|
 3|   3.000E+01|                 Infinity|   2.2935538512984369E-02|       1901|
 3|   4.000E+01|                 Infinity|   2.1801036009847369E-02|       2104|
 3|   5.000E+01|                 Infinity|   2.1383343303319473E-02|       2187|
 3|   6.000E+01|                 Infinity|   2.1119430154775586E-02|       2242|
 3|   7.000E+01|                 Infinity|   2.1223817998900444E-02|       2220|
 3|   8.000E+01|                 Infinity|   2.2762572680299270E-02|       1930|
 3|   9.000E+01|                 Infinity|   2.4303651047183680E-02|       1693|
 3|   1.000E+02|                 Infinity|   2.5811286645983367E-02|       1501|
 3|   1.100E+02|                 Infinity|   2.9974532466509034E-02|       1113|
 3|   1.200E+02|                 Infinity|   3.1372790256907930E-02|       1016|
 3|   1.300E+02|                 Infinity|   3.5691530512412487E-02|        785|
 3|   1.400E+02|                 Infinity|   4.1959067914834454E-02|        568|
 3|   1.500E+02|                 Infinity|   4.5360921162651446E-02|        486|
 3|   1.600E+02|                 Infinity|   5.0507627227610534E-02|        392|
 3|   1.700E+02|                 Infinity|   5.7735026918962568E-02|        300|
 3|   1.800E+02|                 Infinity|   6.5653216429861272E-02|        232|
 3|   1.900E+02|                 Infinity|   7.0014004201400484E-02|        204|
 3|   2.000E+02|                 Infinity|   7.9555728417572996E-02|        158|
 3|   2.100E+02|                 Infinity|   8.1649658092772609E-02|        150|
 3|   2.200E+02|                 Infinity|   9.8532927816429319E-02|        103|
 3|   2.300E+02|                 Infinity|   1.0101525445522107E-01|         98|
 3|   2.400E+02|                 Infinity|   1.0259783520851541E-01|         95|
 3|   2.500E+02|                 Infinity|   1.1322770341445956E-01|         78|
 3|   2.600E+02|                 Infinity|   1.2803687993289598E-01|         61|
 3|   2.700E+02|                 Infinity|   1.4586499149789456E-01|         47|
 3|   2.800E+02|                 Infinity|   1.4907119849998599E-01|         45|
 3|   2.900E+02|                 Infinity|   1.5249857033260467E-01|         43|
 3|   3.000E+02|                 Infinity|   1.8898223650461360E-01|         28|
 3|   3.100E+02|                 Infinity|   2.2360679774997896E-01|         20|
 3|   3.200E+02|                 Infinity|   2.0412414523193154E-01|         24|
 3|   3.300E+02|                 Infinity|   2.2360679774997896E-01|         20|
 3|   3.400E+02|                 Infinity|   2.6726124191242440E-01|         14|
 3|   3.500E+02|                 Infinity|   3.3333333333333331E-01|          9|
 3|   3.600E+02|                 Infinity|   2.8867513459481292E-01|         12|
 3|   3.700E+02|                 Infinity|   2.8867513459481292E-01|         12|
 3|   3.800E+02|                 Infinity|   2.6726124191242440E-01|         14|
 3|   3.900E+02|                 Infinity|   3.1622776601683794E-01|         10|
 3|   4.000E+02|                 Infinity|   5.0000000000000000E-01|          4|
 3|   4.100E+02|                 Infinity|   3.5355339059327373E-01|          8|
 3|   4.200E+02|                 Infinity|   4.0824829046386307E-01|          6|
 3|   4.300E+02|                 Infinity|   4.4721359549995793E-01|          5|
 3|   4.400E+02|                 Infinity|   5.7735026918962584E-01|          3|
 3|   4.500E+02|                 Infinity|   4.4721359549995793E-01|          5|
 3|   4.600E+02|                 Infinity|   7.0710678118654746E-01|          2|
 3|   4.700E+02|                 Infinity|   5.0000000000000000E-01|          4|
 3|   4.800E+02|                 Infinity|   4.4721359549995793E-01|          5|
 3|   4.900E+02|                 Infinity|   5.7735026918962584E-01|          3|
# integrated result:   3.3311191229256498E-06
#
# Histogram 4: pT(j1)                                            
 4|   0.000E+00|                      NaN|   0.0000000000000000E+00|          0|
 4|   1.000E+01|                 Infinity|   6.3372425052447792E-02|        249|
 4|   2.000E+01|                 Infinity|   2.3986954644045835E-02|       1738|
 4|   3.000E+01|                 Infinity|   1.8771276394456946E-02|       2838|
 4|   4.000E+01|                 Infinity|   1.7162482629699223E-02|       3395|
 4|   5.000E+01|                 Infinity|   1.7057297884317549E-02|       3437|
 4|   6.000E+01|                 Infinity|   1.8312438553287791E-02|       2982|
 4|   7.000E+01|                 Infinity|   1.9184707441917036E-02|       2717|
 4|   8.000E+01|                 Infinity|   2.1728864020781589E-02|       2118|
 4|   9.000E+01|                 Infinity|   2.4049303512194094E-02|       1729|
 4|   1.000E+02|                 Infinity|   2.6909347105086238E-02|       1381|
 4|   1.100E+02|                 Infinity|   3.0414953233623677E-02|       1081|
 4|   1.200E+02|                 Infinity|   3.4900240637988800E-02|        821|
 4|   1.300E+02|                 Infinity|   4.0064154010750197E-02|        623|
 4|   1.400E+02|                 Infinity|   4.5267873021259265E-02|        488|
 4|   1.500E+02|                 Infinity|   5.0443327230531826E-02|        393|
 4|   1.600E+02|                 Infinity|   5.5470019622522911E-02|        325|
 4|   1.700E+02|                 Infinity|   6.0412209333017698E-02|        274|
 4|   1.800E+02|                 Infinity|   7.0710678118654752E-02|        200|
 4|   1.900E+02|                 Infinity|   7.2932495748947279E-02|        188|
 4|   2.000E+02|                 Infinity|   8.0321932890249886E-02|        155|
 4|   2.100E+02|                 Infinity|   9.2057461789832346E-02|        118|
 4|   2.200E+02|                 Infinity|   1.0101525445522107E-01|         98|
 4|   2.300E+02|                 Infinity|   1.1867816581938533E-01|         71|
 4|   2.400E+02|                 Infinity|   1.2126781251816648E-01|         68|
 4|   2.500E+02|                 Infinity|   1.2403473458920847E-01|         65|
 4|   2.600E+02|                 Infinity|   1.3867504905630729E-01|         52|
 4|   2.700E+02|                 Infinity|   1.6222142113076254E-01|         38|
 4|   2.800E+02|                 Infinity|   1.5811388300841897E-01|         40|
 4|   2.900E+02|                 Infinity|   1.8257418583505536E-01|         30|
 4|   3.000E+02|                 Infinity|   1.9611613513818404E-01|         26|
 4|   3.100E+02|                 Infinity|   2.1320071635561041E-01|         22|
 4|   3.200E+02|                 Infinity|   2.1821789023599239E-01|         21|
 4|   3.300E+02|                 Infinity|   2.0412414523193154E-01|         24|
 4|   3.400E+02|                 Infinity|   2.2360679774997896E-01|         20|
 4|   3.500E+02|                 Infinity|   3.7796447300922720E-01|          7|
 4|   3.600E+02|                 Infinity|   4.4721359549995793E-01|          5|
 4|   3.700E+02|                 Infinity|   3.3333333333333331E-01|          9|
 4|   3.800E+02|                 Infinity|   2.8867513459481292E-01|         12|
 4|   3.900E+02|                 Infinity|   3.1622776601683794E-01|         10|
 4|   4.000E+02|                 Infinity|   3.7796447300922720E-01|          7|
 4|   4.100E+02|                 Infinity|   4.0824829046386307E-01|          6|
 4|   4.200E+02|                 Infinity|   3.1622776601683794E-01|         10|
 4|   4.300E+02|                 Infinity|   5.7735026918962584E-01|          3|
 4|   4.400E+02|                 Infinity|   4.4721359549995793E-01|          5|
 4|   4.500E+02|                 Infinity|   5.7735026918962584E-01|          3|
 4|   4.600E+02|                 Infinity|   5.0000000000000000E-01|          4|
 4|   4.700E+02|                 Infinity|   5.0000000000000000E-01|          4|
 4|   4.800E+02|                 Infinity|   7.0710678118654746E-01|          2|
 4|   4.900E+02|                 Infinity|   1.0000000000000000E+00|          1|
# integrated result:   3.3311191229256553E-06
#
# Histogram 5: dy(j1,j2)                                         
 5|  -5.000E+00|                 Infinity|   4.0824829046386307E-01|          6|
 5|  -4.800E+00|                 Infinity|   7.0710678118654746E-01|          2|
 5|  -4.600E+00|                 Infinity|   5.7735026918962584E-01|          3|
 5|  -4.400E+00|                 Infinity|   2.4253562503633297E-01|         17|
 5|  -4.200E+00|                 Infinity|   1.8898223650461360E-01|         28|
 5|  -4.000E+00|                 Infinity|   1.9611613513818404E-01|         26|
 5|  -3.800E+00|                 Infinity|   1.4433756729740646E-01|         48|
 5|  -3.600E+00|                 Infinity|   1.4142135623730950E-01|         50|
 5|  -3.400E+00|                 Infinity|   1.3130643285972254E-01|         58|
 5|  -3.200E+00|                 Infinity|   1.0314212462587934E-01|         94|
 5|  -3.000E+00|                 Infinity|   9.5782628522115137E-02|        109|
 5|  -2.800E+00|                 Infinity|   7.4329414624716636E-02|        181|
 5|  -2.600E+00|                 Infinity|   5.6343616981901101E-02|        315|
 5|  -2.400E+00|                 Infinity|   4.6932325446393211E-02|        454|
 5|  -2.200E+00|                 Infinity|   5.0251890762960605E-02|        396|
 5|  -2.000E+00|                 Infinity|   4.5691166238495382E-02|        479|
 5|  -1.800E+00|                 Infinity|   4.2220033092074907E-02|        561|
 5|  -1.600E+00|                 Infinity|   3.6273812505500581E-02|        760|
 5|  -1.400E+00|                 Infinity|   3.0457245193658632E-02|       1078|
 5|  -1.200E+00|                 Infinity|   2.6793191107712163E-02|       1393|
 5|  -1.000E+00|                 Infinity|   2.3796037813647444E-02|       1766|
 5|  -8.000E-01|                 Infinity|   1.7042428814615859E-02|       3443|
 5|  -6.000E-01|                 Infinity|   1.8744875148768995E-02|       2846|
 5|  -4.000E-01|                 Infinity|   2.1077167773036799E-02|       2251|
 5|  -2.000E-01|                 Infinity|   3.0069238966213184E-02|       1106|
 5|   0.000E+00|                 Infinity|   3.8547167224584990E-02|        673|
 5|   2.000E-01|                 Infinity|   3.7635496474749071E-02|        706|
 5|   4.000E-01|                 Infinity|   3.5399616270239430E-02|        798|
 5|   6.000E-01|                 Infinity|   3.3825504574586919E-02|        874|
 5|   8.000E-01|                 Infinity|   3.1280562354492725E-02|       1022|
 5|   1.000E+00|                 Infinity|   2.7939937811355630E-02|       1281|
 5|   1.200E+00|                 Infinity|   2.8618190351607124E-02|       1221|
 5|   1.400E+00|                 Infinity|   3.3333333333333333E-02|        900|
 5|   1.600E+00|                 Infinity|   3.6986336072765455E-02|        731|
 5|   1.800E+00|                 Infinity|   4.8056933133221270E-02|        433|
 5|   2.000E+00|                 Infinity|   5.4717565516458275E-02|        334|
 5|   2.200E+00|                 Infinity|   5.8321184351980429E-02|        294|
 5|   2.400E+00|                 Infinity|   5.8520573598065284E-02|        292|
 5|   2.600E+00|                 Infinity|   7.1066905451870152E-02|        198|
 5|   2.800E+00|                 Infinity|   7.4535599249992993E-02|        180|
 5|   3.000E+00|                 Infinity|   8.3045479853739973E-02|        145|
 5|   3.200E+00|                 Infinity|   9.0535746042518531E-02|        122|
 5|   3.400E+00|                 Infinity|   9.1287092917527679E-02|        120|
 5|   3.600E+00|                 Infinity|   1.3245323570650439E-01|         57|
 5|   3.800E+00|                 Infinity|   1.6222142113076254E-01|         38|
 5|   4.000E+00|                 Infinity|   1.9611613513818404E-01|         26|
 5|   4.200E+00|                 Infinity|   2.0412414523193154E-01|         24|
 5|   4.400E+00|                 Infinity|   3.0151134457776363E-01|         11|
 5|   4.600E+00|                 Infinity|   5.7735026918962584E-01|          3|
 5|   4.800E+00|                 Infinity|   5.7735026918962584E-01|          3|
# integrated result:   3.3311191229256506E-06
#
# Histogram 6: mz1                                               
 6|   0.000E+00|                      NaN|   0.0000000000000000E+00|          0|
 6|   2.000E+00|                      NaN|   0.0000000000000000E+00|          0|
 6|   4.000E+00|                 Infinity|   2.3376229110609222E-02|       1830|
 6|   6.000E+00|                 Infinity|   2.6243194054073899E-02|       1452|
 6|   8.000E+00|                 Infinity|   2.2786197567488776E-02|       1926|
 6|   1.000E+01|                 Infinity|   5.2925612402496311E-02|        357|
 6|   1.200E+01|                 Infinity|   4.8001536073731928E-02|        434|
 6|   1.400E+01|                 Infinity|   3.1465838776377632E-02|       1010|
 6|   1.600E+01|                 Infinity|   3.6226177800110920E-02|        762|
 6|   1.800E+01|                 Infinity|   2.7885569326658022E-02|       1286|
 6|   2.000E+01|                 Infinity|   7.0186240634359645E-02|        203|
 6|   2.200E+01|                 Infinity|   1.0610714166479093E-02|       8882|
 6|   2.400E+01|                 Infinity|   7.0888120500833582E-02|        199|
 6|   2.600E+01|                 Infinity|   6.9337524528153643E-02|        208|
 6|   2.800E+01|                 Infinity|   1.0425720702853739E-01|         92|
 6|   3.000E+01|                 Infinity|   1.3130643285972254E-01|         58|
 6|   3.200E+01|                 Infinity|   1.3867504905630729E-01|         52|
 6|   3.400E+01|                 Infinity|   1.4433756729740646E-01|         48|
 6|   3.600E+01|                 Infinity|   1.4285714285714285E-01|         49|
 6|   3.800E+01|                 Infinity|   1.4586499149789456E-01|         47|
 6|   4.000E+01|                 Infinity|   1.8257418583505536E-01|         30|
 6|   4.200E+01|                 Infinity|   1.5617376188860607E-01|         41|
 6|   4.400E+01|                 Infinity|   1.8257418583505536E-01|         30|
 6|   4.600E+01|                 Infinity|   1.6666666666666666E-01|         36|
 6|   4.800E+01|                 Infinity|   1.8257418583505536E-01|         30|
 6|   5.000E+01|                 Infinity|   1.8898223650461360E-01|         28|
 6|   5.200E+01|                 Infinity|   1.8257418583505536E-01|         30|
 6|   5.400E+01|                 Infinity|   1.9245008972987526E-01|         27|
 6|   5.600E+01|                 Infinity|   2.7735009811261457E-01|         13|
 6|   5.800E+01|                 Infinity|   1.8569533817705186E-01|         29|
 6|   6.000E+01|                 Infinity|   1.7677669529663687E-01|         32|
 6|   6.200E+01|                 Infinity|   1.5249857033260467E-01|         43|
 6|   6.400E+01|                 Infinity|   2.5000000000000000E-01|         16|
 6|   6.600E+01|                 Infinity|   3.5355339059327373E-01|          8|
 6|   6.800E+01|                 Infinity|   4.4721359549995793E-01|          5|
 6|   7.000E+01|                 Infinity|   2.5000000000000000E-01|         16|
 6|   7.200E+01|                 Infinity|   2.0851441405707477E-01|         23|
 6|   7.400E+01|                 Infinity|   2.1821789023599239E-01|         21|
 6|   7.600E+01|                 Infinity|   1.9245008972987526E-01|         27|
 6|   7.800E+01|                 Infinity|   1.4744195615489714E-01|         46|
 6|   8.000E+01|                 Infinity|   1.1785113019775793E-01|         72|
 6|   8.200E+01|                 Infinity|   9.2450032704204849E-02|        117|
 6|   8.400E+01|                 Infinity|   1.0153461651336192E-01|         97|
 6|   8.600E+01|                 Infinity|   7.1795815861773818E-02|        194|
 6|   8.800E+01|                 Infinity|   2.6315789473684209E-02|       1444|
 6|   9.000E+01|                 Infinity|   1.8604852406198250E-02|       2889|
 6|   9.200E+01|                 Infinity|   2.7146264489895156E-02|       1357|
 6|   9.400E+01|                 Infinity|   2.6735674352058678E-02|       1399|
 6|   9.600E+01|                 Infinity|   6.6815310478106099E-02|        224|
 6|   9.800E+01|                 Infinity|   5.7543533764843599E-02|        302|
 6|   1.000E+02|                 Infinity|   8.8735650941611385E-02|        127|
 6|   1.020E+02|                 Infinity|   9.7590007294853329E-02|        105|
 6|   1.040E+02|                 Infinity|   9.6225044864937631E-02|        108|
 6|   1.060E+02|                 Infinity|   1.1470786693528087E-01|         76|
 6|   1.080E+02|                 Infinity|   2.5000000000000000E-01|         16|
 6|   1.100E+02|                 Infinity|   5.7735026918962584E-01|          3|
 6|   1.120E+02|                 Infinity|   5.0000000000000000E-01|          4|
 6|   1.140E+02|                      NaN|   0.0000000000000000E+00|          0|
 6|   1.160E+02|                 Infinity|   5.7735026918962584E-01|          3|
 6|   1.180E+02|                      NaN|   0.0000000000000000E+00|          0|
 6|   1.200E+02|                      NaN|   0.0000000000000000E+00|          0|
 6|   1.220E+02|                      NaN|   0.0000000000000000E+00|          0|
 6|   1.240E+02|                      NaN|   0.0000000000000000E+00|          0|
 6|   1.260E+02|                      NaN|   0.0000000000000000E+00|          0|
 6|   1.280E+02|                      NaN|   0.0000000000000000E+00|          0|
 6|   1.300E+02|                      NaN|   0.0000000000000000E+00|          0|
 6|   1.320E+02|                      NaN|   0.0000000000000000E+00|          0|
 6|   1.340E+02|                      NaN|   0.0000000000000000E+00|          0|
 6|   1.360E+02|                      NaN|   0.0000000000000000E+00|          0|
 6|   1.380E+02|                      NaN|   0.0000000000000000E+00|          0|
 6|   1.400E+02|                      NaN|   0.0000000000000000E+00|          0|
 6|   1.420E+02|                      NaN|   0.0000000000000000E+00|          0|
 6|   1.440E+02|                      NaN|   0.0000000000000000E+00|          0|
 6|   1.460E+02|                      NaN|   0.0000000000000000E+00|          0|
 6|   1.480E+02|                      NaN|   0.0000000000000000E+00|          0|
 6|   1.500E+02|                      NaN|   0.0000000000000000E+00|          0|
 6|   1.520E+02|                      NaN|   0.0000000000000000E+00|          0|
 6|   1.540E+02|                      NaN|   0.0000000000000000E+00|          0|
 6|   1.560E+02|                      NaN|   0.0000000000000000E+00|          0|
 6|   1.580E+02|                      NaN|   0.0000000000000000E+00|          0|
 6|   1.600E+02|                      NaN|   0.0000000000000000E+00|          0|
 6|   1.620E+02|                      NaN|   0.0000000000000000E+00|          0|
 6|   1.640E+02|                      NaN|   0.0000000000000000E+00|          0|
 6|   1.660E+02|                      NaN|   0.0000000000000000E+00|          0|
 6|   1.680E+02|                      NaN|   0.0000000000000000E+00|          0|
 6|   1.700E+02|                      NaN|   0.0000000000000000E+00|          0|
 6|   1.720E+02|                      NaN|   0.0000000000000000E+00|          0|
 6|   1.740E+02|                      NaN|   0.0000000000000000E+00|          0|
 6|   1.760E+02|                      NaN|   0.0000000000000000E+00|          0|
 6|   1.780E+02|                      NaN|   0.0000000000000000E+00|          0|
 6|   1.800E+02|                      NaN|   0.0000000000000000E+00|          0|
 6|   1.820E+02|                      NaN|   0.0000000000000000E+00|          0|
 6|   1.840E+02|                      NaN|   0.0000000000000000E+00|          0|
 6|   1.860E+02|                      NaN|   0.0000000000000000E+00|          0|
 6|   1.880E+02|                      NaN|   0.0000000000000000E+00|          0|
 6|   1.900E+02|                      NaN|   0.0000000000000000E+00|          0|
 6|   1.920E+02|                      NaN|   0.0000000000000000E+00|          0|
 6|   1.940E+02|                      NaN|   0.0000000000000000E+00|          0|
 6|   1.960E+02|                      NaN|   0.0000000000000000E+00|          0|
 6|   1.980E+02|                      NaN|   0.0000000000000000E+00|          0|
# integrated result:   3.3311191229256523E-06
#
# Histogram 7: mz2                                               
 7|   0.000E+00|                      NaN|   0.0000000000000000E+00|          0|
 7|   2.000E+00|                      NaN|   0.0000000000000000E+00|          0|
 7|   4.000E+00|                 Infinity|   3.1992834407549194E-02|        977|
 7|   6.000E+00|                 Infinity|   4.1812100500354540E-02|        572|
 7|   8.000E+00|                 Infinity|   5.2199575097188054E-02|        367|
 7|   1.000E+01|                 Infinity|   4.6932325446393211E-02|        454|
 7|   1.200E+01|                 Infinity|   4.1239304942116126E-02|        588|
 7|   1.400E+01|                 Infinity|   3.6178730264621081E-02|        764|
 7|   1.600E+01|                 Infinity|   2.9630442547297988E-02|       1139|
 7|   1.800E+01|                 Infinity|   2.9260286799032642E-02|       1168|
 7|   2.000E+01|                 Infinity|   4.7404546313997722E-02|        445|
 7|   2.200E+01|                 Infinity|   4.9206783130512292E-02|        413|
 7|   2.400E+01|                 Infinity|   5.1434449987363969E-02|        378|
 7|   2.600E+01|                 Infinity|   5.2704627669472988E-02|        360|
 7|   2.800E+01|                 Infinity|   5.4717565516458275E-02|        334|
 7|   3.000E+01|                 Infinity|   5.5300126360933101E-02|        327|
 7|   3.200E+01|                 Infinity|   5.8823529411764705E-02|        289|
 7|   3.400E+01|                 Infinity|   8.3333333333333329E-02|        144|
 7|   3.600E+01|                 Infinity|   1.3736056394868904E-01|         53|
 7|   3.800E+01|                 Infinity|   1.7149858514250882E-01|         34|
 7|   4.000E+01|                 Infinity|   1.6439898730535729E-01|         37|
 7|   4.200E+01|                 Infinity|   1.8257418583505536E-01|         30|
 7|   4.400E+01|                 Infinity|   2.0851441405707477E-01|         23|
 7|   4.600E+01|                 Infinity|   2.0000000000000001E-01|         25|
 7|   4.800E+01|                 Infinity|   2.2360679774997896E-01|         20|
 7|   5.000E+01|                 Infinity|   1.7677669529663687E-01|         32|
 7|   5.200E+01|                 Infinity|   2.0412414523193154E-01|         24|
 7|   5.400E+01|                 Infinity|   1.9245008972987526E-01|         27|
 7|   5.600E+01|                 Infinity|   2.2941573387056174E-01|         19|
 7|   5.800E+01|                 Infinity|   1.8257418583505536E-01|         30|
 7|   6.000E+01|                 Infinity|   1.6222142113076254E-01|         38|
 7|   6.200E+01|                 Infinity|   1.4285714285714285E-01|         49|
 7|   6.400E+01|                 Infinity|   1.3867504905630729E-01|         52|
 7|   6.600E+01|                 Infinity|   1.0206207261596577E-01|         96|
 7|   6.800E+01|                 Infinity|   8.7705801930702931E-02|        130|
 7|   7.000E+01|                 Infinity|   8.1378845877115941E-02|        151|
 7|   7.200E+01|                 Infinity|   4.0000000000000001E-02|        625|
 7|   7.400E+01|                 Infinity|   3.1098520678556146E-02|       1034|
 7|   7.600E+01|                 Infinity|   5.0702012656339383E-02|        389|
 7|   7.800E+01|                 Infinity|   5.0636968354183333E-02|        390|
 7|   8.000E+01|                 Infinity|   4.0160966445124943E-02|        620|
 7|   8.200E+01|                 Infinity|   3.4731435582359395E-02|        829|
 7|   8.400E+01|                 Infinity|   4.3193421279068007E-02|        536|
 7|   8.600E+01|                 Infinity|   3.4020690871988585E-02|        864|
 7|   8.800E+01|                 Infinity|   1.3436443102610305E-02|       5539|
 7|   9.000E+01|                 Infinity|   1.3351146745863818E-02|       5610|
 7|   9.200E+01|                 Infinity|   2.9373674772302332E-02|       1159|
 7|   9.400E+01|                 Infinity|   8.0321932890249886E-02|        155|
 7|   9.600E+01|                 Infinity|   8.8735650941611385E-02|        127|
 7|   9.800E+01|                 Infinity|   6.9843029576957816E-02|        205|
 7|   1.000E+02|                 Infinity|   8.8735650941611385E-02|        127|
 7|   1.020E+02|                 Infinity|   1.3130643285972254E-01|         58|
 7|   1.040E+02|                 Infinity|   1.2909944487358055E-01|         60|
 7|   1.060E+02|                 Infinity|   2.1821789023599239E-01|         21|
 7|   1.080E+02|                 Infinity|   3.3333333333333331E-01|          9|
 7|   1.100E+02|                 Infinity|   3.3333333333333331E-01|          9|
 7|   1.120E+02|                 Infinity|   4.0824829046386307E-01|          6|
 7|   1.140E+02|                 Infinity|   7.0710678118654746E-01|          2|
 7|   1.160E+02|                      NaN|   0.0000000000000000E+00|          0|
 7|   1.180E+02|                      NaN|   0.0000000000000000E+00|          0|
 7|   1.200E+02|                      NaN|   0.0000000000000000E+00|          0|
 7|   1.220E+02|                      NaN|   0.0000000000000000E+00|          0|
 7|   1.240E+02|                      NaN|   0.0000000000000000E+00|          0|
 7|   1.260E+02|                      NaN|   0.0000000000000000E+00|          0|
 7|   1.280E+02|                      NaN|   0.0000000000000000E+00|          0|
 7|   1.300E+02|                      NaN|   0.0000000000000000E+00|          0|
 7|   1.320E+02|                      NaN|   0.0000000000000000E+00|          0|
 7|   1.340E+02|                      NaN|   0.0000000000000000E+00|          0|
 7|   1.360E+02|                      NaN|   0.0000000000000000E+00|          0|
 7|   1.380E+02|                      NaN|   0.0000000000000000E+00|          0|
 7|   1.400E+02|                      NaN|   0.0000000000000000E+00|          0|
 7|   1.420E+02|                      NaN|   0.0000000000000000E+00|          0|
 7|   1.440E+02|                      NaN|   0.0000000000000000E+00|          0|
 7|   1.460E+02|                      NaN|   0.0000000000000000E+00|          0|
 7|   1.480E+02|                      NaN|   0.0000000000000000E+00|          0|
 7|   1.500E+02|                      NaN|   0.0000000000000000E+00|          0|
 7|   1.520E+02|                      NaN|   0.0000000000000000E+00|          0|
 7|   1.540E+02|                      NaN|   0.0000000000000000E+00|          0|
 7|   1.560E+02|                      NaN|   0.0000000000000000E+00|          0|
 7|   1.580E+02|                      NaN|   0.0000000000000000E+00|          0|
 7|   1.600E+02|                      NaN|   0.0000000000000000E+00|          0|
 7|   1.620E+02|                      NaN|   0.0000000000000000E+00|          0|
 7|   1.640E+02|                      NaN|   0.0000000000000000E+00|          0|
 7|   1.660E+02|                      NaN|   0.0000000000000000E+00|          0|
 7|   1.680E+02|                      NaN|   0.0000000000000000E+00|          0|
 7|   1.700E+02|                      NaN|   0.0000000000000000E+00|          0|
 7|   1.720E+02|                      NaN|   0.0000000000000000E+00|          0|
 7|   1.740E+02|                      NaN|   0.0000000000000000E+00|          0|
 7|   1.760E+02|                      NaN|   0.0000000000000000E+00|          0|
 7|   1.780E+02|                      NaN|   0.0000000000000000E+00|          0|
 7|   1.800E+02|                      NaN|   0.0000000000000000E+00|          0|
 7|   1.820E+02|                      NaN|   0.0000000000000000E+00|          0|
 7|   1.840E+02|                      NaN|   0.0000000000000000E+00|          0|
 7|   1.860E+02|                      NaN|   0.0000000000000000E+00|          0|
 7|   1.880E+02|                      NaN|   0.0000000000000000E+00|          0|
 7|   1.900E+02|                      NaN|   0.0000000000000000E+00|          0|
 7|   1.920E+02|                      NaN|   0.0000000000000000E+00|          0|
 7|   1.940E+02|                      NaN|   0.0000000000000000E+00|          0|
 7|   1.960E+02|                      NaN|   0.0000000000000000E+00|          0|
 7|   1.980E+02|                      NaN|   0.0000000000000000E+00|          0|
# integrated result:   3.3311191229256493E-06
#
# Histogram 8: m_4l                                              
 8|   1.000E+02|                 Infinity|   5.9800954873390332E-03|      27963|
 8|   1.400E+02|                      NaN|   0.0000000000000000E+00|          0|
 8|   1.800E+02|                      NaN|   0.0000000000000000E+00|          0|
 8|   2.200E+02|                      NaN|   0.0000000000000000E+00|          0|
 8|   2.600E+02|                      NaN|   0.0000000000000000E+00|          0|
 8|   3.000E+02|                      NaN|   0.0000000000000000E+00|          0|
 8|   3.400E+02|                      NaN|   0.0000000000000000E+00|          0|
 8|   3.800E+02|                      NaN|   0.0000000000000000E+00|          0|
 8|   4.200E+02|                      NaN|   0.0000000000000000E+00|          0|
 8|   4.600E+02|                      NaN|   0.0000000000000000E+00|          0|
 8|   5.000E+02|                      NaN|   0.0000000000000000E+00|          0|
 8|   5.400E+02|                      NaN|   0.0000000000000000E+00|          0|
 8|   5.800E+02|                      NaN|   0.0000000000000000E+00|          0|
 8|   6.200E+02|                      NaN|   0.0000000000000000E+00|          0|
 8|   6.600E+02|                      NaN|   0.0000000000000000E+00|          0|
 8|   7.000E+02|                      NaN|   0.0000000000000000E+00|          0|
 8|   7.400E+02|                      NaN|   0.0000000000000000E+00|          0|
 8|   7.800E+02|                      NaN|   0.0000000000000000E+00|          0|
 8|   8.200E+02|                      NaN|   0.0000000000000000E+00|          0|
 8|   8.600E+02|                      NaN|   0.0000000000000000E+00|          0|
 8|   9.000E+02|                      NaN|   0.0000000000000000E+00|          0|
 8|   9.400E+02|                      NaN|   0.0000000000000000E+00|          0|
 8|   9.800E+02|                      NaN|   0.0000000000000000E+00|          0|
 8|   1.020E+03|                      NaN|   0.0000000000000000E+00|          0|
 8|   1.060E+03|                      NaN|   0.0000000000000000E+00|          0|
 8|   1.100E+03|                      NaN|   0.0000000000000000E+00|          0|
 8|   1.140E+03|                      NaN|   0.0000000000000000E+00|          0|
 8|   1.180E+03|                      NaN|   0.0000000000000000E+00|          0|
 8|   1.220E+03|                      NaN|   0.0000000000000000E+00|          0|
 8|   1.260E+03|                      NaN|   0.0000000000000000E+00|          0|
 8|   1.300E+03|                      NaN|   0.0000000000000000E+00|          0|
 8|   1.340E+03|                      NaN|   0.0000000000000000E+00|          0|
 8|   1.380E+03|                      NaN|   0.0000000000000000E+00|          0|
 8|   1.420E+03|                      NaN|   0.0000000000000000E+00|          0|
 8|   1.460E+03|                      NaN|   0.0000000000000000E+00|          0|
 8|   1.500E+03|                      NaN|   0.0000000000000000E+00|          0|
 8|   1.540E+03|                      NaN|   0.0000000000000000E+00|          0|
 8|   1.580E+03|                      NaN|   0.0000000000000000E+00|          0|
 8|   1.620E+03|                      NaN|   0.0000000000000000E+00|          0|
 8|   1.660E+03|                      NaN|   0.0000000000000000E+00|          0|
 8|   1.700E+03|                      NaN|   0.0000000000000000E+00|          0|
 8|   1.740E+03|                      NaN|   0.0000000000000000E+00|          0|
 8|   1.780E+03|                      NaN|   0.0000000000000000E+00|          0|
 8|   1.820E+03|                      NaN|   0.0000000000000000E+00|          0|
 8|   1.860E+03|                      NaN|   0.0000000000000000E+00|          0|
 8|   1.900E+03|                      NaN|   0.0000000000000000E+00|          0|
 8|   1.940E+03|                      NaN|   0.0000000000000000E+00|          0|
 8|   1.980E+03|                      NaN|   0.0000000000000000E+00|          0|
 8|   2.020E+03|                      NaN|   0.0000000000000000E+00|          0|
 8|   2.060E+03|                      NaN|   0.0000000000000000E+00|          0|
 8|   2.100E+03|                      NaN|   0.0000000000000000E+00|          0|
 8|   2.140E+03|                      NaN|   0.0000000000000000E+00|          0|
 8|   2.180E+03|                      NaN|   0.0000000000000000E+00|          0|
 8|   2.220E+03|                      NaN|   0.0000000000000000E+00|          0|
 8|   2.260E+03|                      NaN|   0.0000000000000000E+00|          0|
 8|   2.300E+03|                      NaN|   0.0000000000000000E+00|          0|
 8|   2.340E+03|                      NaN|   0.0000000000000000E+00|          0|
 8|   2.380E+03|                      NaN|   0.0000000000000000E+00|          0|
 8|   2.420E+03|                      NaN|   0.0000000000000000E+00|          0|
 8|   2.460E+03|                      NaN|   0.0000000000000000E+00|          0|
 8|   2.500E+03|                      NaN|   0.0000000000000000E+00|          0|
 8|   2.540E+03|                      NaN|   0.0000000000000000E+00|          0|
 8|   2.580E+03|                      NaN|   0.0000000000000000E+00|          0|
 8|   2.620E+03|                      NaN|   0.0000000000000000E+00|          0|
 8|   2.660E+03|                      NaN|   0.0000000000000000E+00|          0|
 8|   2.700E+03|                      NaN|   0.0000000000000000E+00|          0|
 8|   2.740E+03|                      NaN|   0.0000000000000000E+00|          0|
 8|   2.780E+03|                      NaN|   0.0000000000000000E+00|          0|
 8|   2.820E+03|                      NaN|   0.0000000000000000E+00|          0|
 8|   2.860E+03|                      NaN|   0.0000000000000000E+00|          0|
 8|   2.900E+03|                      NaN|   0.0000000000000000E+00|          0|
 8|   2.940E+03|                      NaN|   0.0000000000000000E+00|          0|
 8|   2.980E+03|                      NaN|   0.0000000000000000E+00|          0|
 8|   3.020E+03|                      NaN|   0.0000000000000000E+00|          0|
 8|   3.060E+03|                      NaN|   0.0000000000000000E+00|          0|
 8|   3.100E+03|                      NaN|   0.0000000000000000E+00|          0|
 8|   3.140E+03|                      NaN|   0.0000000000000000E+00|          0|
 8|   3.180E+03|                      NaN|   0.0000000000000000E+00|          0|
 8|   3.220E+03|                      NaN|   0.0000000000000000E+00|          0|
 8|   3.260E+03|                      NaN|   0.0000000000000000E+00|          0|
 8|   3.300E+03|                      NaN|   0.0000000000000000E+00|          0|
 8|   3.340E+03|                      NaN|   0.0000000000000000E+00|          0|
 8|   3.380E+03|                      NaN|   0.0000000000000000E+00|          0|
 8|   3.420E+03|                      NaN|   0.0000000000000000E+00|          0|
 8|   3.460E+03|                      NaN|   0.0000000000000000E+00|          0|
 8|   3.500E+03|                      NaN|   0.0000000000000000E+00|          0|
 8|   3.540E+03|                      NaN|   0.0000000000000000E+00|          0|
 8|   3.580E+03|                      NaN|   0.0000000000000000E+00|          0|
 8|   3.620E+03|                      NaN|   0.0000000000000000E+00|          0|
 8|   3.660E+03|                      NaN|   0.0000000000000000E+00|          0|
 8|   3.700E+03|                      NaN|   0.0000000000000000E+00|          0|
 8|   3.740E+03|                      NaN|   0.0000000000000000E+00|          0|
 8|   3.780E+03|                      NaN|   0.0000000000000000E+00|          0|
 8|   3.820E+03|                      NaN|   0.0000000000000000E+00|          0|
 8|   3.860E+03|                      NaN|   0.0000000000000000E+00|          0|
 8|   3.900E+03|                      NaN|   0.0000000000000000E+00|          0|
 8|   3.940E+03|                      NaN|   0.0000000000000000E+00|          0|
 8|   3.980E+03|                      NaN|   0.0000000000000000E+00|          0|
 8|   4.020E+03|                      NaN|   0.0000000000000000E+00|          0|
 8|   4.060E+03|                      NaN|   0.0000000000000000E+00|          0|
# integrated result:   3.3311191229256553E-06
#
# Histogram 9: m_4l                                              
 9|   8.500E+01|                      NaN|   0.0000000000000000E+00|          0|
 9|   8.600E+01|                      NaN|   0.0000000000000000E+00|          0|
 9|   8.700E+01|                      NaN|   0.0000000000000000E+00|          0|
 9|   8.800E+01|                      NaN|   0.0000000000000000E+00|          0|
 9|   8.900E+01|                      NaN|   0.0000000000000000E+00|          0|
 9|   9.000E+01|                      NaN|   0.0000000000000000E+00|          0|
 9|   9.100E+01|                      NaN|   0.0000000000000000E+00|          0|
 9|   9.200E+01|                      NaN|   0.0000000000000000E+00|          0|
 9|   9.300E+01|                      NaN|   0.0000000000000000E+00|          0|
 9|   9.400E+01|                      NaN|   0.0000000000000000E+00|          0|
 9|   9.500E+01|                      NaN|   0.0000000000000000E+00|          0|
 9|   9.600E+01|                      NaN|   0.0000000000000000E+00|          0|
 9|   9.700E+01|                      NaN|   0.0000000000000000E+00|          0|
 9|   9.800E+01|                      NaN|   0.0000000000000000E+00|          0|
 9|   9.900E+01|                      NaN|   0.0000000000000000E+00|          0|
 9|   1.000E+02|                      NaN|   0.0000000000000000E+00|          0|
 9|   1.010E+02|                      NaN|   0.0000000000000000E+00|          0|
 9|   1.020E+02|                      NaN|   0.0000000000000000E+00|          0|
 9|   1.030E+02|                      NaN|   0.0000000000000000E+00|          0|
 9|   1.040E+02|                      NaN|   0.0000000000000000E+00|          0|
 9|   1.050E+02|                      NaN|   0.0000000000000000E+00|          0|
 9|   1.060E+02|                      NaN|   0.0000000000000000E+00|          0|
 9|   1.070E+02|                      NaN|   0.0000000000000000E+00|          0|
 9|   1.080E+02|                      NaN|   0.0000000000000000E+00|          0|
 9|   1.090E+02|                      NaN|   0.0000000000000000E+00|          0|
 9|   1.100E+02|                      NaN|   0.0000000000000000E+00|          0|
 9|   1.110E+02|                      NaN|   0.0000000000000000E+00|          0|
 9|   1.120E+02|                      NaN|   0.0000000000000000E+00|          0|
 9|   1.130E+02|                      NaN|   0.0000000000000000E+00|          0|
 9|   1.140E+02|                      NaN|   0.0000000000000000E+00|          0|
 9|   1.150E+02|                      NaN|   0.0000000000000000E+00|          0|
 9|   1.160E+02|                      NaN|   0.0000000000000000E+00|          0|
 9|   1.170E+02|                      NaN|   0.0000000000000000E+00|          0|
 9|   1.180E+02|                      NaN|   0.0000000000000000E+00|          0|
 9|   1.190E+02|                      NaN|   0.0000000000000000E+00|          0|
 9|   1.200E+02|                      NaN|   0.0000000000000000E+00|          0|
 9|   1.210E+02|                      NaN|   0.0000000000000000E+00|          0|
 9|   1.220E+02|                      NaN|   0.0000000000000000E+00|          0|
 9|   1.230E+02|                      NaN|   0.0000000000000000E+00|          0|
 9|   1.240E+02|                 Infinity|   7.8222935464130911E-03|      16343|
 9|   1.250E+02|                 Infinity|   9.2767731347413868E-03|      11620|
 9|   1.260E+02|                      NaN|   0.0000000000000000E+00|          0|
 9|   1.270E+02|                      NaN|   0.0000000000000000E+00|          0|
 9|   1.280E+02|                      NaN|   0.0000000000000000E+00|          0|
 9|   1.290E+02|                      NaN|   0.0000000000000000E+00|          0|
 9|   1.300E+02|                      NaN|   0.0000000000000000E+00|          0|
 9|   1.310E+02|                      NaN|   0.0000000000000000E+00|          0|
 9|   1.320E+02|                      NaN|   0.0000000000000000E+00|          0|
 9|   1.330E+02|                      NaN|   0.0000000000000000E+00|          0|
 9|   1.340E+02|                      NaN|   0.0000000000000000E+00|          0|
# integrated result:   3.3311191229256417E-06
#
# Histogram10: Phi1                                              
10|  -3.142E+00|                 Infinity|   3.9590379123244791E-02|        638|
10|  -2.985E+00|                 Infinity|   3.6835473434187867E-02|        737|
10|  -2.827E+00|                 Infinity|   3.6935842757655886E-02|        733|
10|  -2.670E+00|                 Infinity|   3.4040395878489879E-02|        863|
10|  -2.513E+00|                 Infinity|   3.0890103160760771E-02|       1048|
10|  -2.356E+00|                 Infinity|   3.0344856451720224E-02|       1086|
10|  -2.199E+00|                 Infinity|   3.5714285714285712E-02|        784|
10|  -2.042E+00|                 Infinity|   3.8836781869030869E-02|        663|
10|  -1.885E+00|                 Infinity|   3.9405520311955031E-02|        644|
10|  -1.728E+00|                 Infinity|   4.1702882811414953E-02|        575|
10|  -1.571E+00|                 Infinity|   4.4676705160877031E-02|        501|
10|  -1.414E+00|                 Infinity|   4.4543540318737397E-02|        504|
10|  -1.257E+00|                 Infinity|   4.5407660918649985E-02|        485|
10|  -1.100E+00|                 Infinity|   4.3768810953240853E-02|        522|
10|  -9.425E-01|                 Infinity|   4.3852900965351466E-02|        520|
10|  -7.854E-01|                 Infinity|   4.1848697531868720E-02|        571|
10|  -6.283E-01|                 Infinity|   4.1922180815031851E-02|        569|
10|  -4.713E-01|                 Infinity|   4.2524325556256230E-02|        553|
10|  -3.142E-01|                 Infinity|   4.3355498476205998E-02|        532|
10|  -1.571E-01|                 Infinity|   4.5129368240652418E-02|        491|
10|  -3.000E-05|                 Infinity|   4.2874646285627205E-02|        544|
10|   1.570E-01|                 Infinity|   3.8866103716823586E-02|        662|
10|   3.141E-01|                 Infinity|   3.7164707312358318E-02|        724|
10|   4.712E-01|                 Infinity|   3.9314056698537575E-02|        647|
10|   6.283E-01|                 Infinity|   3.9840953644479787E-02|        630|
10|   7.854E-01|                 Infinity|   4.0555355282690636E-02|        608|
10|   9.424E-01|                 Infinity|   3.9405520311955031E-02|        644|
10|   1.100E+00|                 Infinity|   4.1522739926869986E-02|        580|
10|   1.257E+00|                 Infinity|   4.2835293687811936E-02|        545|
10|   1.414E+00|                 Infinity|   4.0455669703136743E-02|        611|
10|   1.571E+00|                 Infinity|   3.9621442587516369E-02|        637|
10|   1.728E+00|                 Infinity|   3.8208035995043507E-02|        685|
10|   1.885E+00|                 Infinity|   3.7769478730024897E-02|        701|
10|   2.042E+00|                 Infinity|   3.3576713893653728E-02|        887|
10|   2.199E+00|                 Infinity|   2.9197858123689188E-02|       1173|
10|   2.356E+00|                 Infinity|   3.0015011259383207E-02|       1110|
10|   2.513E+00|                 Infinity|   3.0556616567607043E-02|       1071|
10|   2.670E+00|                 Infinity|   3.3370432213299994E-02|        898|
10|   2.827E+00|                 Infinity|   3.3204455008545970E-02|        907|
10|   2.984E+00|                 Infinity|   3.8348249442368518E-02|        680|
# integrated result:   3.3311191229256506E-06
#
