#
# column #1=histogram, #2=x-axis bin, #3=binned cross-section, #4=error, #5=number of events 
# this can be easily plotted in gnuplot with the commands:
#    NHi=3
#    plot 'output.dat' using ($2):($1==NHi ? $3 : 1/0) w st
# where NHi selects the histogram
#
#
# run time =      -0.05min
# TotCS =      1.7010875964E-05           4.45533E-06
#
# Histogram 1: m_jj                                              
 1|   0.000E+00|                 Infinity|   1.8502662262063211E-02|       2921|
 1|   5.000E+01|                 Infinity|   1.0273309938750282E-02|       9475|
 1|   1.000E+02|                 Infinity|   1.2647087268567366E-02|       6252|
 1|   1.500E+02|                 Infinity|   1.6826339703401614E-02|       3532|
 1|   2.000E+02|                 Infinity|   2.3433924539650597E-02|       1821|
 1|   2.500E+02|                 Infinity|   2.9827499313594678E-02|       1124|
 1|   3.000E+02|                 Infinity|   3.9904344223381107E-02|        628|
 1|   3.500E+02|                 Infinity|   4.8280454958526758E-02|        429|
 1|   4.000E+02|                 Infinity|   5.6077215409204434E-02|        318|
 1|   4.500E+02|                 Infinity|   6.5795169495976899E-02|        231|
 1|   5.000E+02|                 Infinity|   8.4818892967997092E-02|        139|
 1|   5.500E+02|                 Infinity|   9.7590007294853329E-02|        105|
 1|   6.000E+02|                 Infinity|   1.2700012700019050E-01|         62|
 1|   6.500E+02|                 Infinity|   1.2700012700019050E-01|         62|
 1|   7.000E+02|                 Infinity|   1.4744195615489714E-01|         46|
 1|   7.500E+02|                 Infinity|   1.6012815380508713E-01|         39|
 1|   8.000E+02|                 Infinity|   2.1320071635561041E-01|         22|
 1|   8.500E+02|                 Infinity|   2.4253562503633297E-01|         17|
 1|   9.000E+02|                 Infinity|   2.5819888974716110E-01|         15|
 1|   9.500E+02|                 Infinity|   2.7735009811261457E-01|         13|
 1|   1.000E+03|                 Infinity|   3.7796447300922720E-01|          7|
 1|   1.050E+03|                 Infinity|   4.4721359549995793E-01|          5|
 1|   1.100E+03|                 Infinity|   4.0824829046386307E-01|          6|
 1|   1.150E+03|                 Infinity|   4.4721359549995793E-01|          5|
 1|   1.200E+03|                 Infinity|   5.7735026918962584E-01|          3|
 1|   1.250E+03|                 Infinity|   4.4721359549995793E-01|          5|
 1|   1.300E+03|                 Infinity|   4.0824829046386307E-01|          6|
 1|   1.350E+03|                 Infinity|   7.0710678118654746E-01|          2|
 1|   1.400E+03|                 Infinity|   1.0000000000000000E+00|          1|
 1|   1.450E+03|                 Infinity|   7.0710678118654746E-01|          2|
 1|   1.500E+03|                 Infinity|   7.0710678118654746E-01|          2|
 1|   1.550E+03|                 Infinity|   1.0000000000000000E+00|          1|
 1|   1.600E+03|                 Infinity|   1.0000000000000000E+00|          1|
 1|   1.650E+03|                 Infinity|   7.0710678118654746E-01|          2|
 1|   1.700E+03|                 Infinity|   5.7735026918962584E-01|          3|
 1|   1.750E+03|                 Infinity|   5.7735026918962584E-01|          3|
 1|   1.800E+03|                 Infinity|   1.0000000000000000E+00|          1|
 1|   1.850E+03|                      NaN|   0.0000000000000000E+00|          0|
 1|   1.900E+03|                 Infinity|   1.0000000000000000E+00|          1|
 1|   1.950E+03|                 Infinity|   1.0000000000000000E+00|          1|
 1|   2.000E+03|                      NaN|   0.0000000000000000E+00|          0|
 1|   2.050E+03|                 Infinity|   1.0000000000000000E+00|          1|
 1|   2.100E+03|                      NaN|   0.0000000000000000E+00|          0|
 1|   2.150E+03|                      NaN|   0.0000000000000000E+00|          0|
 1|   2.200E+03|                      NaN|   0.0000000000000000E+00|          0|
 1|   2.250E+03|                      NaN|   0.0000000000000000E+00|          0|
 1|   2.300E+03|                      NaN|   0.0000000000000000E+00|          0|
 1|   2.350E+03|                      NaN|   0.0000000000000000E+00|          0|
 1|   2.400E+03|                      NaN|   0.0000000000000000E+00|          0|
 1|   2.450E+03|                      NaN|   0.0000000000000000E+00|          0|
 1|   2.500E+03|                      NaN|   0.0000000000000000E+00|          0|
 1|   2.550E+03|                      NaN|   0.0000000000000000E+00|          0|
 1|   2.600E+03|                      NaN|   0.0000000000000000E+00|          0|
 1|   2.650E+03|                      NaN|   0.0000000000000000E+00|          0|
 1|   2.700E+03|                      NaN|   0.0000000000000000E+00|          0|
 1|   2.750E+03|                      NaN|   0.0000000000000000E+00|          0|
 1|   2.800E+03|                      NaN|   0.0000000000000000E+00|          0|
 1|   2.850E+03|                      NaN|   0.0000000000000000E+00|          0|
 1|   2.900E+03|                      NaN|   0.0000000000000000E+00|          0|
 1|   2.950E+03|                      NaN|   0.0000000000000000E+00|          0|
 1|   3.000E+03|                      NaN|   0.0000000000000000E+00|          0|
 1|   3.050E+03|                      NaN|   0.0000000000000000E+00|          0|
 1|   3.100E+03|                      NaN|   0.0000000000000000E+00|          0|
 1|   3.150E+03|                      NaN|   0.0000000000000000E+00|          0|
 1|   3.200E+03|                      NaN|   0.0000000000000000E+00|          0|
 1|   3.250E+03|                      NaN|   0.0000000000000000E+00|          0|
 1|   3.300E+03|                      NaN|   0.0000000000000000E+00|          0|
 1|   3.350E+03|                      NaN|   0.0000000000000000E+00|          0|
 1|   3.400E+03|                      NaN|   0.0000000000000000E+00|          0|
 1|   3.450E+03|                      NaN|   0.0000000000000000E+00|          0|
 1|   3.500E+03|                      NaN|   0.0000000000000000E+00|          0|
 1|   3.550E+03|                      NaN|   0.0000000000000000E+00|          0|
 1|   3.600E+03|                      NaN|   0.0000000000000000E+00|          0|
 1|   3.650E+03|                      NaN|   0.0000000000000000E+00|          0|
 1|   3.700E+03|                      NaN|   0.0000000000000000E+00|          0|
 1|   3.750E+03|                      NaN|   0.0000000000000000E+00|          0|
 1|   3.800E+03|                      NaN|   0.0000000000000000E+00|          0|
 1|   3.850E+03|                      NaN|   0.0000000000000000E+00|          0|
 1|   3.900E+03|                      NaN|   0.0000000000000000E+00|          0|
 1|   3.950E+03|                      NaN|   0.0000000000000000E+00|          0|
 1|   4.000E+03|                      NaN|   0.0000000000000000E+00|          0|
 1|   4.050E+03|                      NaN|   0.0000000000000000E+00|          0|
 1|   4.100E+03|                      NaN|   0.0000000000000000E+00|          0|
 1|   4.150E+03|                      NaN|   0.0000000000000000E+00|          0|
 1|   4.200E+03|                      NaN|   0.0000000000000000E+00|          0|
 1|   4.250E+03|                      NaN|   0.0000000000000000E+00|          0|
 1|   4.300E+03|                      NaN|   0.0000000000000000E+00|          0|
 1|   4.350E+03|                      NaN|   0.0000000000000000E+00|          0|
 1|   4.400E+03|                      NaN|   0.0000000000000000E+00|          0|
 1|   4.450E+03|                      NaN|   0.0000000000000000E+00|          0|
 1|   4.500E+03|                      NaN|   0.0000000000000000E+00|          0|
 1|   4.550E+03|                      NaN|   0.0000000000000000E+00|          0|
 1|   4.600E+03|                      NaN|   0.0000000000000000E+00|          0|
 1|   4.650E+03|                      NaN|   0.0000000000000000E+00|          0|
 1|   4.700E+03|                      NaN|   0.0000000000000000E+00|          0|
 1|   4.750E+03|                      NaN|   0.0000000000000000E+00|          0|
 1|   4.800E+03|                      NaN|   0.0000000000000000E+00|          0|
 1|   4.850E+03|                      NaN|   0.0000000000000000E+00|          0|
 1|   4.900E+03|                      NaN|   0.0000000000000000E+00|          0|
 1|   4.950E+03|                      NaN|   0.0000000000000000E+00|          0|
# integrated result:   1.7010875963510720E-05
#
# Histogram 2: m_jj                                              
 2|   0.000E+00|                      NaN|   0.0000000000000000E+00|          0|
 2|   2.000E+00|                      NaN|   0.0000000000000000E+00|          0|
 2|   4.000E+00|                      NaN|   0.0000000000000000E+00|          0|
 2|   6.000E+00|                      NaN|   0.0000000000000000E+00|          0|
 2|   8.000E+00|                      NaN|   0.0000000000000000E+00|          0|
 2|   1.000E+01|                      NaN|   0.0000000000000000E+00|          0|
 2|   1.200E+01|                      NaN|   0.0000000000000000E+00|          0|
 2|   1.400E+01|                      NaN|   0.0000000000000000E+00|          0|
 2|   1.600E+01|                      NaN|   0.0000000000000000E+00|          0|
 2|   1.800E+01|                      NaN|   0.0000000000000000E+00|          0|
 2|   2.000E+01|                      NaN|   0.0000000000000000E+00|          0|
 2|   2.200E+01|                      NaN|   0.0000000000000000E+00|          0|
 2|   2.400E+01|                      NaN|   0.0000000000000000E+00|          0|
 2|   2.600E+01|                      NaN|   0.0000000000000000E+00|          0|
 2|   2.800E+01|                      NaN|   0.0000000000000000E+00|          0|
 2|   3.000E+01|                 Infinity|   6.8358592702466331E-02|        214|
 2|   3.200E+01|                 Infinity|   6.6666666666666666E-02|        225|
 2|   3.400E+01|                 Infinity|   6.2257280636469035E-02|        258|
 2|   3.600E+01|                 Infinity|   6.4282434653322507E-02|        242|
 2|   3.800E+01|                 Infinity|   5.7353933467640436E-02|        304|
 2|   4.000E+01|                 Infinity|   5.8621038176054921E-02|        291|
 2|   4.200E+01|                 Infinity|   5.5131784641997125E-02|        329|
 2|   4.400E+01|                 Infinity|   5.5131784641997125E-02|        329|
 2|   4.600E+01|                 Infinity|   5.2342392259021375E-02|        365|
 2|   4.800E+01|                 Infinity|   5.2414241836095915E-02|        364|
 2|   5.000E+01|                 Infinity|   5.2342392259021375E-02|        365|
 2|   5.200E+01|                 Infinity|   4.9937616943892232E-02|        401|
 2|   5.400E+01|                 Infinity|   5.1987524491003641E-02|        370|
 2|   5.600E+01|                 Infinity|   5.2342392259021375E-02|        365|
 2|   5.800E+01|                 Infinity|   5.0702012656339383E-02|        389|
 2|   6.000E+01|                 Infinity|   4.9751859510499458E-02|        404|
 2|   6.200E+01|                 Infinity|   4.9326362366699003E-02|        411|
 2|   6.400E+01|                 Infinity|   4.8970210687439175E-02|        417|
 2|   6.600E+01|                 Infinity|   5.0315460542662761E-02|        395|
 2|   6.800E+01|                 Infinity|   5.1298917604257706E-02|        380|
 2|   7.000E+01|                 Infinity|   4.9029033784546011E-02|        416|
 2|   7.200E+01|                 Infinity|   4.7404546313997722E-02|        445|
 2|   7.400E+01|                 Infinity|   4.9751859510499458E-02|        404|
 2|   7.600E+01|                 Infinity|   5.0898659855928764E-02|        386|
 2|   7.800E+01|                 Infinity|   5.1778037307849772E-02|        373|
 2|   8.000E+01|                 Infinity|   5.0000000000000003E-02|        400|
 2|   8.200E+01|                 Infinity|   5.3528772757218922E-02|        349|
 2|   8.400E+01|                 Infinity|   5.2270837348931669E-02|        366|
 2|   8.600E+01|                 Infinity|   5.2128603514268693E-02|        368|
 2|   8.800E+01|                 Infinity|   5.4964970992931267E-02|        331|
 2|   9.000E+01|                 Infinity|   5.1571062312939668E-02|        376|
 2|   9.200E+01|                 Infinity|   5.3760333057047034E-02|        346|
 2|   9.400E+01|                 Infinity|   5.3838190205816552E-02|        345|
 2|   9.600E+01|                 Infinity|   5.3994924715603881E-02|        343|
 2|   9.800E+01|                 Infinity|   5.5048188256318034E-02|        330|
 2|   1.000E+02|                 Infinity|   5.8025885318565944E-02|        297|
 2|   1.020E+02|                 Infinity|   5.8025885318565944E-02|        297|
 2|   1.040E+02|                 Infinity|   5.6796183424706478E-02|        310|
 2|   1.060E+02|                 Infinity|   5.7073014553534959E-02|        307|
 2|   1.080E+02|                 Infinity|   5.9443829827776400E-02|        283|
 2|   1.100E+02|                 Infinity|   6.0412209333017698E-02|        274|
 2|   1.120E+02|                 Infinity|   5.8621038176054921E-02|        291|
 2|   1.140E+02|                 Infinity|   5.9234887775909233E-02|        285|
 2|   1.160E+02|                 Infinity|   6.0302268915552716E-02|        275|
 2|   1.180E+02|                 Infinity|   6.1313933948496581E-02|        266|
 2|   1.200E+02|                 Infinity|   6.2378286155180533E-02|        257|
 2|   1.220E+02|                 Infinity|   6.0971076084969232E-02|        269|
 2|   1.240E+02|                 Infinity|   6.6372331159997203E-02|        227|
 2|   1.260E+02|                 Infinity|   6.7573737839948592E-02|        219|
 2|   1.280E+02|                 Infinity|   6.3757671306333821E-02|        246|
 2|   1.300E+02|                 Infinity|   6.3628476297577771E-02|        247|
 2|   1.320E+02|                 Infinity|   6.6519010523773930E-02|        226|
 2|   1.340E+02|                 Infinity|   6.7728546147859642E-02|        218|
 2|   1.360E+02|                 Infinity|   7.0359754473029182E-02|        202|
 2|   1.380E+02|                 Infinity|   6.5653216429861272E-02|        232|
 2|   1.400E+02|                 Infinity|   7.3521462209380772E-02|        185|
 2|   1.420E+02|                 Infinity|   6.7115605521402430E-02|        222|
 2|   1.440E+02|                 Infinity|   6.9843029576957816E-02|        205|
 2|   1.460E+02|                 Infinity|   6.8518870982753166E-02|        213|
 2|   1.480E+02|                 Infinity|   7.0888120500833582E-02|        199|
 2|   1.500E+02|                 Infinity|   7.6249285166302333E-02|        172|
 2|   1.520E+02|                 Infinity|   7.1066905451870152E-02|        198|
 2|   1.540E+02|                 Infinity|   7.3323557510676651E-02|        186|
 2|   1.560E+02|                 Infinity|   7.2932495748947279E-02|        188|
 2|   1.580E+02|                 Infinity|   7.8326044998795738E-02|        163|
 2|   1.600E+02|                 Infinity|   7.7382323253413682E-02|        167|
 2|   1.620E+02|                 Infinity|   7.4329414624716636E-02|        181|
 2|   1.640E+02|                 Infinity|   7.8086880944303036E-02|        164|
 2|   1.660E+02|                 Infinity|   7.8326044998795738E-02|        163|
 2|   1.680E+02|                 Infinity|   7.9555728417572996E-02|        158|
 2|   1.700E+02|                 Infinity|   8.3624201000709081E-02|        143|
 2|   1.720E+02|                 Infinity|   8.1110710565381272E-02|        152|
 2|   1.740E+02|                 Infinity|   7.8811040623910061E-02|        161|
 2|   1.760E+02|                 Infinity|   8.9802651013387455E-02|        124|
 2|   1.780E+02|                 Infinity|   9.0909090909090912E-02|        121|
 2|   1.800E+02|                 Infinity|   8.6710996952411995E-02|        133|
 2|   1.820E+02|                 Infinity|   9.1287092917527679E-02|        120|
 2|   1.840E+02|                 Infinity|   9.3250480824031381E-02|        115|
 2|   1.860E+02|                 Infinity|   9.4072086838359728E-02|        113|
 2|   1.880E+02|                 Infinity|   9.9503719020998915E-02|        101|
 2|   1.900E+02|                 Infinity|   1.0259783520851541E-01|         95|
 2|   1.920E+02|                 Infinity|   1.0314212462587934E-01|         94|
 2|   1.940E+02|                 Infinity|   9.7590007294853329E-02|        105|
 2|   1.960E+02|                 Infinity|   9.9014754297667443E-02|        102|
 2|   1.980E+02|                 Infinity|   9.4072086838359728E-02|        113|
# integrated result:   1.7010875963510723E-05
#
# Histogram 3: pT(H)                                             
 3|   0.000E+00|                 Infinity|   2.6697534996903839E-02|       1403|
 3|   1.000E+01|                 Infinity|   2.1077167773036799E-02|       2251|
 3|   2.000E+01|                 Infinity|   1.9577758204863370E-02|       2609|
 3|   3.000E+01|                 Infinity|   1.8898223650461361E-02|       2800|
 3|   4.000E+01|                 Infinity|   1.9041575062365312E-02|       2758|
 3|   5.000E+01|                 Infinity|   2.0028058937536990E-02|       2493|
 3|   6.000E+01|                 Infinity|   2.1728864020781589E-02|       2118|
 3|   7.000E+01|                 Infinity|   2.3376229110609222E-02|       1830|
 3|   8.000E+01|                 Infinity|   2.5906388007541990E-02|       1490|
 3|   9.000E+01|                 Infinity|   2.8467047115478598E-02|       1234|
 3|   1.000E+02|                 Infinity|   3.0069238966213184E-02|       1106|
 3|   1.100E+02|                 Infinity|   3.4319911152729012E-02|        849|
 3|   1.200E+02|                 Infinity|   3.8691161626706841E-02|        668|
 3|   1.300E+02|                 Infinity|   4.1558581746169131E-02|        579|
 3|   1.400E+02|                 Infinity|   4.5931521217462537E-02|        474|
 3|   1.500E+02|                 Infinity|   5.1917413165116499E-02|        371|
 3|   1.600E+02|                 Infinity|   5.4964970992931267E-02|        331|
 3|   1.700E+02|                 Infinity|   6.1313933948496581E-02|        266|
 3|   1.800E+02|                 Infinity|   6.7419986246324212E-02|        220|
 3|   1.900E+02|                 Infinity|   6.9843029576957816E-02|        205|
 3|   2.000E+02|                 Infinity|   8.2199493652678646E-02|        148|
 3|   2.100E+02|                 Infinity|   8.9802651013387455E-02|        124|
 3|   2.200E+02|                 Infinity|   8.6710996952411995E-02|        133|
 3|   2.300E+02|                 Infinity|   9.6673648904566353E-02|        107|
 3|   2.400E+02|                 Infinity|   1.0846522890932808E-01|         85|
 3|   2.500E+02|                 Infinity|   1.1111111111111110E-01|         81|
 3|   2.600E+02|                 Infinity|   1.2403473458920847E-01|         65|
 3|   2.700E+02|                 Infinity|   1.3736056394868904E-01|         53|
 3|   2.800E+02|                 Infinity|   1.3608276348795434E-01|         54|
 3|   2.900E+02|                 Infinity|   1.5617376188860607E-01|         41|
 3|   3.000E+02|                 Infinity|   1.5811388300841897E-01|         40|
 3|   3.100E+02|                 Infinity|   1.7960530202677491E-01|         31|
 3|   3.200E+02|                 Infinity|   1.8257418583505536E-01|         30|
 3|   3.300E+02|                 Infinity|   1.8569533817705186E-01|         29|
 3|   3.400E+02|                 Infinity|   2.3570226039551587E-01|         18|
 3|   3.500E+02|                 Infinity|   2.1821789023599239E-01|         21|
 3|   3.600E+02|                 Infinity|   2.4253562503633297E-01|         17|
 3|   3.700E+02|                 Infinity|   3.0151134457776363E-01|         11|
 3|   3.800E+02|                 Infinity|   3.1622776601683794E-01|         10|
 3|   3.900E+02|                 Infinity|   2.7735009811261457E-01|         13|
 3|   4.000E+02|                 Infinity|   2.7735009811261457E-01|         13|
 3|   4.100E+02|                 Infinity|   3.7796447300922720E-01|          7|
 3|   4.200E+02|                 Infinity|   2.3570226039551587E-01|         18|
 3|   4.300E+02|                 Infinity|   3.5355339059327373E-01|          8|
 3|   4.400E+02|                 Infinity|   3.5355339059327373E-01|          8|
 3|   4.500E+02|                 Infinity|   4.4721359549995793E-01|          5|
 3|   4.600E+02|                 Infinity|   4.4721359549995793E-01|          5|
 3|   4.700E+02|                 Infinity|   4.0824829046386307E-01|          6|
 3|   4.800E+02|                 Infinity|   3.0151134457776363E-01|         11|
 3|   4.900E+02|                 Infinity|   5.7735026918962584E-01|          3|
# integrated result:   1.7010875963510716E-05
#
# Histogram 4: pT(j1)                                            
 4|   0.000E+00|                      NaN|   0.0000000000000000E+00|          0|
 4|   1.000E+01|                 Infinity|   6.0302268915552716E-02|        275|
 4|   2.000E+01|                 Infinity|   2.2983951313055563E-02|       1893|
 4|   3.000E+01|                 Infinity|   1.8383471130732205E-02|       2959|
 4|   4.000E+01|                 Infinity|   1.7633640396464957E-02|       3216|
 4|   5.000E+01|                 Infinity|   1.8224038416896644E-02|       3011|
 4|   6.000E+01|                 Infinity|   1.9360077316559157E-02|       2668|
 4|   7.000E+01|                 Infinity|   2.0965696734438367E-02|       2275|
 4|   8.000E+01|                 Infinity|   2.2727272727272728E-02|       1936|
 4|   9.000E+01|                 Infinity|   2.5523828044507795E-02|       1535|
 4|   1.000E+02|                 Infinity|   2.8927842707018585E-02|       1195|
 4|   1.100E+02|                 Infinity|   3.1670317760976820E-02|        997|
 4|   1.200E+02|                 Infinity|   3.4319911152729012E-02|        849|
 4|   1.300E+02|                 Infinity|   3.9133024009741613E-02|        653|
 4|   1.400E+02|                 Infinity|   4.2796049251091289E-02|        546|
 4|   1.500E+02|                 Infinity|   4.5643546458763840E-02|        480|
 4|   1.600E+02|                 Infinity|   5.3300179088902604E-02|        352|
 4|   1.700E+02|                 Infinity|   5.6980288229818973E-02|        308|
 4|   1.800E+02|                 Infinity|   5.8722021951470346E-02|        290|
 4|   1.900E+02|                 Infinity|   6.2378286155180533E-02|        257|
 4|   2.000E+02|                 Infinity|   7.0359754473029182E-02|        202|
 4|   2.100E+02|                 Infinity|   7.7151674981045956E-02|        168|
 4|   2.200E+02|                 Infinity|   8.3333333333333329E-02|        144|
 4|   2.300E+02|                 Infinity|   8.9802651013387455E-02|        124|
 4|   2.400E+02|                 Infinity|   9.7590007294853329E-02|        105|
 4|   2.500E+02|                 Infinity|   9.4915799575249898E-02|        111|
 4|   2.600E+02|                 Infinity|   1.1111111111111110E-01|         81|
 4|   2.700E+02|                 Infinity|   1.1952286093343936E-01|         70|
 4|   2.800E+02|                 Infinity|   1.2700012700019050E-01|         62|
 4|   2.900E+02|                 Infinity|   1.2126781251816648E-01|         68|
 4|   3.000E+02|                 Infinity|   1.5617376188860607E-01|         41|
 4|   3.100E+02|                 Infinity|   1.4433756729740646E-01|         48|
 4|   3.200E+02|                 Infinity|   1.6439898730535729E-01|         37|
 4|   3.300E+02|                 Infinity|   1.6222142113076254E-01|         38|
 4|   3.400E+02|                 Infinity|   1.9245008972987526E-01|         27|
 4|   3.500E+02|                 Infinity|   2.0000000000000001E-01|         25|
 4|   3.600E+02|                 Infinity|   2.2941573387056174E-01|         19|
 4|   3.700E+02|                 Infinity|   2.0000000000000001E-01|         25|
 4|   3.800E+02|                 Infinity|   2.1320071635561041E-01|         22|
 4|   3.900E+02|                 Infinity|   2.5819888974716110E-01|         15|
 4|   4.000E+02|                 Infinity|   2.4253562503633297E-01|         17|
 4|   4.100E+02|                 Infinity|   3.7796447300922720E-01|          7|
 4|   4.200E+02|                 Infinity|   2.8867513459481292E-01|         12|
 4|   4.300E+02|                 Infinity|   2.7735009811261457E-01|         13|
 4|   4.400E+02|                 Infinity|   3.1622776601683794E-01|         10|
 4|   4.500E+02|                 Infinity|   3.7796447300922720E-01|          7|
 4|   4.600E+02|                 Infinity|   3.0151134457776363E-01|         11|
 4|   4.700E+02|                 Infinity|   3.7796447300922720E-01|          7|
 4|   4.800E+02|                 Infinity|   3.3333333333333331E-01|          9|
 4|   4.900E+02|                 Infinity|   4.4721359549995793E-01|          5|
# integrated result:   1.7010875963510713E-05
#
# Histogram 5: dy(j1,j2)                                         
 5|  -5.000E+00|                 Infinity|   3.3333333333333331E-01|          9|
 5|  -4.800E+00|                 Infinity|   3.7796447300922720E-01|          7|
 5|  -4.600E+00|                 Infinity|   3.5355339059327373E-01|          8|
 5|  -4.400E+00|                 Infinity|   3.0151134457776363E-01|         11|
 5|  -4.200E+00|                 Infinity|   1.9611613513818404E-01|         26|
 5|  -4.000E+00|                 Infinity|   1.2216944435630522E-01|         67|
 5|  -3.800E+00|                 Infinity|   1.3483997249264842E-01|         55|
 5|  -3.600E+00|                 Infinity|   1.0369516947304253E-01|         93|
 5|  -3.400E+00|                 Infinity|   8.3624201000709081E-02|        143|
 5|  -3.200E+00|                 Infinity|   6.7573737839948592E-02|        219|
 5|  -3.000E+00|                 Infinity|   6.8680281974344518E-02|        212|
 5|  -2.800E+00|                 Infinity|   5.5901699437494741E-02|        320|
 5|  -2.600E+00|                 Infinity|   5.5470019622522911E-02|        325|
 5|  -2.400E+00|                 Infinity|   5.5048188256318034E-02|        330|
 5|  -2.200E+00|                 Infinity|   5.4799662435119099E-02|        333|
 5|  -2.000E+00|                 Infinity|   5.1298917604257706E-02|        380|
 5|  -1.800E+00|                 Infinity|   4.2874646285627205E-02|        544|
 5|  -1.600E+00|                 Infinity|   3.8518560788567267E-02|        674|
 5|  -1.400E+00|                 Infinity|   3.3942211665106532E-02|        868|
 5|  -1.200E+00|                 Infinity|   2.9399051601892736E-02|       1157|
 5|  -1.000E+00|                 Infinity|   2.3255813953488372E-02|       1849|
 5|  -8.000E-01|                 Infinity|   2.6745234757997019E-02|       1398|
 5|  -6.000E-01|                 Infinity|   2.9974532466509034E-02|       1113|
 5|  -4.000E-01|                 Infinity|   3.2826608214930636E-02|        928|
 5|  -2.000E-01|                 Infinity|   3.5311227577322434E-02|        802|
 5|   0.000E+00|                 Infinity|   3.0934411244487297E-02|       1045|
 5|   2.000E-01|                 Infinity|   2.6860765467512676E-02|       1386|
 5|   4.000E-01|                 Infinity|   2.7136267706462856E-02|       1358|
 5|   6.000E-01|                 Infinity|   2.5880347068133500E-02|       1493|
 5|   8.000E-01|                 Infinity|   2.7735009811261455E-02|       1300|
 5|   1.000E+00|                 Infinity|   2.6171196129510688E-02|       1460|
 5|   1.200E+00|                 Infinity|   2.6764386378609461E-02|       1396|
 5|   1.400E+00|                 Infinity|   2.8867513459481284E-02|       1200|
 5|   1.600E+00|                 Infinity|   3.1862649393858307E-02|        985|
 5|   1.800E+00|                 Infinity|   3.4815531191139566E-02|        825|
 5|   2.000E+00|                 Infinity|   3.6131468676496206E-02|        766|
 5|   2.200E+00|                 Infinity|   3.5737084494593160E-02|        783|
 5|   2.400E+00|                 Infinity|   4.1239304942116126E-02|        588|
 5|   2.600E+00|                 Infinity|   5.6704797712374272E-02|        311|
 5|   2.800E+00|                 Infinity|   7.2932495748947279E-02|        188|
 5|   3.000E+00|                 Infinity|   9.4491118252306799E-02|        112|
 5|   3.200E+00|                 Infinity|   1.0721125348377948E-01|         87|
 5|   3.400E+00|                 Infinity|   1.4433756729740646E-01|         48|
 5|   3.600E+00|                 Infinity|   1.7149858514250882E-01|         34|
 5|   3.800E+00|                 Infinity|   1.7407765595569785E-01|         33|
 5|   4.000E+00|                 Infinity|   2.6726124191242440E-01|         14|
 5|   4.200E+00|                 Infinity|   3.0151134457776363E-01|         11|
 5|   4.400E+00|                 Infinity|   5.0000000000000000E-01|          4|
 5|   4.600E+00|                 Infinity|   5.7735026918962584E-01|          3|
 5|   4.800E+00|                 Infinity|   1.0000000000000000E+00|          1|
# integrated result:   1.7010875963510713E-05
#
# Histogram 6: mz1                                               
 6|   0.000E+00|                      NaN|   0.0000000000000000E+00|          0|
 6|   2.000E+00|                      NaN|   0.0000000000000000E+00|          0|
 6|   4.000E+00|                 Infinity|   1.2085971132595737E-02|       6846|
 6|   6.000E+00|                 Infinity|   2.7379283909669677E-02|       1334|
 6|   8.000E+00|                 Infinity|   2.4339619175561773E-02|       1688|
 6|   1.000E+01|                 Infinity|   3.9163022499397869E-02|        652|
 6|   1.200E+01|                 Infinity|   2.9462782549439483E-02|       1152|
 6|   1.400E+01|                 Infinity|   3.4900240637988800E-02|        821|
 6|   1.600E+01|                 Infinity|   3.6273812505500581E-02|        760|
 6|   1.800E+01|                 Infinity|   3.6490518258441337E-02|        751|
 6|   2.000E+01|                 Infinity|   4.1065078117659089E-02|        593|
 6|   2.200E+01|                 Infinity|   4.1380294430118397E-02|        584|
 6|   2.400E+01|                 Infinity|   6.4415662640083082E-02|        241|
 6|   2.600E+01|                 Infinity|   8.6710996952411995E-02|        133|
 6|   2.800E+01|                 Infinity|   6.8842839082151427E-02|        211|
 6|   3.000E+01|                 Infinity|   6.2622429108514954E-02|        255|
 6|   3.200E+01|                 Infinity|   7.6028592126970551E-02|        173|
 6|   3.400E+01|                 Infinity|   8.7705801930702931E-02|        130|
 6|   3.600E+01|                 Infinity|   2.7735009811261457E-01|         13|
 6|   3.800E+01|                 Infinity|   2.4253562503633297E-01|         17|
 6|   4.000E+01|                 Infinity|   2.6726124191242440E-01|         14|
 6|   4.200E+01|                 Infinity|   2.7735009811261457E-01|         13|
 6|   4.400E+01|                 Infinity|   2.1320071635561041E-01|         22|
 6|   4.600E+01|                 Infinity|   1.7677669529663687E-01|         32|
 6|   4.800E+01|                 Infinity|   2.5000000000000000E-01|         16|
 6|   5.000E+01|                 Infinity|   2.2360679774997896E-01|         20|
 6|   5.200E+01|                 Infinity|   2.6726124191242440E-01|         14|
 6|   5.400E+01|                 Infinity|   2.1821789023599239E-01|         21|
 6|   5.600E+01|                 Infinity|   1.9245008972987526E-01|         27|
 6|   5.800E+01|                 Infinity|   1.5811388300841897E-01|         40|
 6|   6.000E+01|                 Infinity|   1.9245008972987526E-01|         27|
 6|   6.200E+01|                 Infinity|   1.5617376188860607E-01|         41|
 6|   6.400E+01|                 Infinity|   1.4433756729740646E-01|         48|
 6|   6.600E+01|                 Infinity|   1.5430334996209191E-01|         42|
 6|   6.800E+01|                 Infinity|   1.3363062095621220E-01|         56|
 6|   7.000E+01|                 Infinity|   1.5249857033260467E-01|         43|
 6|   7.200E+01|                 Infinity|   1.3130643285972254E-01|         58|
 6|   7.400E+01|                 Infinity|   1.1704114719613057E-01|         73|
 6|   7.600E+01|                 Infinity|   1.2216944435630522E-01|         67|
 6|   7.800E+01|                 Infinity|   1.1111111111111110E-01|         81|
 6|   8.000E+01|                 Infinity|   9.9014754297667443E-02|        102|
 6|   8.200E+01|                 Infinity|   9.0166963466743230E-02|        123|
 6|   8.400E+01|                 Infinity|   5.8925565098878967E-02|        288|
 6|   8.600E+01|                 Infinity|   4.8970210687439175E-02|        417|
 6|   8.800E+01|                 Infinity|   2.4700771787671945E-02|       1639|
 6|   9.000E+01|                 Infinity|   1.6110183807774198E-02|       3853|
 6|   9.200E+01|                 Infinity|   2.3376229110609222E-02|       1830|
 6|   9.400E+01|                 Infinity|   3.9013715732043520E-02|        657|
 6|   9.600E+01|                 Infinity|   9.2450032704204849E-02|        117|
 6|   9.800E+01|                 Infinity|   8.8735650941611385E-02|        127|
 6|   1.000E+02|                 Infinity|   8.4818892967997092E-02|        139|
 6|   1.020E+02|                 Infinity|   4.8056933133221270E-02|        433|
 6|   1.040E+02|                 Infinity|   8.2760588860236795E-02|        146|
 6|   1.060E+02|                 Infinity|   1.1952286093343936E-01|         70|
 6|   1.080E+02|                 Infinity|   1.1250879009260240E-01|         79|
 6|   1.100E+02|                 Infinity|   9.1669849702821132E-02|        119|
 6|   1.120E+02|                 Infinity|   1.4433756729740646E-01|         48|
 6|   1.140E+02|                 Infinity|   4.0824829046386307E-01|          6|
 6|   1.160E+02|                 Infinity|   5.0000000000000000E-01|          4|
 6|   1.180E+02|                 Infinity|   5.7735026918962584E-01|          3|
 6|   1.200E+02|                      NaN|   0.0000000000000000E+00|          0|
 6|   1.220E+02|                      NaN|   0.0000000000000000E+00|          0|
 6|   1.240E+02|                      NaN|   0.0000000000000000E+00|          0|
 6|   1.260E+02|                      NaN|   0.0000000000000000E+00|          0|
 6|   1.280E+02|                      NaN|   0.0000000000000000E+00|          0|
 6|   1.300E+02|                      NaN|   0.0000000000000000E+00|          0|
 6|   1.320E+02|                      NaN|   0.0000000000000000E+00|          0|
 6|   1.340E+02|                      NaN|   0.0000000000000000E+00|          0|
 6|   1.360E+02|                      NaN|   0.0000000000000000E+00|          0|
 6|   1.380E+02|                      NaN|   0.0000000000000000E+00|          0|
 6|   1.400E+02|                      NaN|   0.0000000000000000E+00|          0|
 6|   1.420E+02|                      NaN|   0.0000000000000000E+00|          0|
 6|   1.440E+02|                      NaN|   0.0000000000000000E+00|          0|
 6|   1.460E+02|                      NaN|   0.0000000000000000E+00|          0|
 6|   1.480E+02|                      NaN|   0.0000000000000000E+00|          0|
 6|   1.500E+02|                      NaN|   0.0000000000000000E+00|          0|
 6|   1.520E+02|                      NaN|   0.0000000000000000E+00|          0|
 6|   1.540E+02|                      NaN|   0.0000000000000000E+00|          0|
 6|   1.560E+02|                      NaN|   0.0000000000000000E+00|          0|
 6|   1.580E+02|                      NaN|   0.0000000000000000E+00|          0|
 6|   1.600E+02|                      NaN|   0.0000000000000000E+00|          0|
 6|   1.620E+02|                      NaN|   0.0000000000000000E+00|          0|
 6|   1.640E+02|                      NaN|   0.0000000000000000E+00|          0|
 6|   1.660E+02|                      NaN|   0.0000000000000000E+00|          0|
 6|   1.680E+02|                      NaN|   0.0000000000000000E+00|          0|
 6|   1.700E+02|                      NaN|   0.0000000000000000E+00|          0|
 6|   1.720E+02|                      NaN|   0.0000000000000000E+00|          0|
 6|   1.740E+02|                      NaN|   0.0000000000000000E+00|          0|
 6|   1.760E+02|                      NaN|   0.0000000000000000E+00|          0|
 6|   1.780E+02|                      NaN|   0.0000000000000000E+00|          0|
 6|   1.800E+02|                      NaN|   0.0000000000000000E+00|          0|
 6|   1.820E+02|                      NaN|   0.0000000000000000E+00|          0|
 6|   1.840E+02|                      NaN|   0.0000000000000000E+00|          0|
 6|   1.860E+02|                      NaN|   0.0000000000000000E+00|          0|
 6|   1.880E+02|                      NaN|   0.0000000000000000E+00|          0|
 6|   1.900E+02|                      NaN|   0.0000000000000000E+00|          0|
 6|   1.920E+02|                      NaN|   0.0000000000000000E+00|          0|
 6|   1.940E+02|                      NaN|   0.0000000000000000E+00|          0|
 6|   1.960E+02|                      NaN|   0.0000000000000000E+00|          0|
 6|   1.980E+02|                      NaN|   0.0000000000000000E+00|          0|
# integrated result:   1.7010875963510747E-05
#
# Histogram 7: mz2                                               
 7|   0.000E+00|                      NaN|   0.0000000000000000E+00|          0|
 7|   2.000E+00|                      NaN|   0.0000000000000000E+00|          0|
 7|   4.000E+00|                 Infinity|   3.6835473434187867E-02|        737|
 7|   6.000E+00|                 Infinity|   3.9528470752104743E-02|        640|
 7|   8.000E+00|                 Infinity|   4.3113061355922688E-02|        538|
 7|   1.000E+01|                 Infinity|   4.4766148103584522E-02|        499|
 7|   1.200E+01|                 Infinity|   4.2524325556256230E-02|        553|
 7|   1.400E+01|                 Infinity|   4.1630544712181333E-02|        577|
 7|   1.600E+01|                 Infinity|   3.8984058779272523E-02|        658|
 7|   1.800E+01|                 Infinity|   3.5533452725935076E-02|        792|
 7|   2.000E+01|                 Infinity|   3.5136418446315328E-02|        810|
 7|   2.200E+01|                 Infinity|   4.5407660918649985E-02|        485|
 7|   2.400E+01|                 Infinity|   4.9507377148833721E-02|        408|
 7|   2.600E+01|                 Infinity|   4.6423834544262965E-02|        464|
 7|   2.800E+01|                 Infinity|   3.7319668543103798E-02|        718|
 7|   3.000E+01|                 Infinity|   3.0055654488914410E-02|       1107|
 7|   3.200E+01|                 Infinity|   2.9285370632871136E-02|       1166|
 7|   3.400E+01|                 Infinity|   4.3979949713354248E-02|        517|
 7|   3.600E+01|                 Infinity|   7.0534561585859828E-02|        201|
 7|   3.800E+01|                 Infinity|   8.5749292571254410E-02|        136|
 7|   4.000E+01|                 Infinity|   1.0153461651336192E-01|         97|
 7|   4.200E+01|                 Infinity|   1.2500000000000000E-01|         64|
 7|   4.400E+01|                 Infinity|   1.3018891098082389E-01|         59|
 7|   4.600E+01|                 Infinity|   1.1043152607484653E-01|         82|
 7|   4.800E+01|                 Infinity|   1.6012815380508713E-01|         39|
 7|   5.000E+01|                 Infinity|   1.5249857033260467E-01|         43|
 7|   5.200E+01|                 Infinity|   1.7149858514250882E-01|         34|
 7|   5.400E+01|                 Infinity|   1.3608276348795434E-01|         54|
 7|   5.600E+01|                 Infinity|   1.5617376188860607E-01|         41|
 7|   5.800E+01|                 Infinity|   1.3130643285972254E-01|         58|
 7|   6.000E+01|                 Infinity|   1.1470786693528087E-01|         76|
 7|   6.200E+01|                 Infinity|   9.5346258924559238E-02|        110|
 7|   6.400E+01|                 Infinity|   1.0976425998969035E-01|         83|
 7|   6.600E+01|                 Infinity|   1.0101525445522107E-01|         98|
 7|   6.800E+01|                 Infinity|   9.0909090909090912E-02|        121|
 7|   7.000E+01|                 Infinity|   7.7849894416152296E-02|        165|
 7|   7.200E+01|                 Infinity|   6.7884423330213065E-02|        217|
 7|   7.400E+01|                 Infinity|   7.8811040623910061E-02|        161|
 7|   7.600E+01|                 Infinity|   4.4543540318737397E-02|        504|
 7|   7.800E+01|                 Infinity|   4.6077567758409141E-02|        471|
 7|   8.000E+01|                 Infinity|   4.7088160934801108E-02|        451|
 7|   8.200E+01|                 Infinity|   4.3193421279068007E-02|        536|
 7|   8.400E+01|                 Infinity|   4.0258484111423729E-02|        617|
 7|   8.600E+01|                 Infinity|   3.5179877236514591E-02|        808|
 7|   8.800E+01|                 Infinity|   1.9791312333191979E-02|       2553|
 7|   9.000E+01|                 Infinity|   1.6466623048469606E-02|       3688|
 7|   9.200E+01|                 Infinity|   2.0084532931834775E-02|       2479|
 7|   9.400E+01|                 Infinity|   2.9361010975735173E-02|       1160|
 7|   9.600E+01|                 Infinity|   4.1885390829169547E-02|        570|
 7|   9.800E+01|                 Infinity|   4.8737017882857933E-02|        421|
 7|   1.000E+02|                 Infinity|   7.0014004201400484E-02|        204|
 7|   1.020E+02|                 Infinity|   1.0976425998969035E-01|         83|
 7|   1.040E+02|                 Infinity|   1.4285714285714285E-01|         49|
 7|   1.060E+02|                 Infinity|   1.7960530202677491E-01|         31|
 7|   1.080E+02|                 Infinity|   1.7149858514250882E-01|         34|
 7|   1.100E+02|                 Infinity|   2.6726124191242440E-01|         14|
 7|   1.120E+02|                 Infinity|   2.2360679774997896E-01|         20|
 7|   1.140E+02|                 Infinity|   5.7735026918962584E-01|          3|
 7|   1.160E+02|                 Infinity|   7.0710678118654746E-01|          2|
 7|   1.180E+02|                 Infinity|   5.7735026918962584E-01|          3|
 7|   1.200E+02|                      NaN|   0.0000000000000000E+00|          0|
 7|   1.220E+02|                      NaN|   0.0000000000000000E+00|          0|
 7|   1.240E+02|                      NaN|   0.0000000000000000E+00|          0|
 7|   1.260E+02|                      NaN|   0.0000000000000000E+00|          0|
 7|   1.280E+02|                      NaN|   0.0000000000000000E+00|          0|
 7|   1.300E+02|                      NaN|   0.0000000000000000E+00|          0|
 7|   1.320E+02|                      NaN|   0.0000000000000000E+00|          0|
 7|   1.340E+02|                      NaN|   0.0000000000000000E+00|          0|
 7|   1.360E+02|                      NaN|   0.0000000000000000E+00|          0|
 7|   1.380E+02|                      NaN|   0.0000000000000000E+00|          0|
 7|   1.400E+02|                      NaN|   0.0000000000000000E+00|          0|
 7|   1.420E+02|                      NaN|   0.0000000000000000E+00|          0|
 7|   1.440E+02|                      NaN|   0.0000000000000000E+00|          0|
 7|   1.460E+02|                      NaN|   0.0000000000000000E+00|          0|
 7|   1.480E+02|                      NaN|   0.0000000000000000E+00|          0|
 7|   1.500E+02|                      NaN|   0.0000000000000000E+00|          0|
 7|   1.520E+02|                      NaN|   0.0000000000000000E+00|          0|
 7|   1.540E+02|                      NaN|   0.0000000000000000E+00|          0|
 7|   1.560E+02|                      NaN|   0.0000000000000000E+00|          0|
 7|   1.580E+02|                      NaN|   0.0000000000000000E+00|          0|
 7|   1.600E+02|                      NaN|   0.0000000000000000E+00|          0|
 7|   1.620E+02|                      NaN|   0.0000000000000000E+00|          0|
 7|   1.640E+02|                      NaN|   0.0000000000000000E+00|          0|
 7|   1.660E+02|                      NaN|   0.0000000000000000E+00|          0|
 7|   1.680E+02|                      NaN|   0.0000000000000000E+00|          0|
 7|   1.700E+02|                      NaN|   0.0000000000000000E+00|          0|
 7|   1.720E+02|                      NaN|   0.0000000000000000E+00|          0|
 7|   1.740E+02|                      NaN|   0.0000000000000000E+00|          0|
 7|   1.760E+02|                      NaN|   0.0000000000000000E+00|          0|
 7|   1.780E+02|                      NaN|   0.0000000000000000E+00|          0|
 7|   1.800E+02|                      NaN|   0.0000000000000000E+00|          0|
 7|   1.820E+02|                      NaN|   0.0000000000000000E+00|          0|
 7|   1.840E+02|                      NaN|   0.0000000000000000E+00|          0|
 7|   1.860E+02|                      NaN|   0.0000000000000000E+00|          0|
 7|   1.880E+02|                      NaN|   0.0000000000000000E+00|          0|
 7|   1.900E+02|                      NaN|   0.0000000000000000E+00|          0|
 7|   1.920E+02|                      NaN|   0.0000000000000000E+00|          0|
 7|   1.940E+02|                      NaN|   0.0000000000000000E+00|          0|
 7|   1.960E+02|                      NaN|   0.0000000000000000E+00|          0|
 7|   1.980E+02|                      NaN|   0.0000000000000000E+00|          0|
# integrated result:   1.7010875963510706E-05
#
# Histogram 8: m_4l                                              
 8|   1.000E+02|                 Infinity|   6.0512779454853912E-03|      27309|
 8|   1.400E+02|                      NaN|   0.0000000000000000E+00|          0|
 8|   1.800E+02|                      NaN|   0.0000000000000000E+00|          0|
 8|   2.200E+02|                      NaN|   0.0000000000000000E+00|          0|
 8|   2.600E+02|                      NaN|   0.0000000000000000E+00|          0|
 8|   3.000E+02|                      NaN|   0.0000000000000000E+00|          0|
 8|   3.400E+02|                      NaN|   0.0000000000000000E+00|          0|
 8|   3.800E+02|                      NaN|   0.0000000000000000E+00|          0|
 8|   4.200E+02|                      NaN|   0.0000000000000000E+00|          0|
 8|   4.600E+02|                      NaN|   0.0000000000000000E+00|          0|
 8|   5.000E+02|                      NaN|   0.0000000000000000E+00|          0|
 8|   5.400E+02|                      NaN|   0.0000000000000000E+00|          0|
 8|   5.800E+02|                      NaN|   0.0000000000000000E+00|          0|
 8|   6.200E+02|                      NaN|   0.0000000000000000E+00|          0|
 8|   6.600E+02|                      NaN|   0.0000000000000000E+00|          0|
 8|   7.000E+02|                      NaN|   0.0000000000000000E+00|          0|
 8|   7.400E+02|                      NaN|   0.0000000000000000E+00|          0|
 8|   7.800E+02|                      NaN|   0.0000000000000000E+00|          0|
 8|   8.200E+02|                      NaN|   0.0000000000000000E+00|          0|
 8|   8.600E+02|                      NaN|   0.0000000000000000E+00|          0|
 8|   9.000E+02|                      NaN|   0.0000000000000000E+00|          0|
 8|   9.400E+02|                      NaN|   0.0000000000000000E+00|          0|
 8|   9.800E+02|                      NaN|   0.0000000000000000E+00|          0|
 8|   1.020E+03|                      NaN|   0.0000000000000000E+00|          0|
 8|   1.060E+03|                      NaN|   0.0000000000000000E+00|          0|
 8|   1.100E+03|                      NaN|   0.0000000000000000E+00|          0|
 8|   1.140E+03|                      NaN|   0.0000000000000000E+00|          0|
 8|   1.180E+03|                      NaN|   0.0000000000000000E+00|          0|
 8|   1.220E+03|                      NaN|   0.0000000000000000E+00|          0|
 8|   1.260E+03|                      NaN|   0.0000000000000000E+00|          0|
 8|   1.300E+03|                      NaN|   0.0000000000000000E+00|          0|
 8|   1.340E+03|                      NaN|   0.0000000000000000E+00|          0|
 8|   1.380E+03|                      NaN|   0.0000000000000000E+00|          0|
 8|   1.420E+03|                      NaN|   0.0000000000000000E+00|          0|
 8|   1.460E+03|                      NaN|   0.0000000000000000E+00|          0|
 8|   1.500E+03|                      NaN|   0.0000000000000000E+00|          0|
 8|   1.540E+03|                      NaN|   0.0000000000000000E+00|          0|
 8|   1.580E+03|                      NaN|   0.0000000000000000E+00|          0|
 8|   1.620E+03|                      NaN|   0.0000000000000000E+00|          0|
 8|   1.660E+03|                      NaN|   0.0000000000000000E+00|          0|
 8|   1.700E+03|                      NaN|   0.0000000000000000E+00|          0|
 8|   1.740E+03|                      NaN|   0.0000000000000000E+00|          0|
 8|   1.780E+03|                      NaN|   0.0000000000000000E+00|          0|
 8|   1.820E+03|                      NaN|   0.0000000000000000E+00|          0|
 8|   1.860E+03|                      NaN|   0.0000000000000000E+00|          0|
 8|   1.900E+03|                      NaN|   0.0000000000000000E+00|          0|
 8|   1.940E+03|                      NaN|   0.0000000000000000E+00|          0|
 8|   1.980E+03|                      NaN|   0.0000000000000000E+00|          0|
 8|   2.020E+03|                      NaN|   0.0000000000000000E+00|          0|
 8|   2.060E+03|                      NaN|   0.0000000000000000E+00|          0|
 8|   2.100E+03|                      NaN|   0.0000000000000000E+00|          0|
 8|   2.140E+03|                      NaN|   0.0000000000000000E+00|          0|
 8|   2.180E+03|                      NaN|   0.0000000000000000E+00|          0|
 8|   2.220E+03|                      NaN|   0.0000000000000000E+00|          0|
 8|   2.260E+03|                      NaN|   0.0000000000000000E+00|          0|
 8|   2.300E+03|                      NaN|   0.0000000000000000E+00|          0|
 8|   2.340E+03|                      NaN|   0.0000000000000000E+00|          0|
 8|   2.380E+03|                      NaN|   0.0000000000000000E+00|          0|
 8|   2.420E+03|                      NaN|   0.0000000000000000E+00|          0|
 8|   2.460E+03|                      NaN|   0.0000000000000000E+00|          0|
 8|   2.500E+03|                      NaN|   0.0000000000000000E+00|          0|
 8|   2.540E+03|                      NaN|   0.0000000000000000E+00|          0|
 8|   2.580E+03|                      NaN|   0.0000000000000000E+00|          0|
 8|   2.620E+03|                      NaN|   0.0000000000000000E+00|          0|
 8|   2.660E+03|                      NaN|   0.0000000000000000E+00|          0|
 8|   2.700E+03|                      NaN|   0.0000000000000000E+00|          0|
 8|   2.740E+03|                      NaN|   0.0000000000000000E+00|          0|
 8|   2.780E+03|                      NaN|   0.0000000000000000E+00|          0|
 8|   2.820E+03|                      NaN|   0.0000000000000000E+00|          0|
 8|   2.860E+03|                      NaN|   0.0000000000000000E+00|          0|
 8|   2.900E+03|                      NaN|   0.0000000000000000E+00|          0|
 8|   2.940E+03|                      NaN|   0.0000000000000000E+00|          0|
 8|   2.980E+03|                      NaN|   0.0000000000000000E+00|          0|
 8|   3.020E+03|                      NaN|   0.0000000000000000E+00|          0|
 8|   3.060E+03|                      NaN|   0.0000000000000000E+00|          0|
 8|   3.100E+03|                      NaN|   0.0000000000000000E+00|          0|
 8|   3.140E+03|                      NaN|   0.0000000000000000E+00|          0|
 8|   3.180E+03|                      NaN|   0.0000000000000000E+00|          0|
 8|   3.220E+03|                      NaN|   0.0000000000000000E+00|          0|
 8|   3.260E+03|                      NaN|   0.0000000000000000E+00|          0|
 8|   3.300E+03|                      NaN|   0.0000000000000000E+00|          0|
 8|   3.340E+03|                      NaN|   0.0000000000000000E+00|          0|
 8|   3.380E+03|                      NaN|   0.0000000000000000E+00|          0|
 8|   3.420E+03|                      NaN|   0.0000000000000000E+00|          0|
 8|   3.460E+03|                      NaN|   0.0000000000000000E+00|          0|
 8|   3.500E+03|                      NaN|   0.0000000000000000E+00|          0|
 8|   3.540E+03|                      NaN|   0.0000000000000000E+00|          0|
 8|   3.580E+03|                      NaN|   0.0000000000000000E+00|          0|
 8|   3.620E+03|                      NaN|   0.0000000000000000E+00|          0|
 8|   3.660E+03|                      NaN|   0.0000000000000000E+00|          0|
 8|   3.700E+03|                      NaN|   0.0000000000000000E+00|          0|
 8|   3.740E+03|                      NaN|   0.0000000000000000E+00|          0|
 8|   3.780E+03|                      NaN|   0.0000000000000000E+00|          0|
 8|   3.820E+03|                      NaN|   0.0000000000000000E+00|          0|
 8|   3.860E+03|                      NaN|   0.0000000000000000E+00|          0|
 8|   3.900E+03|                      NaN|   0.0000000000000000E+00|          0|
 8|   3.940E+03|                      NaN|   0.0000000000000000E+00|          0|
 8|   3.980E+03|                      NaN|   0.0000000000000000E+00|          0|
 8|   4.020E+03|                      NaN|   0.0000000000000000E+00|          0|
 8|   4.060E+03|                      NaN|   0.0000000000000000E+00|          0|
# integrated result:   1.7010875963510713E-05
#
# Histogram 9: m_4l                                              
 9|   8.500E+01|                      NaN|   0.0000000000000000E+00|          0|
 9|   8.600E+01|                      NaN|   0.0000000000000000E+00|          0|
 9|   8.700E+01|                      NaN|   0.0000000000000000E+00|          0|
 9|   8.800E+01|                      NaN|   0.0000000000000000E+00|          0|
 9|   8.900E+01|                      NaN|   0.0000000000000000E+00|          0|
 9|   9.000E+01|                      NaN|   0.0000000000000000E+00|          0|
 9|   9.100E+01|                      NaN|   0.0000000000000000E+00|          0|
 9|   9.200E+01|                      NaN|   0.0000000000000000E+00|          0|
 9|   9.300E+01|                      NaN|   0.0000000000000000E+00|          0|
 9|   9.400E+01|                      NaN|   0.0000000000000000E+00|          0|
 9|   9.500E+01|                      NaN|   0.0000000000000000E+00|          0|
 9|   9.600E+01|                      NaN|   0.0000000000000000E+00|          0|
 9|   9.700E+01|                      NaN|   0.0000000000000000E+00|          0|
 9|   9.800E+01|                      NaN|   0.0000000000000000E+00|          0|
 9|   9.900E+01|                      NaN|   0.0000000000000000E+00|          0|
 9|   1.000E+02|                      NaN|   0.0000000000000000E+00|          0|
 9|   1.010E+02|                      NaN|   0.0000000000000000E+00|          0|
 9|   1.020E+02|                      NaN|   0.0000000000000000E+00|          0|
 9|   1.030E+02|                      NaN|   0.0000000000000000E+00|          0|
 9|   1.040E+02|                      NaN|   0.0000000000000000E+00|          0|
 9|   1.050E+02|                      NaN|   0.0000000000000000E+00|          0|
 9|   1.060E+02|                      NaN|   0.0000000000000000E+00|          0|
 9|   1.070E+02|                      NaN|   0.0000000000000000E+00|          0|
 9|   1.080E+02|                      NaN|   0.0000000000000000E+00|          0|
 9|   1.090E+02|                      NaN|   0.0000000000000000E+00|          0|
 9|   1.100E+02|                      NaN|   0.0000000000000000E+00|          0|
 9|   1.110E+02|                      NaN|   0.0000000000000000E+00|          0|
 9|   1.120E+02|                      NaN|   0.0000000000000000E+00|          0|
 9|   1.130E+02|                      NaN|   0.0000000000000000E+00|          0|
 9|   1.140E+02|                      NaN|   0.0000000000000000E+00|          0|
 9|   1.150E+02|                      NaN|   0.0000000000000000E+00|          0|
 9|   1.160E+02|                      NaN|   0.0000000000000000E+00|          0|
 9|   1.170E+02|                      NaN|   0.0000000000000000E+00|          0|
 9|   1.180E+02|                      NaN|   0.0000000000000000E+00|          0|
 9|   1.190E+02|                      NaN|   0.0000000000000000E+00|          0|
 9|   1.200E+02|                      NaN|   0.0000000000000000E+00|          0|
 9|   1.210E+02|                      NaN|   0.0000000000000000E+00|          0|
 9|   1.220E+02|                      NaN|   0.0000000000000000E+00|          0|
 9|   1.230E+02|                      NaN|   0.0000000000000000E+00|          0|
 9|   1.240E+02|                 Infinity|   8.8718188449866658E-03|      12705|
 9|   1.250E+02|                 Infinity|   8.2749254122272218E-03|      14604|
 9|   1.260E+02|                      NaN|   0.0000000000000000E+00|          0|
 9|   1.270E+02|                      NaN|   0.0000000000000000E+00|          0|
 9|   1.280E+02|                      NaN|   0.0000000000000000E+00|          0|
 9|   1.290E+02|                      NaN|   0.0000000000000000E+00|          0|
 9|   1.300E+02|                      NaN|   0.0000000000000000E+00|          0|
 9|   1.310E+02|                      NaN|   0.0000000000000000E+00|          0|
 9|   1.320E+02|                      NaN|   0.0000000000000000E+00|          0|
 9|   1.330E+02|                      NaN|   0.0000000000000000E+00|          0|
 9|   1.340E+02|                      NaN|   0.0000000000000000E+00|          0|
# integrated result:   1.7010875963510835E-05
#
# Histogram10: Phi1                                              
10|  -3.142E+00|                 Infinity|   4.5314325442944378E-02|        487|
10|  -2.985E+00|                 Infinity|   4.1309619238601381E-02|        586|
10|  -2.827E+00|                 Infinity|   4.0756957296961119E-02|        602|
10|  -2.670E+00|                 Infinity|   4.1169348479630913E-02|        590|
10|  -2.513E+00|                 Infinity|   3.8291979053374177E-02|        682|
10|  -2.356E+00|                 Infinity|   3.5668818750321081E-02|        786|
10|  -2.199E+00|                 Infinity|   3.6442025853950177E-02|        753|
10|  -2.042E+00|                 Infinity|   3.5466345106595430E-02|        795|
10|  -1.885E+00|                 Infinity|   3.4482758620689655E-02|        841|
10|  -1.728E+00|                 Infinity|   3.3557802760701215E-02|        888|
10|  -1.571E+00|                 Infinity|   3.5533452725935076E-02|        792|
10|  -1.414E+00|                 Infinity|   3.5714285714285712E-02|        784|
10|  -1.257E+00|                 Infinity|   3.8014296063485276E-02|        692|
10|  -1.100E+00|                 Infinity|   3.8633370464312790E-02|        670|
10|  -9.425E-01|                 Infinity|   3.8720154633118314E-02|        667|
10|  -7.854E-01|                 Infinity|   3.9497625276668211E-02|        641|
10|  -6.283E-01|                 Infinity|   3.9683789506627251E-02|        635|
10|  -4.713E-01|                 Infinity|   4.1522739926869986E-02|        580|
10|  -3.142E-01|                 Infinity|   4.5738935374634825E-02|        478|
10|  -1.571E-01|                 Infinity|   4.4946657497549475E-02|        495|
10|  -3.000E-05|                 Infinity|   4.4632184267745179E-02|        502|
10|   1.570E-01|                 Infinity|   4.2678959977631992E-02|        549|
10|   3.141E-01|                 Infinity|   4.2562826537937429E-02|        552|
10|   4.712E-01|                 Infinity|   3.9314056698537575E-02|        647|
10|   6.283E-01|                 Infinity|   3.8547167224584990E-02|        673|
10|   7.854E-01|                 Infinity|   3.8208035995043507E-02|        685|
10|   9.424E-01|                 Infinity|   3.8152379685825785E-02|        687|
10|   1.100E+00|                 Infinity|   3.7529331252040075E-02|        710|
10|   1.257E+00|                 Infinity|   3.5267280792929914E-02|        804|
10|   1.414E+00|                 Infinity|   3.4380708208626445E-02|        846|
10|   1.571E+00|                 Infinity|   3.2174472604389340E-02|        966|
10|   1.728E+00|                 Infinity|   3.3463724070512735E-02|        893|
10|   1.885E+00|                 Infinity|   3.5049981861639080E-02|        814|
10|   2.042E+00|                 Infinity|   3.5311227577322434E-02|        802|
10|   2.199E+00|                 Infinity|   3.5245368842512066E-02|        805|
10|   2.356E+00|                 Infinity|   3.8778336716474064E-02|        665|
10|   2.513E+00|                 Infinity|   4.1204282171516463E-02|        589|
10|   2.670E+00|                 Infinity|   4.1134503489486357E-02|        591|
10|   2.827E+00|                 Infinity|   4.2796049251091289E-02|        546|
10|   2.984E+00|                 Infinity|   4.3073049225394802E-02|        539|
# integrated result:   1.7010875963510726E-05
#
