#
# column #1=histogram, #2=x-axis bin, #3=binned cross-section, #4=error, #5=number of events 
# this can be easily plotted in gnuplot with the commands:
#    NHi=3
#    plot 'output.dat' using ($2):($1==NHi ? $3 : 1/0) w st
# where NHi selects the histogram
#
#
# run time =      -0.05min
# TotCS =      1.6000832534E-08           6.37747E-09
#
# Histogram 1: m_jj                                              
 1|   0.000E+00|                 Infinity|   4.5083481733371615E-02|        492|
 1|   5.000E+01|                 Infinity|   1.5386436372416590E-02|       4224|
 1|   1.000E+02|                 Infinity|   1.1696106429438607E-02|       7310|
 1|   1.500E+02|                 Infinity|   1.1824594246010053E-02|       7152|
 1|   2.000E+02|                 Infinity|   1.4541705431976481E-02|       4729|
 1|   2.500E+02|                 Infinity|   1.8420861280135682E-02|       2947|
 1|   3.000E+02|                 Infinity|   2.7972711943222969E-02|       1278|
 1|   3.500E+02|                 Infinity|   3.7823473723611688E-02|        699|
 1|   4.000E+02|                 Infinity|   5.2851642258168990E-02|        358|
 1|   4.500E+02|                 Infinity|   6.4549722436790274E-02|        240|
 1|   5.000E+02|                 Infinity|   8.2478609884232251E-02|        147|
 1|   5.500E+02|                 Infinity|   1.1322770341445956E-01|         78|
 1|   6.000E+02|                 Infinity|   1.4586499149789456E-01|         47|
 1|   6.500E+02|                 Infinity|   1.3867504905630729E-01|         52|
 1|   7.000E+02|                 Infinity|   1.9245008972987526E-01|         27|
 1|   7.500E+02|                 Infinity|   2.5000000000000000E-01|         16|
 1|   8.000E+02|                 Infinity|   2.5000000000000000E-01|         16|
 1|   8.500E+02|                 Infinity|   3.7796447300922720E-01|          7|
 1|   9.000E+02|                 Infinity|   3.3333333333333331E-01|          9|
 1|   9.500E+02|                 Infinity|   3.7796447300922720E-01|          7|
 1|   1.000E+03|                 Infinity|   4.4721359549995793E-01|          5|
 1|   1.050E+03|                 Infinity|   1.0000000000000000E+00|          1|
 1|   1.100E+03|                      NaN|   0.0000000000000000E+00|          0|
 1|   1.150E+03|                 Infinity|   7.0710678118654746E-01|          2|
 1|   1.200E+03|                 Infinity|   1.0000000000000000E+00|          1|
 1|   1.250E+03|                 Infinity|   1.0000000000000000E+00|          1|
 1|   1.300E+03|                 Infinity|   1.0000000000000000E+00|          1|
 1|   1.350E+03|                      NaN|   0.0000000000000000E+00|          0|
 1|   1.400E+03|                 Infinity|   7.0710678118654746E-01|          2|
 1|   1.450E+03|                      NaN|   0.0000000000000000E+00|          0|
 1|   1.500E+03|                 Infinity|   1.0000000000000000E+00|          1|
 1|   1.550E+03|                 Infinity|   1.0000000000000000E+00|          1|
 1|   1.600E+03|                      NaN|   0.0000000000000000E+00|          0|
 1|   1.650E+03|                 Infinity|   1.0000000000000000E+00|          1|
 1|   1.700E+03|                      NaN|   0.0000000000000000E+00|          0|
 1|   1.750E+03|                 Infinity|   1.0000000000000000E+00|          1|
 1|   1.800E+03|                 Infinity|   1.0000000000000000E+00|          1|
 1|   1.850E+03|                      NaN|   0.0000000000000000E+00|          0|
 1|   1.900E+03|                      NaN|   0.0000000000000000E+00|          0|
 1|   1.950E+03|                 Infinity|   1.0000000000000000E+00|          1|
 1|   2.000E+03|                 Infinity|   1.0000000000000000E+00|          1|
 1|   2.050E+03|                      NaN|   0.0000000000000000E+00|          0|
 1|   2.100E+03|                      NaN|   0.0000000000000000E+00|          0|
 1|   2.150E+03|                 Infinity|   1.0000000000000000E+00|          1|
 1|   2.200E+03|                 Infinity|   1.0000000000000000E+00|          1|
 1|   2.250E+03|                      NaN|   0.0000000000000000E+00|          0|
 1|   2.300E+03|                      NaN|   0.0000000000000000E+00|          0|
 1|   2.350E+03|                      NaN|   0.0000000000000000E+00|          0|
 1|   2.400E+03|                      NaN|   0.0000000000000000E+00|          0|
 1|   2.450E+03|                      NaN|   0.0000000000000000E+00|          0|
 1|   2.500E+03|                      NaN|   0.0000000000000000E+00|          0|
 1|   2.550E+03|                      NaN|   0.0000000000000000E+00|          0|
 1|   2.600E+03|                      NaN|   0.0000000000000000E+00|          0|
 1|   2.650E+03|                      NaN|   0.0000000000000000E+00|          0|
 1|   2.700E+03|                      NaN|   0.0000000000000000E+00|          0|
 1|   2.750E+03|                      NaN|   0.0000000000000000E+00|          0|
 1|   2.800E+03|                      NaN|   0.0000000000000000E+00|          0|
 1|   2.850E+03|                      NaN|   0.0000000000000000E+00|          0|
 1|   2.900E+03|                      NaN|   0.0000000000000000E+00|          0|
 1|   2.950E+03|                      NaN|   0.0000000000000000E+00|          0|
 1|   3.000E+03|                      NaN|   0.0000000000000000E+00|          0|
 1|   3.050E+03|                      NaN|   0.0000000000000000E+00|          0|
 1|   3.100E+03|                      NaN|   0.0000000000000000E+00|          0|
 1|   3.150E+03|                      NaN|   0.0000000000000000E+00|          0|
 1|   3.200E+03|                      NaN|   0.0000000000000000E+00|          0|
 1|   3.250E+03|                      NaN|   0.0000000000000000E+00|          0|
 1|   3.300E+03|                      NaN|   0.0000000000000000E+00|          0|
 1|   3.350E+03|                      NaN|   0.0000000000000000E+00|          0|
 1|   3.400E+03|                      NaN|   0.0000000000000000E+00|          0|
 1|   3.450E+03|                      NaN|   0.0000000000000000E+00|          0|
 1|   3.500E+03|                      NaN|   0.0000000000000000E+00|          0|
 1|   3.550E+03|                      NaN|   0.0000000000000000E+00|          0|
 1|   3.600E+03|                      NaN|   0.0000000000000000E+00|          0|
 1|   3.650E+03|                      NaN|   0.0000000000000000E+00|          0|
 1|   3.700E+03|                      NaN|   0.0000000000000000E+00|          0|
 1|   3.750E+03|                      NaN|   0.0000000000000000E+00|          0|
 1|   3.800E+03|                      NaN|   0.0000000000000000E+00|          0|
 1|   3.850E+03|                      NaN|   0.0000000000000000E+00|          0|
 1|   3.900E+03|                      NaN|   0.0000000000000000E+00|          0|
 1|   3.950E+03|                      NaN|   0.0000000000000000E+00|          0|
 1|   4.000E+03|                      NaN|   0.0000000000000000E+00|          0|
 1|   4.050E+03|                      NaN|   0.0000000000000000E+00|          0|
 1|   4.100E+03|                      NaN|   0.0000000000000000E+00|          0|
 1|   4.150E+03|                      NaN|   0.0000000000000000E+00|          0|
 1|   4.200E+03|                      NaN|   0.0000000000000000E+00|          0|
 1|   4.250E+03|                      NaN|   0.0000000000000000E+00|          0|
 1|   4.300E+03|                      NaN|   0.0000000000000000E+00|          0|
 1|   4.350E+03|                      NaN|   0.0000000000000000E+00|          0|
 1|   4.400E+03|                      NaN|   0.0000000000000000E+00|          0|
 1|   4.450E+03|                      NaN|   0.0000000000000000E+00|          0|
 1|   4.500E+03|                      NaN|   0.0000000000000000E+00|          0|
 1|   4.550E+03|                      NaN|   0.0000000000000000E+00|          0|
 1|   4.600E+03|                      NaN|   0.0000000000000000E+00|          0|
 1|   4.650E+03|                      NaN|   0.0000000000000000E+00|          0|
 1|   4.700E+03|                      NaN|   0.0000000000000000E+00|          0|
 1|   4.750E+03|                      NaN|   0.0000000000000000E+00|          0|
 1|   4.800E+03|                      NaN|   0.0000000000000000E+00|          0|
 1|   4.850E+03|                      NaN|   0.0000000000000000E+00|          0|
 1|   4.900E+03|                      NaN|   0.0000000000000000E+00|          0|
 1|   4.950E+03|                      NaN|   0.0000000000000000E+00|          0|
# integrated result:   1.6000832533660563E-08
#
# Histogram 2: m_jj                                              
 2|   0.000E+00|                      NaN|   0.0000000000000000E+00|          0|
 2|   2.000E+00|                      NaN|   0.0000000000000000E+00|          0|
 2|   4.000E+00|                      NaN|   0.0000000000000000E+00|          0|
 2|   6.000E+00|                      NaN|   0.0000000000000000E+00|          0|
 2|   8.000E+00|                      NaN|   0.0000000000000000E+00|          0|
 2|   1.000E+01|                      NaN|   0.0000000000000000E+00|          0|
 2|   1.200E+01|                      NaN|   0.0000000000000000E+00|          0|
 2|   1.400E+01|                      NaN|   0.0000000000000000E+00|          0|
 2|   1.600E+01|                      NaN|   0.0000000000000000E+00|          0|
 2|   1.800E+01|                      NaN|   0.0000000000000000E+00|          0|
 2|   2.000E+01|                      NaN|   0.0000000000000000E+00|          0|
 2|   2.200E+01|                      NaN|   0.0000000000000000E+00|          0|
 2|   2.400E+01|                      NaN|   0.0000000000000000E+00|          0|
 2|   2.600E+01|                      NaN|   0.0000000000000000E+00|          0|
 2|   2.800E+01|                      NaN|   0.0000000000000000E+00|          0|
 2|   3.000E+01|                 Infinity|   2.3570226039551587E-01|         18|
 2|   3.200E+01|                 Infinity|   1.7677669529663687E-01|         32|
 2|   3.400E+01|                 Infinity|   1.7407765595569785E-01|         33|
 2|   3.600E+01|                 Infinity|   1.6439898730535729E-01|         37|
 2|   3.800E+01|                 Infinity|   1.5075567228888181E-01|         44|
 2|   4.000E+01|                 Infinity|   1.3736056394868904E-01|         53|
 2|   4.200E+01|                 Infinity|   1.2803687993289598E-01|         61|
 2|   4.400E+01|                 Infinity|   1.2598815766974239E-01|         63|
 2|   4.600E+01|                 Infinity|   1.2038585308576920E-01|         69|
 2|   4.800E+01|                 Infinity|   1.1043152607484653E-01|         82|
 2|   5.000E+01|                 Infinity|   1.1396057645963795E-01|         77|
 2|   5.200E+01|                 Infinity|   1.0206207261596577E-01|         96|
 2|   5.400E+01|                 Infinity|   1.0482848367219183E-01|         91|
 2|   5.600E+01|                 Infinity|   9.3250480824031381E-02|        115|
 2|   5.800E+01|                 Infinity|   9.8532927816429319E-02|        103|
 2|   6.000E+01|                 Infinity|   8.9087080637474794E-02|        126|
 2|   6.200E+01|                 Infinity|   9.3250480824031381E-02|        115|
 2|   6.400E+01|                 Infinity|   7.9305158571814416E-02|        159|
 2|   6.600E+01|                 Infinity|   8.0845208345444328E-02|        153|
 2|   6.800E+01|                 Infinity|   8.1923192051904056E-02|        149|
 2|   7.000E+01|                 Infinity|   7.6249285166302333E-02|        172|
 2|   7.200E+01|                 Infinity|   7.9056941504209485E-02|        160|
 2|   7.400E+01|                 Infinity|   7.4124931666110117E-02|        182|
 2|   7.600E+01|                 Infinity|   7.6471911290187253E-02|        171|
 2|   7.800E+01|                 Infinity|   7.6028592126970551E-02|        173|
 2|   8.000E+01|                 Infinity|   7.4953168899586142E-02|        178|
 2|   8.200E+01|                 Infinity|   6.7267279399631244E-02|        221|
 2|   8.400E+01|                 Infinity|   7.2932495748947279E-02|        188|
 2|   8.600E+01|                 Infinity|   7.0710678118654752E-02|        200|
 2|   8.800E+01|                 Infinity|   6.5653216429861272E-02|        232|
 2|   9.000E+01|                 Infinity|   6.3372425052447792E-02|        249|
 2|   9.200E+01|                 Infinity|   6.9504804685691590E-02|        207|
 2|   9.400E+01|                 Infinity|   6.6372331159997203E-02|        227|
 2|   9.600E+01|                 Infinity|   6.3372425052447792E-02|        249|
 2|   9.800E+01|                 Infinity|   6.5795169495976899E-02|        231|
 2|   1.000E+02|                 Infinity|   6.3887656499993992E-02|        245|
 2|   1.020E+02|                 Infinity|   6.4684622735315084E-02|        239|
 2|   1.040E+02|                 Infinity|   6.1429511683395117E-02|        265|
 2|   1.060E+02|                 Infinity|   6.1662641597820735E-02|        263|
 2|   1.080E+02|                 Infinity|   6.0633906259083242E-02|        272|
 2|   1.100E+02|                 Infinity|   6.4820372355216441E-02|        238|
 2|   1.120E+02|                 Infinity|   6.2869461346193145E-02|        253|
 2|   1.140E+02|                 Infinity|   5.7259833431386825E-02|        305|
 2|   1.160E+02|                 Infinity|   5.9654998627189357E-02|        281|
 2|   1.180E+02|                 Infinity|   6.0084176812610968E-02|        277|
 2|   1.200E+02|                 Infinity|   5.7448498962142602E-02|        303|
 2|   1.220E+02|                 Infinity|   6.0522753266880246E-02|        273|
 2|   1.240E+02|                 Infinity|   5.5215763037423267E-02|        328|
 2|   1.260E+02|                 Infinity|   5.9028133610095526E-02|        287|
 2|   1.280E+02|                 Infinity|   5.5727821257535282E-02|        322|
 2|   1.300E+02|                 Infinity|   5.7735026918962568E-02|        300|
 2|   1.320E+02|                 Infinity|   5.3682812709501898E-02|        347|
 2|   1.340E+02|                 Infinity|   5.6613851707229781E-02|        312|
 2|   1.360E+02|                 Infinity|   5.7166195047502949E-02|        306|
 2|   1.380E+02|                 Infinity|   5.5215763037423267E-02|        328|
 2|   1.400E+02|                 Infinity|   5.5470019622522911E-02|        325|
 2|   1.420E+02|                 Infinity|   5.5384877562171128E-02|        326|
 2|   1.440E+02|                 Infinity|   5.7353933467640436E-02|        304|
 2|   1.460E+02|                 Infinity|   5.7639041770423498E-02|        301|
 2|   1.480E+02|                 Infinity|   5.6796183424706478E-02|        310|
 2|   1.500E+02|                 Infinity|   5.6613851707229781E-02|        312|
 2|   1.520E+02|                 Infinity|   5.8925565098878967E-02|        288|
 2|   1.540E+02|                 Infinity|   5.7448498962142602E-02|        303|
 2|   1.560E+02|                 Infinity|   5.6077215409204434E-02|        318|
 2|   1.580E+02|                 Infinity|   6.3757671306333821E-02|        246|
 2|   1.600E+02|                 Infinity|   5.8420623783698597E-02|        293|
 2|   1.620E+02|                 Infinity|   5.9028133610095526E-02|        287|
 2|   1.640E+02|                 Infinity|   5.7259833431386825E-02|        305|
 2|   1.660E+02|                 Infinity|   5.5300126360933101E-02|        327|
 2|   1.680E+02|                 Infinity|   5.5470019622522911E-02|        325|
 2|   1.700E+02|                 Infinity|   6.0084176812610968E-02|        277|
 2|   1.720E+02|                 Infinity|   5.9443829827776400E-02|        283|
 2|   1.740E+02|                 Infinity|   6.2136976600120006E-02|        259|
 2|   1.760E+02|                 Infinity|   5.8722021951470346E-02|        290|
 2|   1.780E+02|                 Infinity|   5.8520573598065284E-02|        292|
 2|   1.800E+02|                 Infinity|   6.0412209333017698E-02|        274|
 2|   1.820E+02|                 Infinity|   5.7353933467640436E-02|        304|
 2|   1.840E+02|                 Infinity|   6.0412209333017698E-02|        274|
 2|   1.860E+02|                 Infinity|   5.9549133417541367E-02|        282|
 2|   1.880E+02|                 Infinity|   5.8925565098878967E-02|        288|
 2|   1.900E+02|                 Infinity|   6.1780206321521543E-02|        262|
 2|   1.920E+02|                 Infinity|   6.2622429108514954E-02|        255|
 2|   1.940E+02|                 Infinity|   5.9868434008924963E-02|        279|
 2|   1.960E+02|                 Infinity|   6.0412209333017698E-02|        274|
 2|   1.980E+02|                 Infinity|   6.2622429108514954E-02|        255|
# integrated result:   1.6000832533660553E-08
#
# Histogram 3: pT(H)                                             
 3|   0.000E+00|                 Infinity|   2.4042351841717248E-02|       1730|
 3|   1.000E+01|                 Infinity|   1.8881372801234024E-02|       2805|
 3|   2.000E+01|                 Infinity|   1.6572562308756485E-02|       3641|
 3|   3.000E+01|                 Infinity|   1.7917234365811652E-02|       3115|
 3|   4.000E+01|                 Infinity|   2.1491713855208944E-02|       2165|
 3|   5.000E+01|                 Infinity|   2.5000000000000001E-02|       1600|
 3|   6.000E+01|                 Infinity|   2.5523828044507795E-02|       1535|
 3|   7.000E+01|                 Infinity|   2.6020147394144395E-02|       1477|
 3|   8.000E+01|                 Infinity|   2.7389551783238836E-02|       1333|
 3|   9.000E+01|                 Infinity|   2.8843487226888051E-02|       1202|
 3|   1.000E+02|                 Infinity|   3.0860669992418384E-02|       1050|
 3|   1.100E+02|                 Infinity|   3.1341957040361135E-02|       1018|
 3|   1.200E+02|                 Infinity|   3.2530002431617772E-02|        945|
 3|   1.300E+02|                 Infinity|   3.2686022523030669E-02|        936|
 3|   1.400E+02|                 Infinity|   3.5897907930886909E-02|        776|
 3|   1.500E+02|                 Infinity|   3.7037037037037035E-02|        729|
 3|   1.600E+02|                 Infinity|   4.0522044923655388E-02|        609|
 3|   1.700E+02|                 Infinity|   4.1996052556580801E-02|        567|
 3|   1.800E+02|                 Infinity|   4.5980048987170286E-02|        473|
 3|   1.900E+02|                 Infinity|   5.2057920629535355E-02|        369|
 3|   2.000E+02|                 Infinity|   5.5989251095585432E-02|        319|
 3|   2.100E+02|                 Infinity|   6.2500000000000000E-02|        256|
 3|   2.200E+02|                 Infinity|   6.5512178208041838E-02|        233|
 3|   2.300E+02|                 Infinity|   7.1611487403943297E-02|        195|
 3|   2.400E+02|                 Infinity|   8.3918135829668908E-02|        142|
 3|   2.500E+02|                 Infinity|   8.9087080637474794E-02|        126|
 3|   2.600E+02|                 Infinity|   1.1043152607484653E-01|         82|
 3|   2.700E+02|                 Infinity|   1.2126781251816648E-01|         68|
 3|   2.800E+02|                 Infinity|   1.3245323570650439E-01|         57|
 3|   2.900E+02|                 Infinity|   1.7407765595569785E-01|         33|
 3|   3.000E+02|                 Infinity|   2.2360679774997896E-01|         20|
 3|   3.100E+02|                 Infinity|   1.8569533817705186E-01|         29|
 3|   3.200E+02|                 Infinity|   1.9245008972987526E-01|         27|
 3|   3.300E+02|                 Infinity|   2.0412414523193154E-01|         24|
 3|   3.400E+02|                 Infinity|   3.1622776601683794E-01|         10|
 3|   3.500E+02|                 Infinity|   2.8867513459481292E-01|         12|
 3|   3.600E+02|                 Infinity|   2.5819888974716110E-01|         15|
 3|   3.700E+02|                 Infinity|   2.5819888974716110E-01|         15|
 3|   3.800E+02|                 Infinity|   2.6726124191242440E-01|         14|
 3|   3.900E+02|                 Infinity|   2.8867513459481292E-01|         12|
 3|   4.000E+02|                 Infinity|   4.0824829046386307E-01|          6|
 3|   4.100E+02|                 Infinity|   2.7735009811261457E-01|         13|
 3|   4.200E+02|                 Infinity|   3.5355339059327373E-01|          8|
 3|   4.300E+02|                 Infinity|   4.4721359549995793E-01|          5|
 3|   4.400E+02|                 Infinity|   3.1622776601683794E-01|         10|
 3|   4.500E+02|                 Infinity|   4.0824829046386307E-01|          6|
 3|   4.600E+02|                 Infinity|   5.0000000000000000E-01|          4|
 3|   4.700E+02|                 Infinity|   5.0000000000000000E-01|          4|
 3|   4.800E+02|                 Infinity|   5.7735026918962584E-01|          3|
 3|   4.900E+02|                 Infinity|   5.0000000000000000E-01|          4|
# integrated result:   1.6000832533660557E-08
#
# Histogram 4: pT(j1)                                            
 4|   0.000E+00|                      NaN|   0.0000000000000000E+00|          0|
 4|   1.000E+01|                 Infinity|   7.1611487403943297E-02|        195|
 4|   2.000E+01|                 Infinity|   2.8329634983503674E-02|       1246|
 4|   3.000E+01|                 Infinity|   2.2827718722052640E-02|       1919|
 4|   4.000E+01|                 Infinity|   2.0933516060466586E-02|       2282|
 4|   5.000E+01|                 Infinity|   1.9920476822239894E-02|       2520|
 4|   6.000E+01|                 Infinity|   1.9596545041740514E-02|       2604|
 4|   7.000E+01|                 Infinity|   2.0174251088960080E-02|       2457|
 4|   8.000E+01|                 Infinity|   2.0437977982832194E-02|       2394|
 4|   9.000E+01|                 Infinity|   2.1238172967060986E-02|       2217|
 4|   1.000E+02|                 Infinity|   2.2721405353294154E-02|       1937|
 4|   1.100E+02|                 Infinity|   2.4361276856704795E-02|       1685|
 4|   1.200E+02|                 Infinity|   2.6306682088232822E-02|       1445|
 4|   1.300E+02|                 Infinity|   2.8318273589429951E-02|       1247|
 4|   1.400E+02|                 Infinity|   3.1083493608010462E-02|       1035|
 4|   1.500E+02|                 Infinity|   3.4179296351233165E-02|        856|
 4|   1.600E+02|                 Infinity|   3.7986858819879316E-02|        693|
 4|   1.700E+02|                 Infinity|   4.3073049225394802E-02|        539|
 4|   1.800E+02|                 Infinity|   4.8507125007266595E-02|        425|
 4|   1.900E+02|                 Infinity|   4.9875466805381644E-02|        402|
 4|   2.000E+02|                 Infinity|   5.4964970992931267E-02|        331|
 4|   2.100E+02|                 Infinity|   6.1084722178152612E-02|        268|
 4|   2.200E+02|                 Infinity|   7.1066905451870152E-02|        198|
 4|   2.300E+02|                 Infinity|   7.6923076923076927E-02|        169|
 4|   2.400E+02|                 Infinity|   9.4491118252306799E-02|        112|
 4|   2.500E+02|                 Infinity|   9.9503719020998915E-02|        101|
 4|   2.600E+02|                 Infinity|   1.0910894511799619E-01|         84|
 4|   2.700E+02|                 Infinity|   1.1952286093343936E-01|         70|
 4|   2.800E+02|                 Infinity|   1.3736056394868904E-01|         53|
 4|   2.900E+02|                 Infinity|   1.3736056394868904E-01|         53|
 4|   3.000E+02|                 Infinity|   1.4285714285714285E-01|         49|
 4|   3.100E+02|                 Infinity|   1.7960530202677491E-01|         31|
 4|   3.200E+02|                 Infinity|   1.8257418583505536E-01|         30|
 4|   3.300E+02|                 Infinity|   1.9245008972987526E-01|         27|
 4|   3.400E+02|                 Infinity|   1.9611613513818404E-01|         26|
 4|   3.500E+02|                 Infinity|   2.8867513459481292E-01|         12|
 4|   3.600E+02|                 Infinity|   2.5000000000000000E-01|         16|
 4|   3.700E+02|                 Infinity|   3.3333333333333331E-01|          9|
 4|   3.800E+02|                 Infinity|   2.7735009811261457E-01|         13|
 4|   3.900E+02|                 Infinity|   3.5355339059327373E-01|          8|
 4|   4.000E+02|                 Infinity|   4.0824829046386307E-01|          6|
 4|   4.100E+02|                 Infinity|   3.7796447300922720E-01|          7|
 4|   4.200E+02|                 Infinity|   3.0151134457776363E-01|         11|
 4|   4.300E+02|                 Infinity|   3.5355339059327373E-01|          8|
 4|   4.400E+02|                 Infinity|   4.4721359549995793E-01|          5|
 4|   4.500E+02|                 Infinity|   5.0000000000000000E-01|          4|
 4|   4.600E+02|                 Infinity|   4.0824829046386307E-01|          6|
 4|   4.700E+02|                 Infinity|   5.0000000000000000E-01|          4|
 4|   4.800E+02|                 Infinity|   5.7735026918962584E-01|          3|
 4|   4.900E+02|                 Infinity|   7.0710678118654746E-01|          2|
# integrated result:   1.6000832533660550E-08
#
# Histogram 5: dy(j1,j2)                                         
 5|  -5.000E+00|                 Infinity|   1.1111111111111110E-01|         81|
 5|  -4.800E+00|                 Infinity|   8.6710996952411995E-02|        133|
 5|  -4.600E+00|                 Infinity|   7.5809804357890337E-02|        174|
 5|  -4.400E+00|                 Infinity|   6.9006555934235422E-02|        210|
 5|  -4.200E+00|                 Infinity|   7.1795815861773818E-02|        194|
 5|  -4.000E+00|                 Infinity|   6.1662641597820735E-02|        263|
 5|  -3.800E+00|                 Infinity|   6.3500063500095252E-02|        248|
 5|  -3.600E+00|                 Infinity|   6.2378286155180533E-02|        257|
 5|  -3.400E+00|                 Infinity|   5.6704797712374272E-02|        311|
 5|  -3.200E+00|                 Infinity|   4.8168305085908802E-02|        431|
 5|  -3.000E+00|                 Infinity|   4.0258484111423729E-02|        617|
 5|  -2.800E+00|                 Infinity|   3.3557802760701215E-02|        888|
 5|  -2.600E+00|                 Infinity|   3.4099716973523674E-02|        860|
 5|  -2.400E+00|                 Infinity|   3.8924947208076148E-02|        660|
 5|  -2.200E+00|                 Infinity|   3.4219295541457743E-02|        854|
 5|  -2.000E+00|                 Infinity|   2.8398091712353239E-02|       1240|
 5|  -1.800E+00|                 Infinity|   2.8771766882421800E-02|       1208|
 5|  -1.600E+00|                 Infinity|   3.1204323970714827E-02|       1027|
 5|  -1.400E+00|                 Infinity|   3.2495633692564134E-02|        947|
 5|  -1.200E+00|                 Infinity|   3.4319911152729012E-02|        849|
 5|  -1.000E+00|                 Infinity|   3.3370432213299994E-02|        898|
 5|  -8.000E-01|                 Infinity|   3.2141217326661253E-02|        968|
 5|  -6.000E-01|                 Infinity|   2.1733995409215570E-02|       2117|
 5|  -4.000E-01|                 Infinity|   1.9932344846421823E-02|       2517|
 5|  -2.000E-01|                 Infinity|   2.7420424855354085E-02|       1330|
 5|   0.000E+00|                 Infinity|   3.5355339059327376E-02|        800|
 5|   2.000E-01|                 Infinity|   3.4647946433761852E-02|        833|
 5|   4.000E-01|                 Infinity|   3.1622776601683791E-02|       1000|
 5|   6.000E-01|                 Infinity|   3.8291979053374177E-02|        682|
 5|   8.000E-01|                 Infinity|   3.7397879600338288E-02|        715|
 5|   1.000E+00|                 Infinity|   3.9344473768231684E-02|        646|
 5|   1.200E+00|                 Infinity|   4.0000000000000001E-02|        625|
 5|   1.400E+00|                 Infinity|   3.9621442587516369E-02|        637|
 5|   1.600E+00|                 Infinity|   3.4815531191139566E-02|        825|
 5|   1.800E+00|                 Infinity|   3.3040930022754489E-02|        916|
 5|   2.000E+00|                 Infinity|   3.5851736969103737E-02|        778|
 5|   2.200E+00|                 Infinity|   4.4237395520380883E-02|        511|
 5|   2.400E+00|                 Infinity|   5.2851642258168990E-02|        358|
 5|   2.600E+00|                 Infinity|   6.2378286155180533E-02|        257|
 5|   2.800E+00|                 Infinity|   8.7370405666103795E-02|        131|
 5|   3.000E+00|                 Infinity|   9.2450032704204849E-02|        117|
 5|   3.200E+00|                 Infinity|   8.2199493652678646E-02|        148|
 5|   3.400E+00|                 Infinity|   8.6386842558136015E-02|        134|
 5|   3.600E+00|                 Infinity|   8.8735650941611385E-02|        127|
 5|   3.800E+00|                 Infinity|   1.0000000000000001E-01|        100|
 5|   4.000E+00|                 Infinity|   1.1952286093343936E-01|         70|
 5|   4.200E+00|                 Infinity|   2.2941573387056174E-01|         19|
 5|   4.400E+00|                 Infinity|   3.0151134457776363E-01|         11|
 5|   4.600E+00|                 Infinity|   3.3333333333333331E-01|          9|
 5|   4.800E+00|                 Infinity|   5.7735026918962584E-01|          3|
# integrated result:   1.6000832533660553E-08
#
# Histogram 6: mz1                                               
 6|   0.000E+00|                      NaN|   0.0000000000000000E+00|          0|
 6|   2.000E+00|                      NaN|   0.0000000000000000E+00|          0|
 6|   4.000E+00|                 Infinity|   9.6750537360023679E-03|      10683|
 6|   6.000E+00|                 Infinity|   4.0096346988231273E-02|        622|
 6|   8.000E+00|                 Infinity|   1.8154831053289931E-02|       3034|
 6|   1.000E+01|                 Infinity|   4.4992127066584751E-02|        494|
 6|   1.200E+01|                 Infinity|   3.3961780540566221E-02|        867|
 6|   1.400E+01|                 Infinity|   2.9501220638256383E-02|       1149|
 6|   1.600E+01|                 Infinity|   6.3500063500095252E-02|        248|
 6|   1.800E+01|                 Infinity|   9.2847669088525930E-02|        116|
 6|   2.000E+01|                 Infinity|   9.6673648904566353E-02|        107|
 6|   2.200E+01|                 Infinity|   1.0540925533894598E-01|         90|
 6|   2.400E+01|                 Infinity|   1.5430334996209191E-01|         42|
 6|   2.600E+01|                 Infinity|   1.3245323570650439E-01|         57|
 6|   2.800E+01|                 Infinity|   1.3608276348795434E-01|         54|
 6|   3.000E+01|                 Infinity|   1.9245008972987526E-01|         27|
 6|   3.200E+01|                 Infinity|   2.0412414523193154E-01|         24|
 6|   3.400E+01|                 Infinity|   1.7149858514250882E-01|         34|
 6|   3.600E+01|                 Infinity|   1.8569533817705186E-01|         29|
 6|   3.800E+01|                 Infinity|   1.8569533817705186E-01|         29|
 6|   4.000E+01|                 Infinity|   1.7677669529663687E-01|         32|
 6|   4.200E+01|                 Infinity|   2.4253562503633297E-01|         17|
 6|   4.400E+01|                 Infinity|   1.7960530202677491E-01|         31|
 6|   4.600E+01|                 Infinity|   1.5249857033260467E-01|         43|
 6|   4.800E+01|                 Infinity|   1.6439898730535729E-01|         37|
 6|   5.000E+01|                 Infinity|   1.7960530202677491E-01|         31|
 6|   5.200E+01|                 Infinity|   1.6222142113076254E-01|         38|
 6|   5.400E+01|                 Infinity|   1.6222142113076254E-01|         38|
 6|   5.600E+01|                 Infinity|   1.3736056394868904E-01|         53|
 6|   5.800E+01|                 Infinity|   1.1867816581938533E-01|         71|
 6|   6.000E+01|                 Infinity|   1.6222142113076254E-01|         38|
 6|   6.200E+01|                 Infinity|   2.3570226039551587E-01|         18|
 6|   6.400E+01|                 Infinity|   2.3570226039551587E-01|         18|
 6|   6.600E+01|                 Infinity|   1.6903085094570330E-01|         35|
 6|   6.800E+01|                 Infinity|   1.7407765595569785E-01|         33|
 6|   7.000E+01|                 Infinity|   1.6903085094570330E-01|         35|
 6|   7.200E+01|                 Infinity|   2.0412414523193154E-01|         24|
 6|   7.400E+01|                 Infinity|   2.7735009811261457E-01|         13|
 6|   7.600E+01|                 Infinity|   2.0412414523193154E-01|         24|
 6|   7.800E+01|                 Infinity|   2.0851441405707477E-01|         23|
 6|   8.000E+01|                 Infinity|   1.3130643285972254E-01|         58|
 6|   8.200E+01|                 Infinity|   1.0846522890932808E-01|         85|
 6|   8.400E+01|                 Infinity|   4.1666666666666664E-02|        576|
 6|   8.600E+01|                 Infinity|   3.6393726262341948E-02|        755|
 6|   8.800E+01|                 Infinity|   2.4648192922358196E-02|       1646|
 6|   9.000E+01|                 Infinity|   1.4501894433698684E-02|       4755|
 6|   9.200E+01|                 Infinity|   2.3331648330687904E-02|       1837|
 6|   9.400E+01|                 Infinity|   2.7820744203732862E-02|       1292|
 6|   9.600E+01|                 Infinity|   1.1867816581938533E-01|         71|
 6|   9.800E+01|                 Infinity|   1.2598815766974239E-01|         63|
 6|   1.000E+02|                 Infinity|   9.1669849702821132E-02|        119|
 6|   1.020E+02|                 Infinity|   9.9014754297667443E-02|        102|
 6|   1.040E+02|                 Infinity|   1.4002800840280097E-01|         51|
 6|   1.060E+02|                 Infinity|   1.8257418583505536E-01|         30|
 6|   1.080E+02|                 Infinity|   2.0000000000000001E-01|         25|
 6|   1.100E+02|                 Infinity|   2.8867513459481292E-01|         12|
 6|   1.120E+02|                 Infinity|   3.0151134457776363E-01|         11|
 6|   1.140E+02|                 Infinity|   3.7796447300922720E-01|          7|
 6|   1.160E+02|                 Infinity|   5.0000000000000000E-01|          4|
 6|   1.180E+02|                      NaN|   0.0000000000000000E+00|          0|
 6|   1.200E+02|                      NaN|   0.0000000000000000E+00|          0|
 6|   1.220E+02|                      NaN|   0.0000000000000000E+00|          0|
 6|   1.240E+02|                      NaN|   0.0000000000000000E+00|          0|
 6|   1.260E+02|                      NaN|   0.0000000000000000E+00|          0|
 6|   1.280E+02|                      NaN|   0.0000000000000000E+00|          0|
 6|   1.300E+02|                      NaN|   0.0000000000000000E+00|          0|
 6|   1.320E+02|                      NaN|   0.0000000000000000E+00|          0|
 6|   1.340E+02|                      NaN|   0.0000000000000000E+00|          0|
 6|   1.360E+02|                      NaN|   0.0000000000000000E+00|          0|
 6|   1.380E+02|                      NaN|   0.0000000000000000E+00|          0|
 6|   1.400E+02|                      NaN|   0.0000000000000000E+00|          0|
 6|   1.420E+02|                      NaN|   0.0000000000000000E+00|          0|
 6|   1.440E+02|                      NaN|   0.0000000000000000E+00|          0|
 6|   1.460E+02|                      NaN|   0.0000000000000000E+00|          0|
 6|   1.480E+02|                      NaN|   0.0000000000000000E+00|          0|
 6|   1.500E+02|                      NaN|   0.0000000000000000E+00|          0|
 6|   1.520E+02|                      NaN|   0.0000000000000000E+00|          0|
 6|   1.540E+02|                      NaN|   0.0000000000000000E+00|          0|
 6|   1.560E+02|                      NaN|   0.0000000000000000E+00|          0|
 6|   1.580E+02|                      NaN|   0.0000000000000000E+00|          0|
 6|   1.600E+02|                      NaN|   0.0000000000000000E+00|          0|
 6|   1.620E+02|                      NaN|   0.0000000000000000E+00|          0|
 6|   1.640E+02|                      NaN|   0.0000000000000000E+00|          0|
 6|   1.660E+02|                      NaN|   0.0000000000000000E+00|          0|
 6|   1.680E+02|                      NaN|   0.0000000000000000E+00|          0|
 6|   1.700E+02|                      NaN|   0.0000000000000000E+00|          0|
 6|   1.720E+02|                      NaN|   0.0000000000000000E+00|          0|
 6|   1.740E+02|                      NaN|   0.0000000000000000E+00|          0|
 6|   1.760E+02|                      NaN|   0.0000000000000000E+00|          0|
 6|   1.780E+02|                      NaN|   0.0000000000000000E+00|          0|
 6|   1.800E+02|                      NaN|   0.0000000000000000E+00|          0|
 6|   1.820E+02|                      NaN|   0.0000000000000000E+00|          0|
 6|   1.840E+02|                      NaN|   0.0000000000000000E+00|          0|
 6|   1.860E+02|                      NaN|   0.0000000000000000E+00|          0|
 6|   1.880E+02|                      NaN|   0.0000000000000000E+00|          0|
 6|   1.900E+02|                      NaN|   0.0000000000000000E+00|          0|
 6|   1.920E+02|                      NaN|   0.0000000000000000E+00|          0|
 6|   1.940E+02|                      NaN|   0.0000000000000000E+00|          0|
 6|   1.960E+02|                      NaN|   0.0000000000000000E+00|          0|
 6|   1.980E+02|                      NaN|   0.0000000000000000E+00|          0|
# integrated result:   1.6000832533660560E-08
#
# Histogram 7: mz2                                               
 7|   0.000E+00|                      NaN|   0.0000000000000000E+00|          0|
 7|   2.000E+00|                      NaN|   0.0000000000000000E+00|          0|
 7|   4.000E+00|                 Infinity|   2.9840776634222691E-02|       1123|
 7|   6.000E+00|                 Infinity|   3.7877700953928513E-02|        697|
 7|   8.000E+00|                 Infinity|   4.8450158311150918E-02|        426|
 7|   1.000E+01|                 Infinity|   3.9872611141444997E-02|        629|
 7|   1.200E+01|                 Infinity|   4.7727395990334764E-02|        439|
 7|   1.400E+01|                 Infinity|   4.4324220717793628E-02|        509|
 7|   1.600E+01|                 Infinity|   3.6810508691615514E-02|        738|
 7|   1.800E+01|                 Infinity|   4.4280744277004763E-02|        510|
 7|   2.000E+01|                 Infinity|   4.5548751867427691E-02|        482|
 7|   2.200E+01|                 Infinity|   5.0832856777534893E-02|        387|
 7|   2.400E+01|                 Infinity|   3.9590379123244791E-02|        638|
 7|   2.600E+01|                 Infinity|   2.9934217004462482E-02|       1116|
 7|   2.800E+01|                 Infinity|   2.3836564731139809E-02|       1760|
 7|   3.000E+01|                 Infinity|   3.3709993123162106E-02|        880|
 7|   3.200E+01|                 Infinity|   3.4503277967117711E-02|        840|
 7|   3.400E+01|                 Infinity|   5.0507627227610534E-02|        392|
 7|   3.600E+01|                 Infinity|   8.3624201000709081E-02|        143|
 7|   3.800E+01|                 Infinity|   8.8735650941611385E-02|        127|
 7|   4.000E+01|                 Infinity|   1.4586499149789456E-01|         47|
 7|   4.200E+01|                 Infinity|   1.6666666666666666E-01|         36|
 7|   4.400E+01|                 Infinity|   1.6666666666666666E-01|         36|
 7|   4.600E+01|                 Infinity|   1.6012815380508713E-01|         39|
 7|   4.800E+01|                 Infinity|   1.5430334996209191E-01|         42|
 7|   5.000E+01|                 Infinity|   1.7149858514250882E-01|         34|
 7|   5.200E+01|                 Infinity|   1.6903085094570330E-01|         35|
 7|   5.400E+01|                 Infinity|   1.6439898730535729E-01|         37|
 7|   5.600E+01|                 Infinity|   1.4907119849998599E-01|         45|
 7|   5.800E+01|                 Infinity|   1.5075567228888181E-01|         44|
 7|   6.000E+01|                 Infinity|   1.5249857033260467E-01|         43|
 7|   6.200E+01|                 Infinity|   1.3867504905630729E-01|         52|
 7|   6.400E+01|                 Infinity|   1.4285714285714285E-01|         49|
 7|   6.600E+01|                 Infinity|   1.1704114719613057E-01|         73|
 7|   6.800E+01|                 Infinity|   9.7128586235726413E-02|        106|
 7|   7.000E+01|                 Infinity|   7.5809804357890337E-02|        174|
 7|   7.200E+01|                 Infinity|   6.6666666666666666E-02|        225|
 7|   7.400E+01|                 Infinity|   5.6888012398857428E-02|        309|
 7|   7.600E+01|                 Infinity|   3.8096965887972963E-02|        689|
 7|   7.800E+01|                 Infinity|   3.2444284226152510E-02|        950|
 7|   8.000E+01|                 Infinity|   5.3760333057047034E-02|        346|
 7|   8.200E+01|                 Infinity|   4.3033148291193521E-02|        540|
 7|   8.400E+01|                 Infinity|   4.6524210519923545E-02|        462|
 7|   8.600E+01|                 Infinity|   2.6297584151910851E-02|       1446|
 7|   8.800E+01|                 Infinity|   1.9668431441216497E-02|       2585|
 7|   9.000E+01|                 Infinity|   1.3751633103402302E-02|       5288|
 7|   9.200E+01|                 Infinity|   1.9017456528224098E-02|       2765|
 7|   9.400E+01|                 Infinity|   6.5512178208041838E-02|        233|
 7|   9.600E+01|                 Infinity|   4.0258484111423729E-02|        617|
 7|   9.800E+01|                 Infinity|   5.7735026918962568E-02|        300|
 7|   1.000E+02|                 Infinity|   9.2847669088525930E-02|        116|
 7|   1.020E+02|                 Infinity|   1.1043152607484653E-01|         82|
 7|   1.040E+02|                 Infinity|   1.1785113019775793E-01|         72|
 7|   1.060E+02|                 Infinity|   1.6012815380508713E-01|         39|
 7|   1.080E+02|                 Infinity|   1.7960530202677491E-01|         31|
 7|   1.100E+02|                 Infinity|   2.3570226039551587E-01|         18|
 7|   1.120E+02|                 Infinity|   3.3333333333333331E-01|          9|
 7|   1.140E+02|                 Infinity|   5.0000000000000000E-01|          4|
 7|   1.160E+02|                 Infinity|   7.0710678118654746E-01|          2|
 7|   1.180E+02|                 Infinity|   1.0000000000000000E+00|          1|
 7|   1.200E+02|                      NaN|   0.0000000000000000E+00|          0|
 7|   1.220E+02|                      NaN|   0.0000000000000000E+00|          0|
 7|   1.240E+02|                      NaN|   0.0000000000000000E+00|          0|
 7|   1.260E+02|                      NaN|   0.0000000000000000E+00|          0|
 7|   1.280E+02|                      NaN|   0.0000000000000000E+00|          0|
 7|   1.300E+02|                      NaN|   0.0000000000000000E+00|          0|
 7|   1.320E+02|                      NaN|   0.0000000000000000E+00|          0|
 7|   1.340E+02|                      NaN|   0.0000000000000000E+00|          0|
 7|   1.360E+02|                      NaN|   0.0000000000000000E+00|          0|
 7|   1.380E+02|                      NaN|   0.0000000000000000E+00|          0|
 7|   1.400E+02|                      NaN|   0.0000000000000000E+00|          0|
 7|   1.420E+02|                      NaN|   0.0000000000000000E+00|          0|
 7|   1.440E+02|                      NaN|   0.0000000000000000E+00|          0|
 7|   1.460E+02|                      NaN|   0.0000000000000000E+00|          0|
 7|   1.480E+02|                      NaN|   0.0000000000000000E+00|          0|
 7|   1.500E+02|                      NaN|   0.0000000000000000E+00|          0|
 7|   1.520E+02|                      NaN|   0.0000000000000000E+00|          0|
 7|   1.540E+02|                      NaN|   0.0000000000000000E+00|          0|
 7|   1.560E+02|                      NaN|   0.0000000000000000E+00|          0|
 7|   1.580E+02|                      NaN|   0.0000000000000000E+00|          0|
 7|   1.600E+02|                      NaN|   0.0000000000000000E+00|          0|
 7|   1.620E+02|                      NaN|   0.0000000000000000E+00|          0|
 7|   1.640E+02|                      NaN|   0.0000000000000000E+00|          0|
 7|   1.660E+02|                      NaN|   0.0000000000000000E+00|          0|
 7|   1.680E+02|                      NaN|   0.0000000000000000E+00|          0|
 7|   1.700E+02|                      NaN|   0.0000000000000000E+00|          0|
 7|   1.720E+02|                      NaN|   0.0000000000000000E+00|          0|
 7|   1.740E+02|                      NaN|   0.0000000000000000E+00|          0|
 7|   1.760E+02|                      NaN|   0.0000000000000000E+00|          0|
 7|   1.780E+02|                      NaN|   0.0000000000000000E+00|          0|
 7|   1.800E+02|                      NaN|   0.0000000000000000E+00|          0|
 7|   1.820E+02|                      NaN|   0.0000000000000000E+00|          0|
 7|   1.840E+02|                      NaN|   0.0000000000000000E+00|          0|
 7|   1.860E+02|                      NaN|   0.0000000000000000E+00|          0|
 7|   1.880E+02|                      NaN|   0.0000000000000000E+00|          0|
 7|   1.900E+02|                      NaN|   0.0000000000000000E+00|          0|
 7|   1.920E+02|                      NaN|   0.0000000000000000E+00|          0|
 7|   1.940E+02|                      NaN|   0.0000000000000000E+00|          0|
 7|   1.960E+02|                      NaN|   0.0000000000000000E+00|          0|
 7|   1.980E+02|                      NaN|   0.0000000000000000E+00|          0|
# integrated result:   1.6000832533660553E-08
#
# Histogram 8: m_4l                                              
 8|   1.000E+02|                 Infinity|   5.7873122621831460E-03|      29857|
 8|   1.400E+02|                      NaN|   0.0000000000000000E+00|          0|
 8|   1.800E+02|                      NaN|   0.0000000000000000E+00|          0|
 8|   2.200E+02|                      NaN|   0.0000000000000000E+00|          0|
 8|   2.600E+02|                      NaN|   0.0000000000000000E+00|          0|
 8|   3.000E+02|                      NaN|   0.0000000000000000E+00|          0|
 8|   3.400E+02|                      NaN|   0.0000000000000000E+00|          0|
 8|   3.800E+02|                      NaN|   0.0000000000000000E+00|          0|
 8|   4.200E+02|                      NaN|   0.0000000000000000E+00|          0|
 8|   4.600E+02|                      NaN|   0.0000000000000000E+00|          0|
 8|   5.000E+02|                      NaN|   0.0000000000000000E+00|          0|
 8|   5.400E+02|                      NaN|   0.0000000000000000E+00|          0|
 8|   5.800E+02|                      NaN|   0.0000000000000000E+00|          0|
 8|   6.200E+02|                      NaN|   0.0000000000000000E+00|          0|
 8|   6.600E+02|                      NaN|   0.0000000000000000E+00|          0|
 8|   7.000E+02|                      NaN|   0.0000000000000000E+00|          0|
 8|   7.400E+02|                      NaN|   0.0000000000000000E+00|          0|
 8|   7.800E+02|                      NaN|   0.0000000000000000E+00|          0|
 8|   8.200E+02|                      NaN|   0.0000000000000000E+00|          0|
 8|   8.600E+02|                      NaN|   0.0000000000000000E+00|          0|
 8|   9.000E+02|                      NaN|   0.0000000000000000E+00|          0|
 8|   9.400E+02|                      NaN|   0.0000000000000000E+00|          0|
 8|   9.800E+02|                      NaN|   0.0000000000000000E+00|          0|
 8|   1.020E+03|                      NaN|   0.0000000000000000E+00|          0|
 8|   1.060E+03|                      NaN|   0.0000000000000000E+00|          0|
 8|   1.100E+03|                      NaN|   0.0000000000000000E+00|          0|
 8|   1.140E+03|                      NaN|   0.0000000000000000E+00|          0|
 8|   1.180E+03|                      NaN|   0.0000000000000000E+00|          0|
 8|   1.220E+03|                      NaN|   0.0000000000000000E+00|          0|
 8|   1.260E+03|                      NaN|   0.0000000000000000E+00|          0|
 8|   1.300E+03|                      NaN|   0.0000000000000000E+00|          0|
 8|   1.340E+03|                      NaN|   0.0000000000000000E+00|          0|
 8|   1.380E+03|                      NaN|   0.0000000000000000E+00|          0|
 8|   1.420E+03|                      NaN|   0.0000000000000000E+00|          0|
 8|   1.460E+03|                      NaN|   0.0000000000000000E+00|          0|
 8|   1.500E+03|                      NaN|   0.0000000000000000E+00|          0|
 8|   1.540E+03|                      NaN|   0.0000000000000000E+00|          0|
 8|   1.580E+03|                      NaN|   0.0000000000000000E+00|          0|
 8|   1.620E+03|                      NaN|   0.0000000000000000E+00|          0|
 8|   1.660E+03|                      NaN|   0.0000000000000000E+00|          0|
 8|   1.700E+03|                      NaN|   0.0000000000000000E+00|          0|
 8|   1.740E+03|                      NaN|   0.0000000000000000E+00|          0|
 8|   1.780E+03|                      NaN|   0.0000000000000000E+00|          0|
 8|   1.820E+03|                      NaN|   0.0000000000000000E+00|          0|
 8|   1.860E+03|                      NaN|   0.0000000000000000E+00|          0|
 8|   1.900E+03|                      NaN|   0.0000000000000000E+00|          0|
 8|   1.940E+03|                      NaN|   0.0000000000000000E+00|          0|
 8|   1.980E+03|                      NaN|   0.0000000000000000E+00|          0|
 8|   2.020E+03|                      NaN|   0.0000000000000000E+00|          0|
 8|   2.060E+03|                      NaN|   0.0000000000000000E+00|          0|
 8|   2.100E+03|                      NaN|   0.0000000000000000E+00|          0|
 8|   2.140E+03|                      NaN|   0.0000000000000000E+00|          0|
 8|   2.180E+03|                      NaN|   0.0000000000000000E+00|          0|
 8|   2.220E+03|                      NaN|   0.0000000000000000E+00|          0|
 8|   2.260E+03|                      NaN|   0.0000000000000000E+00|          0|
 8|   2.300E+03|                      NaN|   0.0000000000000000E+00|          0|
 8|   2.340E+03|                      NaN|   0.0000000000000000E+00|          0|
 8|   2.380E+03|                      NaN|   0.0000000000000000E+00|          0|
 8|   2.420E+03|                      NaN|   0.0000000000000000E+00|          0|
 8|   2.460E+03|                      NaN|   0.0000000000000000E+00|          0|
 8|   2.500E+03|                      NaN|   0.0000000000000000E+00|          0|
 8|   2.540E+03|                      NaN|   0.0000000000000000E+00|          0|
 8|   2.580E+03|                      NaN|   0.0000000000000000E+00|          0|
 8|   2.620E+03|                      NaN|   0.0000000000000000E+00|          0|
 8|   2.660E+03|                      NaN|   0.0000000000000000E+00|          0|
 8|   2.700E+03|                      NaN|   0.0000000000000000E+00|          0|
 8|   2.740E+03|                      NaN|   0.0000000000000000E+00|          0|
 8|   2.780E+03|                      NaN|   0.0000000000000000E+00|          0|
 8|   2.820E+03|                      NaN|   0.0000000000000000E+00|          0|
 8|   2.860E+03|                      NaN|   0.0000000000000000E+00|          0|
 8|   2.900E+03|                      NaN|   0.0000000000000000E+00|          0|
 8|   2.940E+03|                      NaN|   0.0000000000000000E+00|          0|
 8|   2.980E+03|                      NaN|   0.0000000000000000E+00|          0|
 8|   3.020E+03|                      NaN|   0.0000000000000000E+00|          0|
 8|   3.060E+03|                      NaN|   0.0000000000000000E+00|          0|
 8|   3.100E+03|                      NaN|   0.0000000000000000E+00|          0|
 8|   3.140E+03|                      NaN|   0.0000000000000000E+00|          0|
 8|   3.180E+03|                      NaN|   0.0000000000000000E+00|          0|
 8|   3.220E+03|                      NaN|   0.0000000000000000E+00|          0|
 8|   3.260E+03|                      NaN|   0.0000000000000000E+00|          0|
 8|   3.300E+03|                      NaN|   0.0000000000000000E+00|          0|
 8|   3.340E+03|                      NaN|   0.0000000000000000E+00|          0|
 8|   3.380E+03|                      NaN|   0.0000000000000000E+00|          0|
 8|   3.420E+03|                      NaN|   0.0000000000000000E+00|          0|
 8|   3.460E+03|                      NaN|   0.0000000000000000E+00|          0|
 8|   3.500E+03|                      NaN|   0.0000000000000000E+00|          0|
 8|   3.540E+03|                      NaN|   0.0000000000000000E+00|          0|
 8|   3.580E+03|                      NaN|   0.0000000000000000E+00|          0|
 8|   3.620E+03|                      NaN|   0.0000000000000000E+00|          0|
 8|   3.660E+03|                      NaN|   0.0000000000000000E+00|          0|
 8|   3.700E+03|                      NaN|   0.0000000000000000E+00|          0|
 8|   3.740E+03|                      NaN|   0.0000000000000000E+00|          0|
 8|   3.780E+03|                      NaN|   0.0000000000000000E+00|          0|
 8|   3.820E+03|                      NaN|   0.0000000000000000E+00|          0|
 8|   3.860E+03|                      NaN|   0.0000000000000000E+00|          0|
 8|   3.900E+03|                      NaN|   0.0000000000000000E+00|          0|
 8|   3.940E+03|                      NaN|   0.0000000000000000E+00|          0|
 8|   3.980E+03|                      NaN|   0.0000000000000000E+00|          0|
 8|   4.020E+03|                      NaN|   0.0000000000000000E+00|          0|
 8|   4.060E+03|                      NaN|   0.0000000000000000E+00|          0|
# integrated result:   1.6000832533660471E-08
#
# Histogram 9: m_4l                                              
 9|   8.500E+01|                      NaN|   0.0000000000000000E+00|          0|
 9|   8.600E+01|                      NaN|   0.0000000000000000E+00|          0|
 9|   8.700E+01|                      NaN|   0.0000000000000000E+00|          0|
 9|   8.800E+01|                      NaN|   0.0000000000000000E+00|          0|
 9|   8.900E+01|                      NaN|   0.0000000000000000E+00|          0|
 9|   9.000E+01|                      NaN|   0.0000000000000000E+00|          0|
 9|   9.100E+01|                      NaN|   0.0000000000000000E+00|          0|
 9|   9.200E+01|                      NaN|   0.0000000000000000E+00|          0|
 9|   9.300E+01|                      NaN|   0.0000000000000000E+00|          0|
 9|   9.400E+01|                      NaN|   0.0000000000000000E+00|          0|
 9|   9.500E+01|                      NaN|   0.0000000000000000E+00|          0|
 9|   9.600E+01|                      NaN|   0.0000000000000000E+00|          0|
 9|   9.700E+01|                      NaN|   0.0000000000000000E+00|          0|
 9|   9.800E+01|                      NaN|   0.0000000000000000E+00|          0|
 9|   9.900E+01|                      NaN|   0.0000000000000000E+00|          0|
 9|   1.000E+02|                      NaN|   0.0000000000000000E+00|          0|
 9|   1.010E+02|                      NaN|   0.0000000000000000E+00|          0|
 9|   1.020E+02|                      NaN|   0.0000000000000000E+00|          0|
 9|   1.030E+02|                      NaN|   0.0000000000000000E+00|          0|
 9|   1.040E+02|                      NaN|   0.0000000000000000E+00|          0|
 9|   1.050E+02|                      NaN|   0.0000000000000000E+00|          0|
 9|   1.060E+02|                      NaN|   0.0000000000000000E+00|          0|
 9|   1.070E+02|                      NaN|   0.0000000000000000E+00|          0|
 9|   1.080E+02|                      NaN|   0.0000000000000000E+00|          0|
 9|   1.090E+02|                      NaN|   0.0000000000000000E+00|          0|
 9|   1.100E+02|                      NaN|   0.0000000000000000E+00|          0|
 9|   1.110E+02|                      NaN|   0.0000000000000000E+00|          0|
 9|   1.120E+02|                      NaN|   0.0000000000000000E+00|          0|
 9|   1.130E+02|                      NaN|   0.0000000000000000E+00|          0|
 9|   1.140E+02|                      NaN|   0.0000000000000000E+00|          0|
 9|   1.150E+02|                      NaN|   0.0000000000000000E+00|          0|
 9|   1.160E+02|                      NaN|   0.0000000000000000E+00|          0|
 9|   1.170E+02|                      NaN|   0.0000000000000000E+00|          0|
 9|   1.180E+02|                      NaN|   0.0000000000000000E+00|          0|
 9|   1.190E+02|                      NaN|   0.0000000000000000E+00|          0|
 9|   1.200E+02|                      NaN|   0.0000000000000000E+00|          0|
 9|   1.210E+02|                      NaN|   0.0000000000000000E+00|          0|
 9|   1.220E+02|                      NaN|   0.0000000000000000E+00|          0|
 9|   1.230E+02|                      NaN|   0.0000000000000000E+00|          0|
 9|   1.240E+02|                 Infinity|   7.5143378854412848E-03|      17710|
 9|   1.250E+02|                 Infinity|   9.0733044627293521E-03|      12147|
 9|   1.260E+02|                      NaN|   0.0000000000000000E+00|          0|
 9|   1.270E+02|                      NaN|   0.0000000000000000E+00|          0|
 9|   1.280E+02|                      NaN|   0.0000000000000000E+00|          0|
 9|   1.290E+02|                      NaN|   0.0000000000000000E+00|          0|
 9|   1.300E+02|                      NaN|   0.0000000000000000E+00|          0|
 9|   1.310E+02|                      NaN|   0.0000000000000000E+00|          0|
 9|   1.320E+02|                      NaN|   0.0000000000000000E+00|          0|
 9|   1.330E+02|                      NaN|   0.0000000000000000E+00|          0|
 9|   1.340E+02|                      NaN|   0.0000000000000000E+00|          0|
# integrated result:   1.6000832533660494E-08
#
# Histogram10: Phi1                                              
10|  -3.142E+00|                 Infinity|   3.7113480951260276E-02|        726|
10|  -2.985E+00|                 Infinity|   3.7555788309433985E-02|        709|
10|  -2.827E+00|                 Infinity|   3.6155076303109365E-02|        765|
10|  -2.670E+00|                 Infinity|   3.3370432213299994E-02|        898|
10|  -2.513E+00|                 Infinity|   2.9974532466509034E-02|       1113|
10|  -2.356E+00|                 Infinity|   2.8771766882421800E-02|       1208|
10|  -2.199E+00|                 Infinity|   3.0570892025787156E-02|       1070|
10|  -2.042E+00|                 Infinity|   3.1960138605029657E-02|        979|
10|  -1.885E+00|                 Infinity|   3.2258064516129031E-02|        961|
10|  -1.728E+00|                 Infinity|   3.3222774709254770E-02|        906|
10|  -1.571E+00|                 Infinity|   3.6661778755338326E-02|        744|
10|  -1.414E+00|                 Infinity|   3.8320083261967369E-02|        681|
10|  -1.257E+00|                 Infinity|   4.0588747923409947E-02|        607|
10|  -1.100E+00|                 Infinity|   3.9968038348871575E-02|        626|
10|  -9.425E-01|                 Infinity|   4.1922180815031851E-02|        569|
10|  -7.854E-01|                 Infinity|   4.1702882811414953E-02|        575|
10|  -6.283E-01|                 Infinity|   4.2257712736425826E-02|        560|
10|  -4.713E-01|                 Infinity|   4.3602072019694738E-02|        526|
10|  -3.142E-01|                 Infinity|   4.7140452079103168E-02|        450|
10|  -1.571E-01|                 Infinity|   5.1502620262460476E-02|        377|
10|  -3.000E-05|                 Infinity|   5.1231551957855996E-02|        381|
10|   1.570E-01|                 Infinity|   4.7565149415449405E-02|        442|
10|   3.141E-01|                 Infinity|   4.6423834544262965E-02|        464|
10|   4.712E-01|                 Infinity|   4.4587796206770981E-02|        503|
10|   6.283E-01|                 Infinity|   4.3233770116711694E-02|        535|
10|   7.854E-01|                 Infinity|   4.5314325442944378E-02|        487|
10|   9.424E-01|                 Infinity|   4.0756957296961119E-02|        602|
10|   1.100E+00|                 Infinity|   3.9590379123244791E-02|        638|
10|   1.257E+00|                 Infinity|   3.7688918072220454E-02|        704|
10|   1.414E+00|                 Infinity|   3.4794450031961049E-02|        826|
10|   1.571E+00|                 Infinity|   3.2376195411908802E-02|        954|
10|   1.728E+00|                 Infinity|   3.1419211180334743E-02|       1013|
10|   1.885E+00|                 Infinity|   3.1173984319427479E-02|       1029|
10|   2.042E+00|                 Infinity|   2.9012942659282972E-02|       1188|
10|   2.199E+00|                 Infinity|   2.7983662310423867E-02|       1277|
10|   2.356E+00|                 Infinity|   3.3022909334191324E-02|        917|
10|   2.513E+00|                 Infinity|   3.6810508691615514E-02|        738|
10|   2.670E+00|                 Infinity|   3.8662233651352955E-02|        669|
10|   2.827E+00|                 Infinity|   3.6178730264621081E-02|        764|
10|   2.984E+00|                 Infinity|   3.8461538461538464E-02|        676|
# integrated result:   1.6000832533660553E-08
#
